1 0.453849 0.183211 0.0536978 0.0464584 0.895486
1 0.717004 0.161065 0.0393274 0.0444419 0.892092
2 0.577223 0.272339 0.0527864 0.0430613 0.888854
1 0.453278 0.0933146 0.053234 0.0405287 0.887549
2 0.456237 0.275024 0.0553296 0.044572 0.885738
2 0.698318 0.40129 0.0225491 0.0413929 0.883545
2 0.580231 0.362051 0.0515427 0.0455043 0.883503
2 0.662217 0.402896 0.0495182 0.0429629 0.882727
1 0.453333 0.13716 0.05387 0.0442574 0.882571
1 0.572813 0.141375 0.0533323 0.0435522 0.881939
2 0.658866 0.273854 0.0502611 0.0427798 0.881922
1 0.314373 0.280908 0.034575 0.0511386 0.88101
2 0.537227 0.316859 0.0304463 0.0427598 0.880336
2 0.383401 0.276902 0.0319264 0.0449684 0.87928
2 0.535024 0.272814 0.0323912 0.042567 0.879197
1 0.574132 0.184498 0.0530708 0.0446174 0.878196
1 0.497766 0.18311 0.0331279 0.0459414 0.877993
1 0.348612 0.277715 0.0335703 0.0502669 0.877835
2 0.501885 0.273639 0.0339972 0.0429043 0.877549
2 0.66039 0.317091 0.0500898 0.0423253 0.876866
2 0.724998 0.318598 0.0381023 0.041515 0.875889
2 0.457614 0.321585 0.05613 0.0464396 0.874737
2 0.575522 0.2291 0.0531445 0.0427887 0.874569
1 0.718846 0.20004 0.0402296 0.0446256 0.873622
1 0.496527 0.0934465 0.0326509 0.0415757 0.8733
1 0.530841 0.182426 0.0334094 0.0460693 0.87258
2 0.413522 0.230387 0.0270626 0.0434437 0.872555
2 0.72649 0.360171 0.0369449 0.0414118 0.871913
1 0.314114 0.184436 0.035182 0.0486019 0.871275
1 0.413002 0.183818 0.0268194 0.0472873 0.871121
1 0.14534 0.22132 0.0227815 0.052304 0.869447
1 0.571444 0.100578 0.0546197 0.0422245 0.86915
1 0.144806 0.266963 0.0223978 0.0520406 0.86897
1 0.412567 0.095574 0.0272389 0.041078 0.868859
2 0.458639 0.41692 0.0565013 0.0464124 0.868551
1 0.383479 0.184612 0.0317827 0.0470412 0.868302
2 0.728134 0.442293 0.0366257 0.0403388 0.868292
2 0.661527 0.36005 0.0497843 0.0420905 0.868167
2 0.504186 0.318588 0.0329869 0.0435167 0.868101
2 0.384187 0.325348 0.0301718 0.0467345 0.867957
1 0.314772 0.136563 0.0343508 0.0487401 0.867598
1 0.0811835 0.330704 0.0183153 0.0501872 0.866226
1 0.281329 0.141236 0.0330555 0.0488848 0.865718
2 0.579126 0.316699 0.0517275 0.0433018 0.865529
1 0.0818929 0.285294 0.018353 0.0511569 0.865016
2 0.413974 0.276134 0.0271133 0.0432756 0.864644
2 0.505556 0.363861 0.0333868 0.0437727 0.863882
2 0.58066 0.40811 0.0524979 0.0448959 0.863555
1 0.497098 0.137162 0.0328932 0.0444185 0.863334
1 0.412755 0.138255 0.0269829 0.0443006 0.863221
2 0.414418 0.371571 0.0279026 0.0450757 0.863082
1 0.615352 0.144379 0.0314228 0.043723 0.863038
1 0.17069 0.308099 0.0326773 0.0506516 0.862999
2 0.538755 0.362137 0.0290872 0.0440784 0.862182
2 0.621496 0.360546 0.0286969 0.0431001 0.862024
2 0.61743 0.229033 0.0303464 0.0415255 0.861057
2 0.539173 0.409306 0.0283168 0.0456763 0.860983
2 0.458356 0.368941 0.0569279 0.0465619 0.860082
1 0.314228 0.230949 0.0348333 0.0483898 0.859902
1 0.0828489 0.240881 0.0194178 0.0513006 0.859699
2 0.532962 0.228376 0.0331212 0.0430491 0.859637
1 0.528563 0.0953888 0.0320449 0.0412542 0.859428
1 0.23484 0.29462 0.0552143 0.0513396 0.858878
2 0.455272 0.230041 0.0544869 0.0433219 0.858797
2 0.697544 0.359677 0.0220459 0.0405563 0.858743
2 0.620293 0.316319 0.0291122 0.0423444 0.858629
1 0.34864 0.228148 0.0334077 0.0477231 0.858196
2 0.618815 0.272257 0.0298494 0.0433082 0.858065
1 0.16977 0.354702 0.0300488 0.0486382 0.85771
2 0.414716 0.418838 0.028993 0.0455695 0.856307
1 0.235122 0.342433 0.0543465 0.0489571 0.855718
1 0.652812 0.110571 0.0473137 0.0447601 0.855534
2 0.662267 0.449246 0.0493048 0.0486029 0.854884
1 0.172147 0.260872 0.0341273 0.0511732 0.854543
2 0.414417 0.323449 0.0269474 0.0460516 0.854284
2 0.722837 0.278058 0.0395368 0.042655 0.854257
1 0.280478 0.18845 0.0332497 0.0493014 0.854113
1 0.280075 0.287587 0.0322744 0.0497488 0.854054
1 0.383199 0.139638 0.0310871 0.0440072 0.853935
2 0.72732 0.4011 0.0366276 0.0406043 0.853267
2 0.499939 0.229878 0.0336398 0.041655 0.852296
1 0.348916 0.133565 0.033327 0.0487422 0.851204
1 0.614126 0.103677 0.0306477 0.0427522 0.850874
2 0.696265 0.318174 0.0220388 0.0414447 0.850846
1 0.235 0.200672 0.0559165 0.0549753 0.850815
1 0.23586 0.154492 0.0561351 0.0528198 0.850652
2 0.622604 0.404876 0.0285744 0.0435859 0.850415
1 0.71517 0.123335 0.0387365 0.0434496 0.850057
2 0.458964 0.468107 0.0552986 0.054256 0.849145
1 0.143935 0.312598 0.0212794 0.052556 0.848648
1 0.529777 0.137815 0.0334462 0.0441422 0.847917
1 0.0647426 0.335357 0.0165906 0.0495553 0.847322
2 0.693805 0.275729 0.0208818 0.0428107 0.846937
1 0.146858 0.176737 0.0229415 0.0519358 0.846808
1 0.17462 0.214561 0.0380449 0.0523808 0.845391
2 0.506256 0.411195 0.0343104 0.0456496 0.84487
2 0.383442 0.230402 0.0318025 0.0440358 0.843001
1 0.348917 0.181346 0.0337445 0.0471 0.842871
1 0.616526 0.185775 0.0310629 0.0425457 0.842637
1 0.382979 0.0963531 0.0307654 0.0421289 0.842484
2 0.539687 0.455686 0.0273317 0.0452879 0.841537
2 0.766824 0.399475 0.0415794 0.0394626 0.841337
1 0.686385 0.116027 0.0199532 0.0411297 0.840072
2 0.698434 0.443246 0.0233013 0.0411243 0.83871
2 0.623689 0.450691 0.0291325 0.0468418 0.837685
2 0.0658461 0.466275 0.0160624 0.0443886 0.837619
1 0.314571 0.330252 0.0328135 0.0468665 0.837565
2 0.581002 0.454048 0.0538448 0.0476997 0.837046
1 0.753683 0.242363 0.0267967 0.0391638 0.836359
1 0.196528 0.302485 0.0206124 0.0496783 0.835292
2 0.657113 0.231286 0.0481095 0.0410955 0.834892
1 0.23508 0.247762 0.0552533 0.0530234 0.834874
1 0.0652224 0.291679 0.017711 0.0511291 0.833671
1 0.235375 0.392656 0.0538212 0.0488909 0.833495
1 0.655711 0.19168 0.0461134 0.0424361 0.833221
2 0.195103 0.397078 0.0230501 0.0482619 0.832826
1 0.195788 0.349528 0.0220787 0.0469048 0.831677
1 0.0161759 0.31194 0.0205424 0.0485297 0.82977
1 0.654119 0.15106 0.0463322 0.0455528 0.829635
1 0.143771 0.35863 0.0208884 0.0493439 0.827723
2 0.0823822 0.463465 0.0187652 0.0456668 0.827644
1 0.748872 0.166606 0.0267265 0.0426121 0.827632
2 0.0811297 0.419495 0.0173088 0.0464848 0.821378
2 0.506521 0.462325 0.0362926 0.0516446 0.818796
1 0.065246 0.378444 0.0158502 0.0484056 0.816363
2 0.765918 0.360095 0.0422604 0.0400873 0.814351
1 0.687498 0.155486 0.0212355 0.0438845 0.813273
2 0.0659621 0.50665 0.0161336 0.03688 0.812577
1 0.746475 0.129047 0.0250154 0.0418995 0.811507
1 0.0156148 0.35313 0.0206872 0.0467778 0.811223
1 0.720997 0.238739 0.0405087 0.0420606 0.81016
1 0.0663599 0.248361 0.0179252 0.052671 0.810084
1 0.177619 0.168916 0.0410433 0.0520355 0.806024
1 0.197588 0.254972 0.0190497 0.0489704 0.805827
2 0.112441 0.458679 0.0424266 0.0467261 0.804688
2 0.0828218 0.506088 0.0189764 0.0417784 0.803826
1 0.689015 0.195031 0.0204299 0.0420401 0.803262
1 0.351558 0.479245 0.0313126 0.0497957 0.801761
1 0.0804555 0.375568 0.0170498 0.0495291 0.801433
1 0.751371 0.204178 0.0267918 0.0424843 0.801274
1 0.280121 0.23714 0.0325337 0.0497671 0.792326
1 0.0845671 0.197631 0.0193086 0.053073 0.791812
2 0.416006 0.469761 0.0289883 0.0514876 0.788515
2 0.144784 0.452702 0.0235746 0.0479144 0.784937
2 0.235479 0.441368 0.0535176 0.0450455 0.783028
1 0.348668 0.327714 0.032922 0.047942 0.782226
1 0.385451 0.421552 0.0285331 0.0440677 0.781461
1 0.0438958 0.218493 0.0325467 0.0598179 0.780114
2 0.0170229 0.476989 0.0189593 0.0427799 0.773823
2 0.169605 0.402497 0.0277142 0.0489575 0.773202
1 0.386946 0.472854 0.028782 0.0528915 0.769337
1 0.0169587 0.272496 0.0216304 0.0489466 0.769033
1 0.0678101 0.204362 0.0183051 0.0548959 0.765329
2 0.0157279 0.434695 0.0202121 0.0454225 0.765006
2 0.0494354 0.469081 0.0171483 0.0435201 0.756701
2 0.0652514 0.422256 0.0156791 0.04761 0.75389
2 0.384793 0.374347 0.0292153 0.0457077 0.748691
1 0.382592 0.0623281 0.0305785 0.0267695 0.748301
2 0.75833 0.319653 0.0297277 0.040998 0.747186
1 0.10308 0.235015 0.0264545 0.0532449 0.746885
2 0.0332694 0.429324 0.0158768 0.0487111 0.744723
2 0.0341486 0.472512 0.0160825 0.0455793 0.743685
2 0.110907 0.412558 0.0433512 0.0497832 0.734956
1 0.018544 0.232267 0.0218631 0.0487794 0.733301
2 0.0483422 0.425903 0.0170963 0.0464182 0.731695
1 0.124709 0.231062 0.0218649 0.0527527 0.728396
1 0.101937 0.279983 0.025988 0.0524934 0.725716
2 0.146028 0.499342 0.022655 0.0456087 0.723771
1 0.101648 0.32506 0.0257248 0.0527273 0.71595
1 0.0339281 0.387533 0.0164862 0.0465585 0.715472
2 0.28092 0.436231 0.0249132 0.046738 0.714372
1 0.0399469 0.26253 0.0278583 0.0544718 0.713698
1 0.0156455 0.394138 0.0209459 0.043393 0.711824
1 0.571091 0.064417 0.0529375 0.0329424 0.708657
2 0.0496886 0.508322 0.0172185 0.0346063 0.708529
1 0.773769 0.244143 0.0169573 0.0391764 0.70455
1 0.0347509 0.345265 0.0188856 0.0488079 0.702974
1 0.126753 0.187618 0.0207798 0.0516916 0.701184
2 0.195242 0.446426 0.0247219 0.0475479 0.698151
1 0.123779 0.275573 0.0222045 0.0515904 0.697594
1 0.105522 0.191747 0.0272421 0.0552679 0.696746
1 0.051017 0.259565 0.0170165 0.0543159 0.696627
1 0.0376874 0.303089 0.0254586 0.0509532 0.691694
1 0.144207 0.405195 0.0214497 0.0513811 0.68896
1 0.19896 0.208695 0.0169457 0.0524827 0.686666
2 0.767417 0.4404 0.0406242 0.0422834 0.684624
1 0.282209 0.488344 0.026398 0.0502097 0.678319
2 0.169845 0.449661 0.0272088 0.0492075 0.676341
1 0.772367 0.208654 0.0174784 0.037699 0.67375
2 0.691458 0.2345 0.0202991 0.040412 0.670285
2 0.280711 0.383844 0.0283175 0.0479301 0.664883
1 0.316162 0.483202 0.0312956 0.0490045 0.662347
2 0.280375 0.334757 0.0311605 0.0450087 0.660812
2 0.170067 0.496566 0.0261523 0.047426 0.660189
2 0.00419608 0.479561 0.00835331 0.0427617 0.657315
1 0.539947 0.4892 0.0264664 0.0217424 0.652266
1 0.315133 0.381164 0.0292498 0.0488617 0.650594
1 0.0506796 0.298591 0.0138086 0.0497774 0.649808
2 0.506693 0.490844 0.0364187 0.024801 0.637345
1 0.123075 0.320462 0.0223074 0.0520667 0.636373
1 0.766771 0.136989 0.0199205 0.0345864 0.631628
2 0.756358 0.28036 0.0284352 0.0396487 0.623469
1 0.612954 0.0703723 0.0289482 0.0297435 0.615772
2 0.349925 0.428692 0.0323521 0.0474248 0.611414
1 0.110699 0.366202 0.0445114 0.0512669 0.610076
1 0.0495417 0.381922 0.0172695 0.0456621 0.609872
1 0.769653 0.171411 0.0181394 0.0422213 0.579848
1 0.349684 0.378533 0.0328511 0.0468686 0.576412
1 0.0505969 0.339843 0.013678 0.0480974 0.574868
1 0.111511 0.32388 0.0453097 0.0523164 0.569952
1 0.170357 0.496843 0.0268913 0.0473036 0.563918
2 0.196081 0.493136 0.0255322 0.0475895 0.554845
1 0.526834 0.0612049 0.0301698 0.028975 0.551615
2 0.123568 0.501575 0.0214977 0.043296 0.544894
2 0.0179287 0.513497 0.018663 0.0314119 0.537039
2 0.765132 0.320346 0.0433083 0.0408769 0.535279
2 0.349282 0.378437 0.0328733 0.0478317 0.530955
1 0.00408603 0.27937 0.00817205 0.0478967 0.530148
1 0.00472952 0.23839 0.00945903 0.049659 0.527301
2 0.458972 0.480088 0.0550282 0.0561742 0.525046
2 0.113201 0.503649 0.0431852 0.0430712 0.520309
1 0.453009 0.0615418 0.0506031 0.0241614 0.507693
1 0.00383444 0.315714 0.00758889 0.0468549 0.506441
1 0.195315 0.446276 0.0248762 0.0477008 0.505577
