2 0.456157 0.832587 0.183681 0.155762 0.903924
2 0.32776 0.672969 0.0674643 0.148524 0.900896
2 0.425257 0.0441592 0.082153 0.0785453 0.89903
2 0.737056 0.932553 0.066728 0.132446 0.896508
2 0.622163 0.674098 0.151441 0.146136 0.896407
2 0.61847 0.526565 0.148124 0.134151 0.892881
2 0.455182 0.673887 0.181926 0.156508 0.890166
2 0.625675 0.818412 0.152702 0.160945 0.88439
2 0.453388 0.37995 0.172794 0.137062 0.881018
2 0.453411 0.521503 0.179351 0.139443 0.880651
2 0.79646 0.918201 0.0516954 0.143058 0.877607
2 0.724812 0.530406 0.0667102 0.123583 0.873599
2 0.856149 0.64893 0.0864637 0.115579 0.872319
2 0.861264 0.761112 0.0837902 0.132298 0.871312
2 0.627713 0.942066 0.151351 0.115868 0.86859
2 0.714874 0.406679 0.0671463 0.12554 0.863716
2 0.454796 0.251559 0.16554 0.122791 0.863636
2 0.772052 0.413343 0.0558946 0.118905 0.853748
2 0.704424 0.291661 0.0680559 0.1193 0.850525
2 0.733212 0.796235 0.0633524 0.143398 0.850115
1 0.78719 0.654594 0.0518467 0.124885 0.843912
2 0.683544 0.100379 0.0665678 0.103563 0.837049
2 0.611991 0.390591 0.146487 0.132088 0.833835
2 0.497847 0.0367857 0.0607932 0.048304 0.829288
2 0.781547 0.531113 0.0531694 0.115193 0.828092
2 0.720741 0.0500798 0.0521645 0.0783538 0.820895
1 0.931132 0.724164 0.0495344 0.0943053 0.81378
2 0.786005 0.147753 0.056587 0.100395 0.807876
1 0.0865635 0.640859 0.0599127 0.149933 0.804406
1 0.925928 0.627554 0.0494354 0.093468 0.799785
2 0.729873 0.661755 0.0658416 0.131515 0.798282
2 0.694476 0.18832 0.0696098 0.114435 0.790492
2 0.329707 0.506466 0.0649534 0.168708 0.787128
2 0.872207 0.262564 0.0385007 0.0928416 0.779942
2 0.901557 0.275752 0.0343326 0.0854953 0.777521
2 0.929777 0.288882 0.0370258 0.0754887 0.775633
2 0.422131 0.134889 0.0881488 0.100864 0.770502
2 0.883825 0.345389 0.0390415 0.10056 0.766786
1 0.154621 0.500304 0.0699039 0.134855 0.761701
1 0.792825 0.779476 0.0536615 0.133332 0.757052
1 0.088248 0.773476 0.0511913 0.113536 0.747794
1 0.0935452 0.491981 0.0575276 0.136529 0.742294
2 0.823501 0.423892 0.0528862 0.109825 0.734413
2 0.605902 0.267621 0.13937 0.12061 0.732887
2 0.837877 0.247045 0.047035 0.109085 0.728518
2 0.33489 0.366429 0.0624814 0.118749 0.724771
2 0.737198 0.122898 0.0495028 0.0892152 0.72252
2 0.960948 0.532474 0.0331166 0.0784658 0.716677
1 0.16505 0.362145 0.0703258 0.118836 0.711613
2 0.917208 0.224234 0.0369315 0.0706939 0.704995
2 0.771194 0.070372 0.0538153 0.0953644 0.698
2 0.952905 0.449902 0.0351089 0.0806831 0.697658
2 0.859258 0.186393 0.039645 0.0886099 0.69723
1 0.032911 0.628087 0.0497361 0.116501 0.694457
2 0.355649 0.0407232 0.0630178 0.0774121 0.690459
2 0.933073 0.849511 0.0585323 0.156076 0.680769
1 0.170526 0.237088 0.094093 0.116308 0.67134
2 0.890353 0.205073 0.0384159 0.0897614 0.669009
2 0.967851 0.37811 0.0295023 0.0683693 0.658364
1 0.90973 0.43822 0.0625839 0.0951926 0.645126
1 0.236273 0.662615 0.046033 0.124747 0.633237
2 0.825289 0.166173 0.0437584 0.0901271 0.6288
2 0.971872 0.699571 0.0261163 0.077404 0.627176
1 0.182591 0.134625 0.0948824 0.102109 0.621473
2 0.956435 0.313022 0.0265099 0.0677699 0.618825
2 0.763677 0.306287 0.0585735 0.124714 0.616519
2 0.460917 0.957249 0.187941 0.0855021 0.60905
2 0.342886 0.244137 0.0613636 0.116674 0.603752
2 0.863126 0.882241 0.0813351 0.16648 0.601221
2 0.927833 0.362577 0.059777 0.0964398 0.587499
2 0.919247 0.533868 0.0534046 0.0938653 0.565579
2 0.812584 0.310833 0.0633429 0.140995 0.558266
2 0.945733 0.370356 0.0324123 0.0807026 0.539928
1 0.992851 0.611677 0.014297 0.0793477 0.539188
2 0.837783 0.423269 0.0828989 0.113316 0.538213
2 0.936095 0.369022 0.0489303 0.084182 0.531872
2 0.286027 0.0598951 0.045476 0.04961 0.530576
1 0.327189 0.827314 0.0662172 0.14575 0.525804
2 0.852895 0.33536 0.0388993 0.103825 0.516025
1 0.236322 0.824437 0.0469215 0.13464 0.514971
1 0.131802 0.782063 0.0326677 0.10011 0.513697
2 0.795581 0.232616 0.0601273 0.121769 0.505673
