1 0.053859 0.544691 0.0740973 0.115388 0.878601
1 0.466702 0.484178 0.0405806 0.044469 0.872433
1 0.482849 0.287537 0.0407257 0.0388151 0.868883
1 0.450265 0.286022 0.0266163 0.0368148 0.86248
1 0.475879 0.365945 0.042843 0.0413296 0.853564
1 0.469777 0.444545 0.0415813 0.0423749 0.84888
1 0.472063 0.405397 0.0427814 0.0399212 0.848465
1 0.49869 0.486704 0.0262523 0.0448814 0.846445
1 0.508234 0.366221 0.0279713 0.043451 0.842472
1 0.309406 0.448082 0.0160288 0.0353965 0.83778
1 0.514312 0.286129 0.026478 0.0399623 0.833523
1 0.502668 0.447387 0.0283154 0.0433891 0.833194
1 0.539118 0.289938 0.0259136 0.0447755 0.832746
1 0.480088 0.326161 0.0412494 0.0393823 0.83266
2 0.229433 0.389393 0.0376916 0.0933902 0.831005
1 0.505547 0.406125 0.0282805 0.0416924 0.830923
1 0.511252 0.325692 0.0272924 0.0431073 0.818824
2 0.0619938 0.220799 0.0527969 0.10651 0.817873
2 0.104789 0.242531 0.0469695 0.106275 0.817697
2 0.247608 0.230797 0.0370225 0.0952973 0.816407
1 0.604382 0.49202 0.0119472 0.0407294 0.814189
2 0.203911 0.202871 0.059072 0.129085 0.81219
1 0.327877 0.420992 0.0196416 0.037576 0.811377
1 0.333774 0.359991 0.0203473 0.0351128 0.808354
1 0.522996 0.492723 0.0253824 0.050127 0.806284
2 0.520211 0.585734 0.0302532 0.0568297 0.805641
1 0.44802 0.324081 0.0274494 0.0391014 0.801839
2 0.522402 0.536752 0.0291693 0.0513862 0.800742
2 0.118992 0.149591 0.0472322 0.111425 0.799346
1 0.345383 0.427069 0.0200744 0.0362696 0.795748
1 0.535905 0.331976 0.0247387 0.0487358 0.795316
1 0.0955528 0.0417476 0.0552928 0.0834951 0.789259
1 0.33116 0.390467 0.0204453 0.0370165 0.788936
1 0.348674 0.397249 0.0205496 0.0373357 0.786964
1 0.589261 0.515292 0.0155371 0.0398436 0.784027
1 0.443455 0.362601 0.0275944 0.0420645 0.783196
2 0.237293 0.309716 0.0349013 0.0905492 0.783012
1 0.299056 0.414226 0.0162421 0.0328718 0.781045
1 0.295547 0.445375 0.0171165 0.0340815 0.780029
1 0.325019 0.451859 0.019914 0.036313 0.777003
1 0.591985 0.487475 0.0147756 0.0400639 0.7769
1 0.281714 0.412836 0.0257087 0.0315311 0.771956
1 0.53342 0.373024 0.0258302 0.0497909 0.771706
1 0.323238 0.483328 0.0196369 0.0348474 0.771122
1 0.312742 0.415373 0.017199 0.0343752 0.768755
1 0.46328 0.569025 0.0359036 0.044814 0.76418
1 0.558279 0.42327 0.0148542 0.052842 0.7591
1 0.439936 0.400233 0.0266191 0.0436618 0.758519
1 0.359877 0.463588 0.0180228 0.0376412 0.755427
1 0.569247 0.509217 0.0223022 0.0481404 0.755056
1 0.527314 0.452731 0.0243813 0.0462489 0.754167
2 0.256596 0.157476 0.032803 0.0890477 0.75123
1 0.606044 0.460909 0.0120773 0.040577 0.750269
1 0.59369 0.45393 0.014293 0.043653 0.744532
1 0.343699 0.458255 0.0178885 0.0371967 0.744115
1 0.555162 0.46418 0.0169636 0.0482861 0.740885
1 0.53095 0.411857 0.0265919 0.048368 0.737509
1 0.422275 0.359602 0.0219537 0.039635 0.736146
1 0.596202 0.417794 0.0150991 0.0509237 0.73272
1 0.351457 0.367203 0.019683 0.0403664 0.729174
1 0.404646 0.358262 0.0211075 0.0390408 0.728854
1 0.306868 0.479684 0.0149602 0.0346759 0.724865
1 0.278509 0.44282 0.024504 0.0328218 0.721506
1 0.552265 0.503824 0.0167797 0.049949 0.719057
1 0.315722 0.383773 0.0171621 0.0343113 0.717521
1 0.306496 0.51554 0.0147159 0.0400438 0.711987
1 0.0617396 0.432482 0.0752589 0.11608 0.708881
1 0.575432 0.437612 0.0241754 0.0554231 0.7078
1 0.293717 0.477185 0.0155552 0.0352483 0.705458
1 0.0279181 0.847055 0.0558225 0.253034 0.705139
1 0.57292 0.475633 0.0220898 0.0543143 0.704819
1 0.0543741 0.0325849 0.0523212 0.0651184 0.699934
1 0.131193 0.0704166 0.0489501 0.0920019 0.697347
1 0.580741 0.367794 0.0221113 0.0566199 0.695149
1 0.464082 0.527291 0.0395336 0.0420601 0.68946
1 0.419041 0.397076 0.0200124 0.0444068 0.686138
1 0.602854 0.524934 0.0126091 0.0372248 0.685145
1 0.548138 0.54196 0.0167599 0.0443819 0.680842
1 0.3024 0.382672 0.0157579 0.0335869 0.678569
1 0.567323 0.313766 0.0150622 0.0548281 0.675177
1 0.609554 0.428821 0.0141216 0.0433624 0.674755
1 0.341596 0.491026 0.0162873 0.036989 0.674584
1 0.361225 0.43244 0.0172823 0.0354256 0.668748
1 0.284966 0.381736 0.0265011 0.0322715 0.657035
2 0.219436 0.467816 0.0322531 0.081307 0.655713
1 0.579439 0.404173 0.0219135 0.0558539 0.653876
1 0.545748 0.587323 0.0170177 0.0521157 0.653587
2 0.266425 0.0828024 0.0348801 0.09535 0.648795
2 0.0410094 0.121542 0.0434199 0.0814827 0.647608
1 0.428947 0.284789 0.0191933 0.0364109 0.647126
1 0.408009 0.321469 0.0214141 0.0349821 0.645768
1 0.541795 0.499074 0.0114683 0.0483531 0.644245
1 0.321648 0.520714 0.0169157 0.0432824 0.642106
1 0.318578 0.354076 0.0160671 0.0338598 0.640928
1 0.564597 0.356011 0.0154713 0.0577404 0.640263
1 0.561298 0.387109 0.0152212 0.058327 0.639895
1 0.365013 0.40297 0.0165655 0.0339229 0.637904
2 0.495672 0.530165 0.0259012 0.046994 0.633425
1 0.582487 0.331577 0.0210655 0.0502714 0.627942
1 0.401111 0.395267 0.0186337 0.0400695 0.617864
1 0.261594 0.412485 0.0186963 0.0344242 0.609912
1 0.357872 0.496119 0.0181325 0.0344797 0.609886
1 0.00836785 0.416581 0.0167357 0.116605 0.605142
1 0.42604 0.321934 0.0214806 0.038459 0.60448
1 0.566654 0.546692 0.0240795 0.0418428 0.602915
1 0.554225 0.341409 0.0118762 0.058957 0.593656
1 0.27799 0.47567 0.021264 0.0348831 0.588395
2 0.276739 0.0259514 0.0391791 0.0519028 0.577521
2 0.0787549 0.131427 0.0484049 0.118369 0.574233
1 0.542734 0.459896 0.012132 0.0475235 0.569361
1 0.436033 0.437546 0.0242931 0.0393426 0.569141
2 0.181267 0.28223 0.088736 0.137337 0.562734
1 0.432031 0.474684 0.0208669 0.0402987 0.55971
2 0.214131 0.117119 0.0639367 0.128108 0.554779
1 0.555443 0.300657 0.0112457 0.0504847 0.554439
1 0.439618 0.475691 0.0168182 0.0394274 0.553888
1 0.366903 0.375856 0.0145018 0.0328011 0.552398
1 0.563254 0.589038 0.0203678 0.0464736 0.549304
1 0.00737602 0.535631 0.014752 0.111351 0.549295
1 0.609839 0.393897 0.0136181 0.0477553 0.549077
1 0.418446 0.435634 0.0166092 0.0401781 0.541963
2 0.0107349 0.0862477 0.0214699 0.101832 0.540695
2 0.0945674 0.337766 0.045877 0.101225 0.540682
2 0.586158 0.54946 0.0151419 0.0383002 0.536773
1 0.60776 0.432096 0.0142337 0.0472262 0.536592
1 0.396041 0.46882 0.0177018 0.0370727 0.532244
1 0.413146 0.284519 0.0251412 0.0361275 0.532122
1 0.156893 0.454328 0.0855558 0.0893476 0.527098
1 0.435941 0.476031 0.0249998 0.0412226 0.523525
1 0.274219 0.475521 0.0183907 0.0346185 0.507017
1 0.621545 0.441451 0.0131107 0.0379559 0.504281
