2 0.0575426 0.335014 0.0365473 0.0644297 0.869337
2 0.0602011 0.398378 0.0372405 0.0627291 0.868001
2 0.0727997 0.573311 0.0369133 0.056159 0.86378
2 0.0694638 0.5154 0.0357174 0.0583984 0.860313
2 0.0155608 0.278416 0.0311216 0.0647575 0.856403
2 0.0922575 0.268864 0.0374616 0.0663857 0.856172
2 0.0185751 0.34489 0.0363241 0.0687334 0.854558
2 0.0136184 0.215562 0.0272233 0.0680826 0.853306
2 0.110403 0.568294 0.0389295 0.0510869 0.851676
2 0.035676 0.5882 0.0372432 0.0577759 0.850714
2 0.0643662 0.457799 0.0371727 0.0599862 0.848635
2 0.105951 0.515601 0.0364559 0.0571699 0.842897
2 0.0980814 0.393297 0.0369937 0.0584764 0.842097
2 0.0221252 0.40846 0.038438 0.0656914 0.838618
2 0.0310672 0.529232 0.0372765 0.0649253 0.836832
2 0.0771386 0.628599 0.0355235 0.0572898 0.832726
2 0.102398 0.456798 0.036232 0.0626316 0.83268
2 0.045616 0.691949 0.036555 0.0592638 0.829727
2 0.0126245 0.703799 0.025249 0.0600054 0.828236
2 0.0817365 0.684289 0.0333755 0.0564368 0.827549
2 0.665616 0.143631 0.088183 0.118617 0.821232
2 0.745539 0.441782 0.0527277 0.131042 0.816629
2 0.0108646 0.646292 0.0217293 0.0570048 0.815264
2 0.115078 0.621666 0.037987 0.0576404 0.812904
2 0.666707 0.226563 0.0816071 0.128092 0.812154
1 0.977828 0.896896 0.044091 0.130748 0.8121
2 0.747956 0.356884 0.0616974 0.136102 0.81166
1 0.777474 0.906246 0.0310705 0.101534 0.808622
2 0.041106 0.63988 0.0373885 0.0533413 0.80552
2 0.0262967 0.466021 0.0361638 0.0600343 0.803682
2 0.0955504 0.334475 0.037122 0.0631619 0.800914
2 0.202787 0.148435 0.0318313 0.0389602 0.798539
2 0.586037 0.093398 0.0669252 0.0939413 0.796456
2 0.664754 0.293579 0.0719677 0.125793 0.79177
2 0.258525 0.169144 0.0343912 0.0375149 0.791139
2 0.291937 0.202614 0.0315918 0.0387333 0.789295
2 0.118836 0.676646 0.0357284 0.0566245 0.785471
1 0.967513 0.963795 0.0376776 0.0724108 0.769662
1 0.755628 0.865114 0.0224827 0.0913873 0.767605
2 0.0113085 0.147252 0.0226151 0.0718692 0.766114
2 0.203209 0.188287 0.0310914 0.0422459 0.763791
2 0.70969 0.409833 0.0345225 0.103299 0.763757
1 0.782684 0.826367 0.0320093 0.11711 0.761762
1 0.556325 0.505393 0.0148339 0.0699118 0.758591
0 0.0521566 0.270123 0.0410518 0.0654698 0.757776
1 0.644528 0.69972 0.0196236 0.0829593 0.756526
2 0.619528 0.325952 0.0182827 0.0789933 0.751676
2 0.258282 0.131307 0.0347921 0.0369925 0.750175
2 0.0457923 0.141099 0.0413654 0.0686662 0.750059
1 0.919681 0.928616 0.0281136 0.0970469 0.745101
2 0.0825224 0.0720479 0.0354919 0.0691751 0.743739
2 0.0496588 0.759255 0.0413281 0.0810001 0.740803
2 0.0419886 0.0732402 0.044007 0.0666438 0.739655
1 0.938267 0.93961 0.0293112 0.0990736 0.727002
2 0.258773 0.206452 0.0344436 0.033714 0.720181
2 0.350628 0.151288 0.0199985 0.0361407 0.718123
1 0.893175 0.97045 0.0212055 0.0590995 0.717126
2 0.00813067 0.590012 0.0162613 0.0563335 0.716671
2 0.571033 0.282761 0.0335495 0.0828957 0.71648
2 0.595357 0.370745 0.025342 0.0867489 0.715316
0 0.0482772 0.206389 0.04251 0.0682819 0.711953
1 0.634401 0.877115 0.0155302 0.0723263 0.709846
1 0.983225 0.810293 0.0335495 0.122854 0.707383
2 0.618554 0.391488 0.0181953 0.0785122 0.705226
1 0.608414 0.64287 0.0159494 0.0781108 0.701377
1 0.678876 0.821542 0.0257286 0.103863 0.695671
2 0.59966 0.305206 0.0255852 0.0854429 0.691917
1 0.625123 0.670018 0.0209702 0.0890671 0.690476
1 0.59247 0.558917 0.0198519 0.0802979 0.689924
2 0.605975 0.243265 0.0356598 0.0915966 0.684272
1 0.569942 0.523681 0.0168703 0.0737111 0.679647
1 0.94466 0.747865 0.0313637 0.117322 0.677956
0 0.0905378 0.20284 0.0411263 0.0635279 0.668272
1 0.344708 0.042112 0.0123636 0.0170839 0.665772
0 0.871605 0.363919 0.0417381 0.107001 0.665342
1 0.710111 0.875777 0.042336 0.116458 0.665303
2 0.0871936 0.139074 0.0406657 0.0670875 0.662308
2 0.0100165 0.0779268 0.0200331 0.0644372 0.661663
2 0.666425 0.377798 0.0604368 0.119529 0.658648
1 0.72477 0.74262 0.0415995 0.12223 0.653875
1 0.757833 0.793922 0.0278069 0.109295 0.649668
1 0.627108 0.617729 0.0213617 0.0976047 0.649637
1 0.583517 0.792131 0.0156952 0.0915115 0.648438
2 0.736082 0.597155 0.0445816 0.131794 0.648165
2 0.604688 0.170913 0.0344498 0.0871757 0.647725
1 0.856147 0.92754 0.0417992 0.106807 0.647016
1 0.357293 0.0421977 0.0120985 0.0169076 0.640185
1 0.745071 0.933143 0.0301366 0.0906955 0.638719
1 0.609652 0.581747 0.0169121 0.0801149 0.636197
2 0.350716 0.189117 0.0200236 0.0383705 0.636012
1 0.976419 0.56797 0.0471629 0.142005 0.635779
1 0.65096 0.838049 0.0241642 0.101487 0.631251
2 0.572798 0.220232 0.0340614 0.0806833 0.630335
2 0.0060223 0.530847 0.0120446 0.0635907 0.624292
1 0.67658 0.888604 0.0244781 0.091944 0.622763
2 0.55735 0.447512 0.0145987 0.0729957 0.62009
1 0.643369 0.626244 0.0224964 0.103632 0.619335
1 0.566003 0.579876 0.0141874 0.076363 0.619249
1 0.603909 0.70136 0.0217498 0.0864875 0.6151
2 0.703277 0.559365 0.0297344 0.10465 0.612786
2 0.00907558 0.0264957 0.0181512 0.0438808 0.612465
1 0.590639 0.619932 0.0191616 0.0855716 0.60906
1 0.655557 0.847165 0.0216667 0.091767 0.608969
2 0.810251 0.41895 0.0697618 0.136377 0.605971
1 0.664332 0.728113 0.0241204 0.0934597 0.604817
1 0.582069 0.722091 0.0171286 0.0874674 0.599506
1 0.617219 0.858467 0.0185358 0.0826714 0.599468
1 0.897301 0.895292 0.0379364 0.115144 0.597271
1 0.692858 0.701468 0.0256813 0.0941488 0.595425
0 0.895887 0.589539 0.0571339 0.126794 0.592789
1 0.614046 0.523074 0.0166119 0.0806967 0.592403
0 0.862002 0.459349 0.0414257 0.115285 0.591686
2 0.678941 0.452571 0.029671 0.113274 0.591611
1 0.668422 0.665006 0.0288446 0.0969106 0.590964
2 0.325079 0.155341 0.033064 0.03771 0.589622
2 0.676649 0.374311 0.0386001 0.120099 0.58832
2 0.573989 0.407232 0.0171347 0.0801704 0.587309
2 0.713527 0.336484 0.034259 0.105344 0.582892
2 0.559395 0.391083 0.0164164 0.0715912 0.582494
1 0.638346 0.76189 0.0234964 0.0881649 0.57411
2 0.960694 0.65172 0.0400276 0.125219 0.566485
1 0.636016 0.748691 0.0176216 0.0891524 0.564759
2 0.12005 0.744416 0.0347389 0.0734244 0.564236
1 0.723622 0.813309 0.0220598 0.109303 0.564222
1 0.618524 0.783584 0.0168338 0.0844291 0.563539
1 0.0140851 0.768984 0.0281702 0.077328 0.560119
1 0.430472 0.0436807 0.0158932 0.0175728 0.559951
2 0.292651 0.125453 0.0321868 0.0382595 0.556939
1 0.629285 0.548315 0.0164042 0.0855808 0.556235
1 0.616565 0.458857 0.018475 0.08284 0.555175
1 0.658502 0.787363 0.0176982 0.0930569 0.550976
2 0.755067 0.279538 0.0558151 0.118888 0.549517
1 0.912225 0.978831 0.0237934 0.0423376 0.544477
2 0.595212 0.432868 0.0256348 0.0836894 0.544102
1 0.564052 0.637225 0.0158834 0.0860256 0.540778
2 0.567532 0.334119 0.0297452 0.070703 0.537835
1 0.678607 0.752793 0.0202923 0.113065 0.536388
1 0.631957 0.746865 0.0198233 0.0876085 0.5313
1 0.933298 0.838963 0.0300541 0.108249 0.528769
2 0.811393 0.509203 0.054295 0.143147 0.528487
1 0.623452 0.726089 0.0156713 0.0837928 0.52196
2 0.571634 0.46679 0.0156019 0.0760423 0.520055
1 0.333257 0.0422336 0.0100503 0.0173992 0.519082
1 0.429991 0.0258613 0.0161245 0.0154698 0.517752
2 0.346861 0.116073 0.0289568 0.0363268 0.516853
2 0.655861 0.437816 0.0238909 0.0963136 0.515698
2 0.544997 0.432686 0.0125036 0.0636515 0.512447
2 0.703458 0.488901 0.0270807 0.0985027 0.509752
1 0.291553 0.243018 0.0312444 0.0382891 0.509548
2 0.576918 0.158927 0.0444873 0.0888412 0.507343
2 0.571701 0.156143 0.0329384 0.0836677 0.504735
