2 0.205187 0.63762 0.0529363 0.0745217 0.890925
1 0.0474849 0.394499 0.0145901 0.0208105 0.87372
1 0.047414 0.374817 0.0147245 0.0195428 0.86926
1 0.0476594 0.355408 0.0150438 0.01935 0.857113
1 0.0596914 0.395258 0.0114538 0.0209551 0.819509
1 0.0561035 0.598183 0.0613565 0.067292 0.817243
2 0.319251 0.47064 0.0123073 0.026178 0.816468
1 0.0479493 0.336453 0.0152252 0.0197869 0.812622
2 0.300801 0.50524 0.0230321 0.0273565 0.810073
2 0.319075 0.5054 0.0138462 0.0266688 0.805721
2 0.300889 0.471434 0.023923 0.0315994 0.786329
2 0.493494 0.663349 0.0456959 0.0401886 0.785876
2 0.275843 0.471701 0.0256798 0.0330243 0.779182
1 0.0951387 0.264105 0.0123787 0.0197918 0.772473
2 0.993476 0.40325 0.012491 0.0225833 0.768343
1 0.05978 0.375321 0.0113297 0.0204579 0.764763
1 0.269844 0.225888 0.0196229 0.0180418 0.762019
1 0.264323 0.637307 0.0638851 0.0737343 0.761948
1 0.0949731 0.283114 0.0113008 0.0190109 0.757897
2 0.267684 0.314444 0.0213252 0.0166465 0.756254
2 0.267799 0.332184 0.0212903 0.0176493 0.756171
2 0.355031 0.508171 0.0209318 0.0295193 0.755084
2 0.207088 0.309883 0.0114838 0.0181801 0.752223
1 0.269589 0.243706 0.0204252 0.0174507 0.750811
2 0.206055 0.50436 0.0156456 0.0298055 0.747733
2 0.08256 0.396577 0.0123144 0.0191772 0.747357
1 0.0482629 0.31725 0.0155517 0.0177439 0.743167
2 0.207465 0.291199 0.0114182 0.0182104 0.743094
1 0.0120913 0.257988 0.0107983 0.0199371 0.740759
2 0.257246 0.471149 0.0132164 0.0327246 0.7396
2 0.35386 0.471102 0.0173124 0.02557 0.738896
2 0.936512 0.525018 0.0124712 0.0201393 0.737909
2 0.0938668 0.396873 0.0102965 0.0190397 0.736738
2 0.335048 0.470615 0.0192303 0.0248656 0.735256
2 0.992396 0.424898 0.0132107 0.0217957 0.728699
2 0.946818 0.37528 0.0128664 0.0231905 0.724182
2 0.0942414 0.377109 0.0100351 0.019645 0.721202
2 0.966661 0.527949 0.0259575 0.0206287 0.715862
1 0.0829846 0.263566 0.0119889 0.0190429 0.71223
2 0.268532 0.295616 0.021876 0.0167516 0.712066
1 0.22022 0.220895 0.0122233 0.018667 0.711877
2 0.994203 0.379652 0.0111988 0.0234972 0.709574
2 0.082818 0.376791 0.0119449 0.0197199 0.706755
2 0.206396 0.469927 0.0160929 0.0343792 0.706013
2 0.493574 0.622869 0.0446909 0.0333116 0.705647
1 0.059696 0.414867 0.0114991 0.0193778 0.704037
1 0.0278083 0.394564 0.0231559 0.0197944 0.700775
2 0.285649 0.349951 0.0148433 0.0158305 0.699653
2 0.924255 0.459237 0.0208435 0.0221205 0.697946
2 0.967605 0.506744 0.0269043 0.0208499 0.696934
1 0.219612 0.23801 0.0118413 0.016592 0.696712
2 0.113904 0.596801 0.0335869 0.066785 0.69478
2 0.206248 0.327908 0.0115561 0.0159522 0.693638
2 0.0279625 0.374543 0.022489 0.0193812 0.693179
2 0.227031 0.506244 0.0248695 0.0305659 0.691537
2 0.923133 0.481575 0.0204281 0.0220448 0.68663
1 0.0661212 0.262543 0.0173228 0.0187338 0.685284
1 0.106083 0.284639 0.0115212 0.0188745 0.677257
2 0.285967 0.333183 0.0151933 0.0177035 0.677098
1 0.219023 0.273812 0.0111528 0.0185164 0.676944
1 0.0944657 0.339264 0.0101244 0.0182727 0.674557
1 0.0125145 0.296103 0.009807 0.0197428 0.673507
2 0.0936764 0.452229 0.0120515 0.0187776 0.67306
1 0.284832 0.403883 0.0166775 0.0174356 0.67302
1 0.216277 0.382517 0.0107799 0.0177288 0.671687
2 0.930616 0.374461 0.0219925 0.0229897 0.670543
1 0.0708766 0.376033 0.0121021 0.0202157 0.670421
1 0.941935 0.440168 0.0118225 0.0210077 0.667874
1 0.0473493 0.415856 0.0144253 0.0209893 0.667028
2 0.934346 0.566756 0.0113737 0.0201499 0.666166
2 0.0282381 0.354733 0.0222109 0.0197756 0.663903
2 0.267161 0.348947 0.02055 0.0157536 0.662937
2 0.27435 0.506255 0.0274892 0.0306351 0.662091
2 0.96562 0.547881 0.025024 0.0193785 0.661894
1 0.0709227 0.395996 0.0123677 0.0201352 0.661865
1 0.107105 0.264718 0.0121589 0.0202913 0.654079
2 0.947641 0.525316 0.0135632 0.0201696 0.652632
2 0.243629 0.470979 0.0153728 0.0323141 0.649473
2 0.268955 0.260442 0.0206283 0.016599 0.648614
2 0.0809179 0.452257 0.0126743 0.0192664 0.646752
2 0.0823182 0.41417 0.0116643 0.0182543 0.645917
2 0.969398 0.376544 0.0344704 0.0229621 0.643853
2 0.237459 0.347993 0.0130579 0.0169419 0.640749
2 0.0935713 0.414379 0.0103964 0.0180559 0.639482
1 0.288908 0.226895 0.0167404 0.0190909 0.638234
2 0.0945852 0.47415 0.0151195 0.0218104 0.637981
2 0.157621 0.380154 0.0151309 0.0125487 0.635438
1 0.0592212 0.474698 0.0121383 0.0244147 0.634665
2 0.922083 0.503631 0.0194847 0.0212611 0.63255
2 0.969055 0.485221 0.0276072 0.0203132 0.632466
2 0.587239 0.620552 0.0267885 0.0353651 0.631443
1 0.0306383 0.259323 0.022898 0.019037 0.627164
2 0.955113 0.419987 0.0135435 0.0212081 0.625572
1 0.0109984 0.432349 0.0104994 0.0207798 0.624484
1 0.127411 0.340662 0.0108366 0.0185074 0.624086
2 0.156042 0.352008 0.0183129 0.0144203 0.624055
2 0.23454 0.292948 0.0211576 0.0177926 0.623347
2 0.335943 0.507117 0.0168287 0.0279805 0.6224
2 0.113798 0.433841 0.011481 0.0178133 0.622116
1 0.236459 0.222797 0.0201406 0.0182886 0.622064
2 0.250387 0.312842 0.012953 0.017417 0.619623
2 0.96468 0.568627 0.0238586 0.019839 0.619585
2 0.302998 0.246013 0.0115869 0.0178417 0.616307
2 0.252294 0.259436 0.0119445 0.0174436 0.616206
2 0.972822 0.422755 0.025565 0.0216873 0.613608
1 0.207691 0.220211 0.0123062 0.0188827 0.613242
1 0.0500176 0.261238 0.0150831 0.0191559 0.612705
2 0.15632 0.338713 0.0186582 0.0148702 0.611189
1 0.0112227 0.395032 0.0100814 0.0209298 0.608885
2 0.256926 0.506334 0.0128414 0.0312076 0.608582
2 0.250786 0.294333 0.0124416 0.0174687 0.607141
2 0.797683 0.796828 0.0149765 0.0525716 0.607124
2 0.974001 0.400513 0.0268957 0.0226529 0.606854
2 0.991318 0.446039 0.0133438 0.0200811 0.604526
2 0.780333 0.786428 0.0235153 0.0543766 0.60374
1 0.103866 0.397033 0.0111372 0.0192348 0.602001
1 0.0596454 0.43292 0.0108448 0.0181798 0.601519
1 0.288711 0.245494 0.0169098 0.0178547 0.599365
2 0.969119 0.399809 0.0360868 0.0222999 0.59934
2 0.558083 0.620445 0.0331118 0.0327004 0.597505
1 0.128071 0.305652 0.0112357 0.0192593 0.594693
2 0.963639 0.398369 0.0261276 0.0215036 0.594283
2 0.244436 0.506443 0.0124239 0.0312112 0.592819
2 0.0766536 0.474527 0.0200153 0.0229056 0.591568
2 0.944977 0.396992 0.01273 0.0221118 0.59146
2 0.356861 0.47118 0.0210583 0.0272607 0.591175
2 0.986656 0.528626 0.015757 0.0207274 0.590467
2 0.302429 0.264322 0.0108878 0.0185065 0.590336
2 0.170638 0.380644 0.0100815 0.0122002 0.58799
2 0.953178 0.441337 0.0141699 0.0206029 0.587657
2 0.104693 0.37739 0.0112857 0.0192685 0.585971
1 0.0708055 0.356466 0.0118302 0.0194436 0.583612
2 0.0943993 0.358074 0.0102523 0.0193815 0.583147
2 0.233679 0.311204 0.0205315 0.0183948 0.581457
1 0.235828 0.241523 0.0206838 0.017637 0.579034
1 0.0466343 0.472987 0.0147633 0.0249512 0.577767
1 0.128717 0.286971 0.0116462 0.019659 0.575245
1 0.00525466 0.314271 0.00525033 0.0200738 0.57358
1 0.943466 0.41877 0.0120342 0.0215545 0.572484
2 0.970108 0.463997 0.0268646 0.0192405 0.570994
2 0.946588 0.546795 0.0138075 0.0202684 0.570479
2 0.0286582 0.335205 0.0221685 0.0198852 0.569406
1 0.218691 0.292045 0.0107229 0.0183584 0.567968
1 0.0296724 0.298252 0.0227865 0.0191832 0.567479
2 0.0290861 0.316378 0.022406 0.0183369 0.56699
2 0.0828227 0.357564 0.0118881 0.0196303 0.566246
2 0.525901 0.621771 0.0188665 0.030506 0.566246
1 0.117328 0.285647 0.0111227 0.0199153 0.565811
2 0.171136 0.338305 0.00931039 0.0140052 0.565037
1 0.0602435 0.355963 0.0108209 0.0194414 0.562223
2 0.229653 0.330163 0.013579 0.0187663 0.560729
2 0.286881 0.31557 0.0158316 0.0157706 0.560231
1 0.0469404 0.450695 0.0149106 0.019577 0.560091
2 0.947928 0.503966 0.0134769 0.0205061 0.559353
2 0.103097 0.45159 0.00975481 0.0176262 0.558564
2 0.157671 0.307402 0.0166689 0.0149405 0.558216
2 0.205125 0.363498 0.0117183 0.0191831 0.556893
2 0.113691 0.415086 0.0118938 0.0181359 0.555162
1 0.0106029 0.35384 0.0116488 0.0209023 0.554689
1 0.0830121 0.338609 0.0116284 0.0183846 0.551008
2 0.288363 0.263563 0.0163282 0.0173036 0.54969
2 0.250456 0.331119 0.0130329 0.0179585 0.547308
2 0.985339 0.548865 0.0159229 0.0196038 0.545856
1 0.0107318 0.373942 0.0122234 0.0198342 0.545658
2 0.10468 0.358734 0.0107234 0.0186356 0.543754
2 0.585989 0.658853 0.027313 0.0410668 0.541034
1 0.0665372 0.24387 0.0150204 0.0176364 0.538399
2 0.989663 0.487214 0.0155111 0.0204057 0.537042
2 0.252985 0.242386 0.0126705 0.0177075 0.534349
1 0.182273 0.289706 0.0130356 0.0173362 0.533663
1 0.171085 0.291566 0.00935521 0.0166071 0.533051
1 0.0596016 0.451984 0.0116213 0.0201605 0.532631
2 0.929069 0.396426 0.0220886 0.0228733 0.530184
1 0.0639522 0.300091 0.0158681 0.0190319 0.529316
2 0.802656 0.749392 0.0166864 0.0557454 0.527886
2 0.753014 0.721487 0.0184448 0.0460558 0.52763
1 0.0948067 0.303388 0.0107748 0.0197867 0.523657
2 0.971922 0.443425 0.0251646 0.020137 0.521485
2 0.951362 0.462705 0.0142128 0.0204359 0.519875
2 0.752415 0.770272 0.0160719 0.0498964 0.516228
1 0.160283 0.263964 0.0129527 0.0151592 0.515578
2 0.195786 0.30882 0.011024 0.0172585 0.512502
1 0.00795321 0.333952 0.00754314 0.0195869 0.51187
2 0.988747 0.508021 0.0156771 0.0207812 0.51047
1 0.0522524 0.243077 0.0145947 0.0178271 0.510384
2 0.99012 0.466363 0.014303 0.0199186 0.508957
2 0.784322 0.735133 0.0248411 0.0569648 0.507501
1 0.126265 0.359553 0.0120782 0.0177327 0.507293
1 0.0826417 0.24483 0.0114764 0.0173121 0.505588
2 0.927252 0.417952 0.0218166 0.0209874 0.502124
2 0.218231 0.310662 0.0107172 0.0185185 0.501489
