1 0.417698 0.723345 0.111314 0.0790969 0.89392
1 0.309339 0.726719 0.103435 0.0732595 0.89075
1 0.531618 0.708757 0.111781 0.0801832 0.885794
1 0.705036 0.675969 0.0909622 0.0822134 0.885249
1 0.225222 0.727873 0.0629164 0.0713712 0.884352
1 0.622631 0.693637 0.0661781 0.0779757 0.883382
1 0.766563 0.663381 0.0266873 0.0717047 0.882832
1 0.622875 0.767032 0.0642727 0.069626 0.865396
1 0.230427 0.791364 0.0639762 0.0573774 0.834016
1 0.530975 0.782275 0.112181 0.0725683 0.827824
1 0.31217 0.800244 0.10413 0.0706292 0.827035
1 0.420327 0.803378 0.110458 0.0844767 0.825947
1 0.767864 0.726172 0.0312653 0.0617197 0.801263
1 0.704925 0.74851 0.0904513 0.0786633 0.789377
1 0.381785 0.0901101 0.013948 0.0176973 0.742872
1 0.38174 0.0687862 0.013983 0.0174639 0.71407
2 0.226254 0.404241 0.0202127 0.0162297 0.705704
1 0.393518 0.0886898 0.0103849 0.0169719 0.704316
2 0.192735 0.376593 0.014422 0.0164295 0.692488
2 0.226477 0.422122 0.0207973 0.0180237 0.687619
1 0.393244 0.109711 0.0103517 0.0184011 0.682818
1 0.381714 0.110929 0.0137139 0.0180142 0.675289
2 0.240548 0.402587 0.0103217 0.0159853 0.636319
1 0.393775 0.0681966 0.0105723 0.018545 0.615929
2 0.192926 0.428404 0.0163453 0.0156148 0.613405
2 0.208055 0.426155 0.0140701 0.0151146 0.61199
2 0.192836 0.4456 0.0179015 0.0161944 0.609654
1 0.486799 0.0809222 0.012533 0.0186337 0.609288
1 0.171815 0.449567 0.0140573 0.016016 0.608543
2 0.192747 0.394734 0.0153386 0.0162301 0.606714
2 0.192165 0.36101 0.0137158 0.0145083 0.60234
1 0.171078 0.400497 0.0140597 0.0153606 0.587261
1 0.933159 0.731552 0.0106595 0.0387999 0.586777
1 0.057954 0.561003 0.00961828 0.0174924 0.586334
1 0.337606 0.07909 0.0116981 0.0150003 0.579374
1 0.369157 0.0924795 0.0118539 0.0155409 0.573213
1 0.17153 0.420556 0.0140628 0.0147968 0.570992
2 0.240626 0.384027 0.0106065 0.0177637 0.567209
2 0.240623 0.419915 0.00976419 0.0174768 0.559466
1 0.36883 0.133474 0.012819 0.0193828 0.558837
1 0.0196858 0.5178 0.00905655 0.017983 0.557137
2 0.231471 0.335114 0.0111766 0.0164604 0.555263
1 0.0198767 0.446182 0.009621 0.0169495 0.554614
2 0.207274 0.442809 0.0117504 0.0165157 0.55407
1 0.368809 0.153371 0.0124536 0.0190118 0.551975
1 0.381564 0.131389 0.0133568 0.0194524 0.544217
2 0.20768 0.374456 0.0141302 0.0150773 0.542168
1 0.0308998 0.309383 0.0111541 0.0195328 0.526457
2 0.193718 0.294645 0.012088 0.0154186 0.520534
1 0.357934 0.154535 0.0103112 0.0180629 0.517916
2 0.231225 0.351603 0.0105612 0.0153677 0.513317
1 0.0197695 0.462383 0.00941338 0.014474 0.505693
2 0.208442 0.390542 0.0154605 0.016227 0.504561
1 0.0307299 0.329061 0.0108733 0.0178509 0.500662
