1 0.488607 0.597301 0.103373 0.0720072 0.884862
1 0.138281 0.508924 0.0680576 0.0703851 0.879503
1 0.385378 0.577253 0.0934863 0.0765737 0.879478
1 0.292723 0.554595 0.0850455 0.0758277 0.867354
1 0.211174 0.599478 0.070827 0.0714608 0.861709
1 0.211655 0.532726 0.0716769 0.0712352 0.861128
1 0.382513 0.642084 0.0910792 0.0677892 0.835709
1 0.571169 0.608845 0.058663 0.0626741 0.822703
1 0.630248 0.560734 0.0573659 0.0458182 0.817575
1 0.485177 0.659502 0.104825 0.0584871 0.814015
1 0.138478 0.572699 0.0664803 0.0678168 0.812852
1 0.698489 0.573228 0.0436548 0.0508626 0.806689
1 0.291942 0.622134 0.0828964 0.0685699 0.803239
1 0.623838 0.614304 0.0445171 0.0660106 0.792929
1 0.668238 0.565163 0.0186987 0.0490675 0.732507
1 0.746262 0.579986 0.0517496 0.0437865 0.698811
0 0.50406 0.313485 0.0111446 0.0167647 0.651853
0 0.506019 0.289081 0.0104742 0.015242 0.642737
0 0.52124 0.246572 0.0121462 0.0156251 0.63338
0 0.533417 0.264192 0.0118737 0.0156997 0.615152
0 0.534 0.248253 0.0127745 0.0151054 0.609329
0 0.502464 0.329428 0.0110693 0.0154065 0.600737
0 0.486671 0.309216 0.0129845 0.0188104 0.599856
0 0.447695 0.33179 0.0131641 0.0186039 0.595999
2 0.0339739 0.929052 0.0674977 0.121307 0.592889
0 0.487306 0.343178 0.0123875 0.0148175 0.589094
0 0.458165 0.248202 0.0110628 0.0144705 0.586514
0 0.516082 0.314517 0.012188 0.0156809 0.584311
0 0.471795 0.355474 0.0106441 0.0168271 0.56195
0 0.485635 0.327778 0.0126912 0.0158075 0.546678
0 0.456827 0.286261 0.010696 0.0175916 0.544168
0 0.465381 0.0352933 0.0125023 0.0175582 0.542452
0 0.512318 0.21081 0.0113712 0.0159844 0.542372
0 0.866134 0.491593 0.0130173 0.0273367 0.540942
0 0.532348 0.285335 0.0116213 0.0149953 0.536955
0 0.49442 0.154766 0.0119254 0.0177453 0.533797
0 0.469168 0.248326 0.0117443 0.0147493 0.529983
0 0.520191 0.264025 0.013039 0.0154124 0.52766
0 0.473404 0.329462 0.0118309 0.0181616 0.526182
0 0.467358 0.154518 0.0123312 0.0185415 0.526012
0 0.481127 0.154206 0.0155234 0.0183129 0.525318
0 0.509629 0.243311 0.0121021 0.0156041 0.524109
0 0.508224 0.26401 0.0112372 0.015405 0.522339
0 0.491961 0.212048 0.0119209 0.0165257 0.52136
0 0.480785 0.172506 0.0134457 0.0151893 0.518218
0 0.530528 0.313625 0.0129028 0.0152768 0.517626
0 0.513394 0.346111 0.0109917 0.0144292 0.511411
0 0.514344 0.33096 0.0123835 0.0164395 0.509673
0 0.434382 0.329758 0.0121794 0.0165425 0.501344
0 0.46061 0.352558 0.0122938 0.0181932 0.501212
0 0.487029 0.289405 0.013083 0.0196699 0.500739
