0 0.477473 0.150179 0.0395886 0.0482173 0.892292
0 0.761374 0.686929 0.044787 0.0631081 0.887472
0 0.616077 0.26365 0.0482385 0.0572726 0.879403
0 0.762296 0.626604 0.0444987 0.0652233 0.878202
0 0.764033 0.565861 0.0445469 0.0644546 0.877589
0 0.765492 0.508118 0.0429393 0.0641982 0.876169
0 0.206602 0.336263 0.0625923 0.0523149 0.874142
0 0.397576 0.463133 0.0769887 0.0668816 0.874135
0 0.799761 0.628201 0.0325346 0.0614978 0.873017
0 0.389589 0.585603 0.0752503 0.0745506 0.871607
0 0.4106 0.293227 0.0742519 0.0579335 0.870393
0 0.512848 0.152168 0.0349012 0.048545 0.869864
0 0.400327 0.404359 0.0760125 0.0652428 0.868898
0 0.615669 0.314974 0.048785 0.0599702 0.866976
0 0.764 0.396804 0.0417303 0.0600958 0.866499
0 0.543223 0.203575 0.0327819 0.0517629 0.866481
2 0.864942 0.807171 0.0507819 0.0731529 0.866382
0 0.558073 0.736957 0.0415649 0.0702491 0.86584
0 0.724911 0.624643 0.0334663 0.0651906 0.865031
0 0.341867 0.398023 0.0464702 0.061937 0.864268
0 0.566537 0.546813 0.0406535 0.0704048 0.863736
0 0.765311 0.451696 0.0418074 0.0635396 0.862636
0 0.323592 0.632676 0.050081 0.0691457 0.860512
0 0.405302 0.34688 0.0758663 0.0597676 0.860221
2 0.440362 0.795253 0.0436815 0.0824529 0.860011
0 0.393508 0.524523 0.0760501 0.0736845 0.859606
2 0.65204 0.048774 0.0350192 0.0411816 0.858563
0 0.337201 0.45548 0.0481816 0.0656486 0.857739
2 0.615665 0.37163 0.0492302 0.0650715 0.856987
0 0.56122 0.672604 0.0407486 0.0704586 0.856794
0 0.568351 0.48606 0.0391333 0.0666263 0.856709
0 0.415077 0.242332 0.0732747 0.0526399 0.855392
2 0.615671 0.121776 0.0438409 0.0482707 0.855261
0 0.212159 0.287088 0.0626661 0.0504767 0.854409
0 0.72277 0.235281 0.0321791 0.0527983 0.854396
0 0.332798 0.514138 0.0486471 0.0668541 0.851274
2 0.546563 0.111211 0.0321169 0.0449989 0.85035
0 0.347203 0.342444 0.0474413 0.0586486 0.85025
0 0.7627 0.343359 0.0419186 0.0602908 0.850021
2 0.548071 0.0701334 0.032105 0.0425814 0.849775
0 0.657046 0.270593 0.0370007 0.0560529 0.849631
0 0.35295 0.28962 0.0449172 0.0549689 0.849486
0 0.156349 0.334129 0.0422206 0.0512819 0.848812
0 0.474021 0.197326 0.0411907 0.0524931 0.847558
0 0.725506 0.28438 0.0336586 0.0567746 0.847157
0 0.615609 0.21264 0.0461966 0.0524645 0.846753
0 0.265929 0.675651 0.0626951 0.0732792 0.846707
0 0.570889 0.426462 0.0384452 0.0675469 0.846655
0 0.891178 0.470502 0.0447517 0.0577552 0.846257
0 0.726839 0.336074 0.0347717 0.0614471 0.84525
2 0.48696 0.0246702 0.0369344 0.0403565 0.843766
0 0.576488 0.209099 0.0354409 0.0541787 0.843006
0 0.727664 0.503685 0.0350891 0.066587 0.842957
0 0.728018 0.446654 0.0358135 0.0632227 0.842914
0 0.574898 0.258576 0.0354679 0.0561249 0.842671
2 0.578288 0.116183 0.0329321 0.047208 0.841774
0 0.539544 0.3056 0.033827 0.0581166 0.840864
0 0.800816 0.512947 0.0301098 0.0614882 0.840233
0 0.195058 0.435109 0.0610123 0.055453 0.840187
0 0.200324 0.386285 0.0603531 0.0544449 0.839053
2 0.481061 0.106059 0.0384404 0.0433463 0.838984
2 0.65346 0.087775 0.0349358 0.0438169 0.838839
0 0.726234 0.563577 0.0342768 0.0645971 0.83878
2 0.579023 0.0739707 0.03204 0.0439956 0.838544
0 0.797187 0.402365 0.0281259 0.0593971 0.83809
2 0.480362 0.800514 0.0369888 0.0791614 0.837986
0 0.798634 0.68681 0.0323805 0.0604694 0.837867
0 0.760142 0.292153 0.0417559 0.0556744 0.837834
0 0.720173 0.186774 0.0314567 0.0490305 0.837618
0 0.57731 0.160413 0.034235 0.0503156 0.837137
0 0.795742 0.350192 0.0296878 0.0571461 0.836943
0 0.541505 0.253149 0.0340279 0.054755 0.836883
0 0.829183 0.685932 0.0317993 0.0588503 0.836879
0 0.573875 0.311492 0.0369303 0.0605101 0.8353
0 0.506687 0.602857 0.0759001 0.0731787 0.834907
0 0.82423 0.356809 0.0322384 0.0579987 0.834499
0 0.675405 0.438706 0.0710786 0.0652415 0.834203
0 0.829515 0.628341 0.0309547 0.0591077 0.834134
2 0.75817 0.817766 0.0423543 0.0802186 0.832115
0 0.760295 0.744948 0.0450731 0.058458 0.830143
0 0.545017 0.155836 0.0322517 0.048806 0.829879
2 0.615446 0.0790638 0.0430775 0.0446739 0.829813
0 0.459104 0.41106 0.042896 0.0640576 0.829426
0 0.889358 0.420182 0.0444588 0.0552609 0.828364
0 0.756899 0.243084 0.0417368 0.0511606 0.827146
0 0.830092 0.571629 0.0303007 0.0593249 0.827004
0 0.126139 0.334584 0.026392 0.0493789 0.826647
0 0.727615 0.390588 0.0353911 0.0631285 0.826338
0 0.790787 0.252514 0.0320373 0.0518856 0.826127
0 0.327996 0.573292 0.0494382 0.0671702 0.824939
0 0.829643 0.51603 0.030782 0.0605227 0.824617
0 0.72376 0.74604 0.0322672 0.0586851 0.824207
0 0.190212 0.48687 0.0604681 0.0616737 0.823616
0 0.79924 0.456958 0.0292135 0.0612149 0.823544
0 0.793596 0.300335 0.0311975 0.0556372 0.82333
0 0.886401 0.372123 0.0441674 0.0537276 0.823311
0 0.384342 0.644875 0.0763075 0.0714701 0.822684
0 0.215755 0.194456 0.0785743 0.0520843 0.822348
0 0.826187 0.408111 0.0336425 0.061705 0.821206
0 0.689684 0.179641 0.0354552 0.0504472 0.820953
0 0.504703 0.301032 0.0383209 0.0607774 0.818842
0 0.150472 0.380463 0.0433345 0.0504123 0.818569
0 0.892537 0.523907 0.0455581 0.0584633 0.817677
0 0.81851 0.260351 0.0307633 0.0512052 0.815971
0 0.273517 0.559604 0.0651526 0.0680467 0.815571
0 0.848114 0.314451 0.0279098 0.0510334 0.815184
2 0.264416 0.752361 0.0635737 0.101402 0.815125
0 0.821175 0.306572 0.0314764 0.0550101 0.814951
0 0.268633 0.61598 0.0643458 0.0680202 0.812875
0 0.263451 0.239538 0.0334654 0.0495002 0.812392
0 0.828181 0.46222 0.0316334 0.0590067 0.80839
0 0.852282 0.363686 0.0275659 0.0597508 0.807552
0 0.856047 0.465677 0.0273092 0.0582172 0.807432
0 0.321717 0.692697 0.0484729 0.0683111 0.807059
0 0.564055 0.609312 0.0410439 0.0707875 0.806663
0 0.463338 0.353018 0.0413584 0.058609 0.806435
0 0.857197 0.51944 0.0271632 0.0601424 0.805985
0 0.877978 0.278015 0.0458676 0.0485224 0.804921
2 0.614689 0.0401154 0.0420442 0.0393525 0.804489
0 0.743538 0.0732137 0.0372119 0.041655 0.804397
0 0.419173 0.192438 0.0713719 0.054824 0.804133
0 0.882346 0.324815 0.0459576 0.0521507 0.803578
0 0.857938 0.574156 0.0271386 0.0576991 0.802298
0 0.152134 0.243544 0.0446201 0.0452257 0.800938
2 0.48353 0.0648111 0.0373995 0.0404367 0.800425
0 0.773872 0.0826212 0.0274705 0.0393779 0.800353
0 0.798049 0.743286 0.0318664 0.0573244 0.797762
0 0.140285 0.47594 0.0431763 0.056883 0.79716
0 0.800989 0.569634 0.0313889 0.0614025 0.79713
2 0.91024 0.795996 0.0412144 0.0708299 0.796679
2 0.615602 0.166844 0.0451161 0.0501617 0.795651
0 0.358025 0.239866 0.0440197 0.0496309 0.795156
0 0.218292 0.240006 0.0654295 0.048393 0.793967
0 0.144544 0.426979 0.0440178 0.0514404 0.790663
2 0.394893 0.785894 0.0465637 0.0938787 0.789278
0 0.158647 0.201235 0.042663 0.0456098 0.788573
0 0.724502 0.68656 0.0337643 0.0637682 0.786888
0 0.119311 0.380345 0.0254203 0.0483021 0.786426
0 0.986403 0.628198 0.0271943 0.0474528 0.783597
0 0.904569 0.250496 0.0231655 0.0440493 0.783491
0 0.874091 0.234962 0.0436058 0.0438597 0.782007
2 0.654513 0.128845 0.035024 0.0461064 0.780825
0 0.492854 0.538091 0.0388634 0.0735789 0.780784
0 0.4673 0.297903 0.0415818 0.0599889 0.778962
0 0.84507 0.269488 0.0282853 0.0485046 0.777937
0 0.160445 0.287254 0.0446765 0.0501213 0.777757
0 0.268078 0.191663 0.0317608 0.0508973 0.774222
0 0.986347 0.674336 0.0268803 0.0498949 0.773161
0 0.281287 0.337795 0.0953349 0.0571505 0.771346
0 0.656257 0.220616 0.037195 0.0522297 0.770445
0 0.682917 0.0533231 0.0317315 0.0418131 0.770168
0 0.456502 0.470989 0.0441021 0.0654393 0.769985
0 0.289626 0.392112 0.0662218 0.0623711 0.769521
0 0.786872 0.205256 0.0312316 0.0483605 0.769164
0 0.28026 0.503007 0.0623215 0.0691646 0.769126
2 0.950028 0.788429 0.0403389 0.0758595 0.765789
0 0.657638 0.32453 0.0362942 0.0604809 0.764616
0 0.828279 0.741341 0.0313118 0.0560432 0.762008
0 0.867701 0.73734 0.0498159 0.0576607 0.759966
0 0.931627 0.431812 0.0443066 0.0546182 0.759361
0 0.858085 0.629076 0.0278267 0.0592096 0.757466
0 0.572725 0.367371 0.0381967 0.0660131 0.757375
0 0.692236 0.276388 0.0366582 0.0572232 0.757112
0 0.274376 0.390961 0.0964233 0.062462 0.754877
0 0.855049 0.414781 0.0278427 0.0582427 0.754791
2 0.579641 0.03205 0.0308254 0.0413284 0.753519
0 0.184978 0.538513 0.0591673 0.0607581 0.75132
2 0.719676 0.820703 0.0363431 0.0792588 0.749156
0 0.510064 0.200246 0.0355577 0.051655 0.747676
0 0.496151 0.475608 0.0378718 0.069963 0.747333
0 0.284782 0.446027 0.062172 0.0643003 0.747229
0 0.263429 0.500349 0.0950212 0.0711267 0.746482
0 0.294388 0.338297 0.0668582 0.0560623 0.74578
0 0.8938 0.629358 0.0455795 0.0568562 0.745134
0 0.136525 0.525458 0.0440913 0.0565113 0.744918
0 0.909392 0.292033 0.0237617 0.0453843 0.744717
0 0.810399 0.171407 0.0303695 0.0453282 0.743237
2 0.318717 0.766173 0.0454183 0.0887257 0.738554
0 0.935838 0.478677 0.0475857 0.0573586 0.738472
0 0.220304 0.665371 0.0298875 0.0670093 0.738445
0 0.674832 0.498352 0.0723467 0.0692488 0.735838
0 0.47097 0.246156 0.0402353 0.0531226 0.731313
0 0.92687 0.680182 0.0243194 0.0542816 0.730713
2 0.750629 0.153344 0.0386314 0.0459971 0.730354
2 0.655509 0.173451 0.0362752 0.0504098 0.72982
0 0.89382 0.576229 0.0461672 0.0574158 0.728873
0 0.383189 0.707543 0.0790727 0.0752122 0.725074
0 0.714718 0.10153 0.0312822 0.0450283 0.724057
0 0.935187 0.527751 0.0420536 0.0554315 0.719802
0 0.501637 0.357801 0.0401482 0.0632922 0.712637
0 0.841148 0.223773 0.0261003 0.0482796 0.710815
0 0.674099 0.560378 0.0731167 0.0669739 0.709362
0 0.189302 0.656242 0.038735 0.0762008 0.709129
1 0.44548 0.65819 0.0445324 0.0702862 0.708519
0 0.985875 0.720327 0.0281498 0.0467892 0.705422
0 0.711875 0.0617815 0.0305557 0.0414851 0.70477
2 0.717276 0.143657 0.0321127 0.0456417 0.704581
0 0.783129 0.161436 0.0297878 0.0438053 0.703834
2 0.650231 0.0157927 0.0339662 0.0315855 0.702908
0 0.443086 0.721485 0.0444654 0.0721852 0.702761
0 0.691515 0.227168 0.0361202 0.0513985 0.702421
0 0.796154 0.0568458 0.0287681 0.0369283 0.701163
0 0.924637 0.729445 0.0226234 0.0559867 0.699874
0 0.985849 0.580838 0.027523 0.0490508 0.6987
0 0.48365 0.727131 0.039184 0.0716139 0.698384
0 0.990779 0.449172 0.0184423 0.0457466 0.697577
0 0.95308 0.725936 0.0379956 0.0543788 0.697461
0 0.269588 0.444038 0.0935699 0.0631462 0.694889
0 0.114261 0.426079 0.0248122 0.0485533 0.693814
0 0.222993 0.606788 0.0289339 0.0645403 0.692934
0 0.518028 0.358528 0.0724742 0.0642291 0.690029
2 0.619245 0.820636 0.0901876 0.089764 0.68932
0 0.516234 0.418026 0.072887 0.0693623 0.688253
2 0.614962 0.431233 0.0502098 0.0674766 0.685694
0 0.858123 0.684888 0.0286636 0.0572311 0.685579
0 0.508046 0.248072 0.036055 0.0530046 0.682894
0 0.186963 0.593491 0.049243 0.0631491 0.681967
0 0.935881 0.578707 0.041059 0.05225 0.680898
0 0.362464 0.191049 0.042865 0.0524564 0.679604
0 0.104762 0.520186 0.024759 0.0573947 0.678759
0 0.604863 0.743058 0.0544714 0.0736406 0.678505
0 0.790274 0.0219296 0.0268208 0.0358313 0.676083
0 0.692811 0.327918 0.0370491 0.0613543 0.667792
0 0.988715 0.405885 0.0225708 0.048133 0.665924
0 0.753637 0.196755 0.0391855 0.0488025 0.665771
0 0.504781 0.666559 0.0757177 0.0717878 0.664783
2 0.535987 0.813023 0.0763077 0.0897902 0.664552
0 0.109126 0.471154 0.0234346 0.0507274 0.663498
2 0.514876 0.108437 0.0345565 0.0440592 0.662459
0 0.903264 0.733609 0.0243015 0.0569351 0.662372
0 0.778578 0.121126 0.0290403 0.0429014 0.66147
0 0.962925 0.627987 0.0222683 0.051188 0.655535
0 0.672765 0.622249 0.0731911 0.0669297 0.652829
2 0.687354 0.135246 0.0343206 0.0483199 0.650787
0 0.717188 0.142955 0.0304792 0.0470054 0.648247
0 0.930454 0.259139 0.0332489 0.0406429 0.644505
0 0.935147 0.629123 0.0392653 0.0533938 0.644296
0 0.312177 0.19061 0.0622318 0.0521596 0.643682
2 0.61302 0.491456 0.0526438 0.0667304 0.643463
0 0.675947 0.382111 0.0704832 0.0640015 0.638755
0 0.985678 0.364299 0.0248588 0.0450563 0.635823
0 0.612354 0.551061 0.0519361 0.0683713 0.634672
0 0.927824 0.383558 0.0428719 0.0501831 0.630396
0 0.994146 0.330875 0.0117071 0.0383559 0.630282
0 0.134744 0.57741 0.0531055 0.0570136 0.629874
0 0.14471 0.288203 0.0489615 0.0495811 0.629026
0 0.96407 0.578981 0.0202872 0.0496738 0.624953
0 0.99293 0.294675 0.0140861 0.0393331 0.62448
0 0.452933 0.533526 0.0447952 0.0707913 0.623691
0 0.126746 0.625911 0.0433417 0.0562774 0.623418
0 0.537789 0.36128 0.0334511 0.0641984 0.622647
0 0.688979 0.685083 0.038837 0.0642207 0.621924
2 0.518586 0.0262004 0.0320681 0.0417618 0.619518
0 0.318058 0.287214 0.0335983 0.0523946 0.617753
0 0.959338 0.676707 0.028874 0.0513672 0.616435
2 0.517269 0.812457 0.03723 0.0898862 0.616114
0 0.606921 0.676783 0.0526615 0.0700339 0.61591
2 0.357097 0.777468 0.0310008 0.0876267 0.614692
0 0.868543 0.191813 0.0396321 0.0407834 0.612705
0 0.503764 0.476023 0.0538597 0.0693614 0.609343
0 0.899023 0.208956 0.0248905 0.0381421 0.609138
0 0.934358 0.299986 0.036257 0.0436664 0.608051
2 0.809461 0.814662 0.0585939 0.0815745 0.607023
0 0.99228 0.492233 0.0154391 0.0503627 0.60576
0 0.902297 0.682408 0.0274216 0.0560322 0.603647
0 0.132479 0.288209 0.0263505 0.0486057 0.602176
0 0.100007 0.570471 0.0217302 0.0563546 0.600671
0 0.963327 0.530566 0.0195715 0.0525125 0.597654
0 0.983561 0.53314 0.0263611 0.0494071 0.596213
0 0.682632 0.326643 0.0561771 0.0638354 0.591416
0 0.954648 0.391158 0.021453 0.0451466 0.590695
0 0.609089 0.613065 0.0532581 0.0700557 0.588775
0 0.800907 0.0931059 0.0284746 0.0398473 0.587461
2 0.747338 0.111938 0.03781 0.0433289 0.587275
0 0.672276 0.683416 0.0723365 0.0655002 0.587206
0 0.974835 0.442536 0.0186992 0.0478918 0.586497
0 0.687954 0.746638 0.0403475 0.0658153 0.586315
0 0.308733 0.28703 0.0546108 0.0521861 0.582843
0 0.502024 0.728661 0.075191 0.0730766 0.581841
0 0.73979 0.0362247 0.0369762 0.0387391 0.580856
2 0.805705 0.131584 0.0281386 0.0413564 0.57837
0 0.989806 0.536384 0.0203873 0.0512697 0.577579
2 0.765782 0.0164794 0.0259914 0.0329589 0.575947
0 0.966864 0.27517 0.0354982 0.040138 0.56429
0 0.509567 0.538867 0.0734685 0.073377 0.560999
0 0.838807 0.183012 0.0251399 0.0422332 0.55906
0 0.528272 0.541239 0.038541 0.0722174 0.557193
2 0.68332 0.822318 0.038187 0.0823241 0.556333
2 0.516935 0.0662971 0.0328711 0.041757 0.555221
0 0.990459 0.261081 0.0168787 0.0360937 0.554882
0 0.272027 0.286832 0.0635803 0.0528644 0.554352
0 0.976902 0.486545 0.017647 0.0481634 0.548744
0 0.972109 0.398753 0.018263 0.0459748 0.547628
0 0.394694 0.709473 0.0574205 0.0744656 0.537739
0 0.691208 0.559821 0.0378826 0.0657247 0.536382
0 0.99302 0.53591 0.0139596 0.0492356 0.531761
0 0.499774 0.414743 0.0404941 0.0650917 0.530473
0 0.306256 0.239241 0.0590117 0.0492338 0.529664
0 0.488823 0.247911 0.0748208 0.0548545 0.529209
0 0.9369 0.340878 0.0341514 0.0457889 0.523788
