0 0.269006 0.416685 0.0639431 0.0728773 0.913122
1 0.0678129 0.24879 0.0476529 0.0896502 0.911591
1 0.0663722 0.437802 0.0535604 0.0985229 0.906173
1 0.272544 0.492986 0.0645142 0.0814435 0.903529
1 0.184626 0.508694 0.0508627 0.0928728 0.902365
2 0.180261 0.421846 0.0489346 0.0856951 0.893995
1 0.133913 0.625597 0.0631448 0.128202 0.892689
1 0.129462 0.521547 0.063029 0.100301 0.89
1 0.224036 0.497977 0.033722 0.0833584 0.888132
0 0.218126 0.338805 0.0325284 0.0779267 0.879626
1 0.0218293 0.547716 0.0435953 0.106005 0.877466
0 0.220549 0.416401 0.032668 0.0759229 0.876521
2 0.177895 0.337122 0.0469249 0.0780226 0.871281
1 0.0720339 0.16186 0.0482516 0.0877964 0.870536
1 0.320852 0.477763 0.0335422 0.069933 0.870466
2 0.262304 0.201426 0.0616854 0.0770972 0.870089
1 0.0757138 0.647793 0.0614945 0.128769 0.869069
0 0.373984 0.407748 0.0212467 0.0576362 0.868716
2 0.176932 0.257755 0.0450883 0.0826151 0.868313
0 0.019265 0.44402 0.0385301 0.0952168 0.866295
2 0.122664 0.337465 0.0604369 0.0833277 0.865657
1 0.189444 0.60802 0.0524517 0.121673 0.864748
1 0.324032 0.55723 0.0342509 0.0965298 0.863066
2 0.263907 0.269149 0.0628134 0.073347 0.862812
1 0.276771 0.581578 0.0658786 0.111481 0.861575
0 0.371474 0.350441 0.0208949 0.0593171 0.858063
1 0.352103 0.470366 0.0317366 0.061779 0.852865
0 0.0194682 0.343812 0.0389363 0.0975125 0.850895
2 0.177587 0.18215 0.0461538 0.0890549 0.850495
1 0.229996 0.592401 0.0366109 0.107142 0.849694
0 0.265683 0.342268 0.0620157 0.0746156 0.849087
0 0.454387 0.452963 0.016771 0.0328072 0.846295
2 0.179825 0.105888 0.0445675 0.0850851 0.844223
1 0.0695764 0.536039 0.0580186 0.10292 0.842103
2 0.262244 0.137832 0.0607074 0.0762817 0.832676
0 0.46948 0.449705 0.0168081 0.0326369 0.83134
2 0.36881 0.293216 0.0206613 0.0559168 0.82899
2 0.124384 0.16764 0.0576831 0.0901866 0.82854
2 0.367038 0.238041 0.0209476 0.0601586 0.828049
1 0.376715 0.46612 0.0225391 0.0597616 0.827919
2 0.385448 0.14314 0.021777 0.0568649 0.827575
2 0.263036 0.0774045 0.0581314 0.0795457 0.825375
2 0.0353847 0.0722255 0.0496773 0.0826264 0.817126
0 0.470971 0.206173 0.018977 0.0329074 0.816726
2 0.325204 0.221476 0.0628279 0.0729344 0.815032
2 0.122622 0.251452 0.060325 0.0851055 0.81397
1 0.355373 0.541719 0.0316729 0.0806284 0.813684
0 0.395781 0.408178 0.0253962 0.0549193 0.811108
2 0.487448 0.479742 0.0189692 0.035574 0.810865
2 0.218802 0.0580097 0.0307187 0.0701089 0.810751
2 0.327094 0.281355 0.0647414 0.0691224 0.808437
2 0.132497 0.0284037 0.0598585 0.0568074 0.808133
2 0.0255745 0.151539 0.0488028 0.082014 0.808075
2 0.182325 0.038338 0.0438561 0.076676 0.806536
0 0.455417 0.213786 0.0148916 0.0303993 0.802825
2 0.388865 0.244714 0.02382 0.0543783 0.800444
0 0.493571 0.229222 0.0241017 0.0324385 0.797943
0 0.438943 0.45464 0.0158625 0.032077 0.797554
1 0.0659149 0.340906 0.0511301 0.0912542 0.794325
0 0.452269 0.423117 0.0170244 0.0306947 0.794246
0 0.472851 0.234594 0.0176737 0.0336332 0.788987
0 0.469681 0.176678 0.0180391 0.0334374 0.786529
1 0.0275103 0.665036 0.0532725 0.133657 0.78425
2 0.38367 0.0950021 0.0221118 0.0553042 0.781997
0 0.483396 0.418254 0.0182291 0.0269563 0.778998
1 0.797733 0.371137 0.0187238 0.0249767 0.777579
0 0.485696 0.445823 0.0192116 0.0315354 0.777339
1 0.78076 0.372723 0.017744 0.0269134 0.776401
0 0.492169 0.199581 0.0241942 0.0347454 0.772049
0 0.468441 0.146739 0.0179663 0.0359681 0.771782
2 0.455253 0.487556 0.0167473 0.0370108 0.769164
2 0.217074 0.123289 0.0305953 0.0732901 0.76912
2 0.363948 0.131929 0.0204669 0.0606503 0.768834
0 0.393678 0.353601 0.0248024 0.055339 0.768116
2 0.263021 0.024224 0.0578845 0.048448 0.767563
0 0.47787 0.323911 0.0181194 0.033127 0.763222
2 0.365086 0.18505 0.0207941 0.0598766 0.759811
1 0.0836668 0.0213583 0.0460851 0.0427165 0.759577
0 0.448302 0.361641 0.0160912 0.0311696 0.758349
0 0.34906 0.408499 0.0314634 0.0622806 0.756809
2 0.363015 0.0801621 0.0199701 0.0602486 0.755398
2 0.361972 0.0343183 0.0190824 0.0565368 0.754057
0 0.476021 0.294414 0.017635 0.0326457 0.753588
2 0.00880744 0.0681491 0.0175531 0.0819185 0.749763
2 0.386901 0.194016 0.0225798 0.0519815 0.747578
0 0.48942 0.138992 0.0254805 0.0379898 0.747518
0 0.453865 0.185782 0.0152106 0.0338717 0.745972
2 0.391208 0.297985 0.0240727 0.053029 0.745403
0 0.317913 0.410562 0.0329587 0.063731 0.745351
2 0.471383 0.483999 0.016643 0.0371653 0.744708
0 0.51527 0.222266 0.0183062 0.0311165 0.742882
0 0.474197 0.264831 0.0170786 0.0340354 0.742166
0 0.479749 0.354576 0.0190338 0.0358566 0.739697
0 0.451942 0.155083 0.01602 0.0341074 0.738613
1 0.397577 0.463991 0.0233129 0.054768 0.738208
0 0.43501 0.395721 0.0144116 0.0326701 0.736685
0 0.516982 0.251469 0.0195967 0.0284753 0.728141
1 0.781535 0.397943 0.0177146 0.0279031 0.725402
0 0.0216222 0.242192 0.0432356 0.0985541 0.723611
1 0.0789871 0.0794547 0.0482546 0.0821783 0.72193
0 0.436449 0.425756 0.0149944 0.0303859 0.721539
0 0.124275 0.427976 0.0612841 0.0924988 0.717045
2 0.216393 0.263234 0.0327967 0.0775414 0.715878
0 0.409481 0.201968 0.0179052 0.0329375 0.715343
0 0.495732 0.288105 0.0213871 0.0346269 0.71118
2 0.382674 0.0488139 0.0226809 0.0557066 0.710783
0 0.43318 0.191382 0.029562 0.0326406 0.710205
0 0.513717 0.192403 0.0191429 0.0306585 0.70493
2 0.324417 0.165229 0.0609439 0.0737592 0.699599
0 0.481983 0.389751 0.0195463 0.0348299 0.699599
2 0.215673 0.191964 0.0309346 0.075052 0.697071
0 0.460135 0.298708 0.014626 0.0322667 0.694608
0 0.446314 0.331798 0.0156395 0.0316329 0.694434
1 0.380413 0.537145 0.0217481 0.0831938 0.686537
0 0.444149 0.302094 0.0171858 0.0319304 0.679883
0 0.414173 0.311403 0.0163984 0.0301381 0.679439
2 0.513199 0.477954 0.0332657 0.0334168 0.677901
0 0.44992 0.39324 0.0157639 0.0334369 0.67781
0 0.514339 0.444216 0.0382122 0.0348179 0.677602
2 0.220872 0.015142 0.0280792 0.030284 0.674906
0 0.431637 0.164041 0.0287819 0.0338173 0.671774
0 0.490587 0.169187 0.0251686 0.0342084 0.670664
0 0.512464 0.163972 0.0193834 0.0329612 0.670271
0 0.432517 0.363874 0.0152344 0.032724 0.666457
0 0.464364 0.391053 0.0143831 0.0336767 0.662913
0 0.416316 0.369431 0.0170984 0.0304371 0.659349
0 0.457068 0.238872 0.0140118 0.03116 0.649371
0 0.435383 0.245026 0.0276059 0.0320701 0.646266
0 0.45853 0.268215 0.014118 0.0328123 0.640964
0 0.411651 0.255261 0.0174916 0.0350235 0.637222
0 0.418846 0.398878 0.0182309 0.0316998 0.63483
0 0.4949 0.257717 0.0230232 0.0343754 0.627927
0 0.412351 0.282652 0.0170261 0.0315382 0.625804
2 0.321357 0.1037 0.0583714 0.0855727 0.618083
0 0.434074 0.218409 0.0286982 0.0320662 0.618064
1 0.127431 0.089176 0.059692 0.0826709 0.616243
0 0.511753 0.133397 0.0192231 0.032234 0.615825
0 0.468489 0.423408 0.0168466 0.0312736 0.610971
0 0.49739 0.318123 0.021033 0.0330943 0.607564
1 0.797256 0.395567 0.0166439 0.0260134 0.607431
2 0.0408403 0.0157383 0.0447175 0.0308325 0.606792
0 0.431101 0.333939 0.0138361 0.0304359 0.593061
0 0.607684 0.401386 0.0133537 0.0202591 0.590823
0 0.421002 0.427465 0.0177067 0.0304554 0.588779
0 0.415875 0.341118 0.0177309 0.0345605 0.586377
0 0.504799 0.41192 0.0258348 0.0355732 0.584534
0 0.521437 0.34363 0.0196474 0.0338267 0.580138
0 0.461689 0.329185 0.0146282 0.0339656 0.579931
0 0.520438 0.312991 0.019137 0.0301613 0.575432
0 0.438674 0.273511 0.0248249 0.031103 0.573985
0 0.608179 0.424269 0.0133329 0.0219067 0.573104
0 0.518688 0.282238 0.0200566 0.0311491 0.572199
2 0.338273 0.111712 0.0308691 0.0750108 0.561753
2 0.127023 0.0895524 0.0596701 0.0817578 0.560092
1 0.815068 0.368817 0.0184151 0.0226649 0.55433
2 0.338773 0.0621125 0.0289829 0.0653118 0.552052
2 0.439495 0.490123 0.0158207 0.0375669 0.548256
2 0.326212 0.34547 0.0586747 0.0694075 0.544186
0 0.432902 0.304524 0.020465 0.0309432 0.536198
0 0.216386 0.263176 0.0316343 0.0777664 0.515318
1 0.759575 0.375322 0.0184196 0.0257634 0.510182
2 0.310057 0.0445089 0.0371904 0.0736014 0.50141
