1 0.727039 0.592717 0.0947423 0.104175 0.913416
1 0.855206 0.574776 0.0447626 0.0804402 0.874914
1 0.85527 0.656932 0.0460091 0.0905717 0.862906
1 0.795574 0.581322 0.0387858 0.0867506 0.818256
1 0.794892 0.676191 0.0391695 0.0988054 0.817996
1 0.727782 0.701027 0.0907679 0.117585 0.806411
1 0.488495 0.729007 0.0321187 0.117667 0.7846
1 0.4572 0.713919 0.0271309 0.0976517 0.745321
1 0.869176 0.463897 0.0132095 0.0152492 0.693923
1 0.881853 0.46209 0.0121078 0.0152365 0.650295
1 0.868051 0.448053 0.0136154 0.0156285 0.602915
1 0.869607 0.493303 0.0124316 0.0161911 0.584218
1 0.881363 0.445558 0.0119305 0.0163454 0.574157
1 0.334121 0.596091 0.0255377 0.0400677 0.559583
1 0.306117 0.596567 0.0282271 0.0395732 0.547895
1 0.856988 0.468485 0.0125704 0.0156249 0.532477
1 0.882091 0.492989 0.0123947 0.0152032 0.503091
