0 0.41034 0.0380717 0.0924259 0.0752303 0.890237
0 0.182615 0.159178 0.0745584 0.0897988 0.860566
2 0.61532 0.185068 0.0531309 0.0850429 0.852959
0 0.614771 0.107655 0.0515909 0.0747082 0.852554
0 0.412115 0.112063 0.0938731 0.0798687 0.851239
0 0.321526 0.0485761 0.0850588 0.0889148 0.846725
0 0.613961 0.0389094 0.0504075 0.0695359 0.845388
0 0.478655 0.0353551 0.0439751 0.0684132 0.844455
0 0.545286 0.0354703 0.0872204 0.0690118 0.837859
2 0.18295 0.241312 0.0743555 0.101013 0.800382
0 0.658117 0.0437316 0.0375141 0.07307 0.771387
2 0.767843 0.207938 0.107226 0.0961042 0.747194
2 0.291305 0.207924 0.0681714 0.095507 0.730016
0 0.955011 0.150061 0.0155811 0.0506728 0.717187
0 0.697431 0.0508244 0.0370226 0.0773261 0.714587
2 0.85785 0.15802 0.024213 0.0644301 0.712322
0 0.178405 0.0297342 0.0683038 0.0594683 0.691397
0 0.546002 0.110877 0.0885931 0.0814966 0.656943
0 0.952588 0.0160916 0.0148643 0.0321832 0.647756
2 0.851395 0.0327792 0.0370617 0.0655584 0.621148
2 0.841901 0.219246 0.0528633 0.0834953 0.60471
2 0.892531 0.168708 0.0436676 0.0558846 0.599133
1 0.52368 0.193323 0.0414586 0.0826564 0.596794
1 0.796531 0.0251284 0.0309515 0.0502568 0.582362
2 0.82167 0.0855359 0.0234072 0.0631987 0.577642
1 0.940129 0.086355 0.0156898 0.0593902 0.565366
1 0.479254 0.193711 0.039584 0.0880885 0.564981
0 0.697736 0.116118 0.0365864 0.067224 0.564132
2 0.923822 0.131801 0.0197634 0.0640171 0.563419
0 0.795558 0.0777289 0.0296597 0.0665201 0.550609
0 0.747944 0.127063 0.0641809 0.0753664 0.539095
0 0.953517 0.0497376 0.0140167 0.0380966 0.536783
2 0.841018 0.092206 0.0172764 0.0643351 0.525739
2 0.746373 0.205126 0.0632617 0.0960136 0.52452
2 0.17866 0.0885606 0.0685438 0.0662523 0.521849
0 0.321701 0.120373 0.0867534 0.085821 0.51616
2 0.858507 0.0971666 0.0246164 0.0651968 0.504807
