0 0.484492 0.299036 0.0750713 0.0585022 0.903421
0 0.54991 0.483185 0.0754555 0.0683919 0.902909
0 0.488026 0.247368 0.0738361 0.0546221 0.901802
0 0.473312 0.473365 0.0795988 0.0696259 0.895089
0 0.548228 0.545093 0.0751833 0.070887 0.892807
0 0.692903 0.384674 0.0373009 0.0637867 0.888506
0 0.546251 0.608308 0.075836 0.0730646 0.888212
0 0.764438 0.566341 0.0419737 0.0642411 0.886162
0 0.206767 0.335845 0.0623242 0.0517583 0.884129
0 0.616404 0.264291 0.0492629 0.0586045 0.883205
0 0.551384 0.422657 0.0751959 0.068855 0.881925
0 0.765286 0.508631 0.0420395 0.0646443 0.879677
2 0.482937 0.0650094 0.0375637 0.0405445 0.87966
0 0.381074 0.707577 0.0768553 0.0770734 0.87921
0 0.799177 0.628024 0.0314298 0.0610436 0.874498
0 0.480945 0.353677 0.0764234 0.0617401 0.874269
0 0.693007 0.440832 0.0366168 0.0630838 0.872444
0 0.798469 0.686911 0.031034 0.0603002 0.872059
0 0.396636 0.462689 0.0748724 0.063087 0.87173
2 0.546304 0.110784 0.031786 0.0446714 0.871693
2 0.547559 0.0697114 0.031262 0.0426404 0.871043
0 0.692666 0.329315 0.0384365 0.0616214 0.870381
0 0.389015 0.584386 0.0760774 0.0753697 0.869593
0 0.470815 0.534103 0.081552 0.0735612 0.869082
0 0.477759 0.149871 0.0396072 0.047225 0.868885
0 0.543211 0.671322 0.0764727 0.0722394 0.868559
0 0.764936 0.451913 0.0412946 0.0643025 0.868367
2 0.615575 0.372269 0.0500712 0.0647216 0.867898
0 0.799445 0.513485 0.0290729 0.0615261 0.867321
0 0.726975 0.563336 0.0364041 0.0644704 0.866728
0 0.393411 0.524198 0.0760432 0.0731343 0.866241
0 0.691127 0.560499 0.0388346 0.0651138 0.865925
0 0.542888 0.203641 0.0339826 0.0514793 0.86462
0 0.467371 0.597738 0.0840445 0.075042 0.863465
2 0.485251 0.0247945 0.0383639 0.0405833 0.861982
0 0.383804 0.643273 0.0766121 0.0711811 0.861068
0 0.689124 0.684799 0.03965 0.063333 0.861009
0 0.404802 0.346812 0.075015 0.0582428 0.860867
2 0.652433 0.0483351 0.0350683 0.0406915 0.859448
0 0.763134 0.397569 0.0411716 0.0583441 0.857115
0 0.419734 0.192218 0.0720347 0.0543996 0.856495
0 0.476245 0.410775 0.0789573 0.0688378 0.856306
0 0.762021 0.345458 0.0422819 0.0606175 0.855823
2 0.615637 0.121542 0.0448648 0.0479186 0.855641
0 0.692098 0.499281 0.0381649 0.0688971 0.855441
0 0.212546 0.286692 0.0630051 0.0505572 0.854636
0 0.727639 0.503892 0.035689 0.0661397 0.854196
0 0.615766 0.213629 0.0479974 0.0536901 0.85316
0 0.8292 0.62869 0.0314674 0.0592492 0.853068
0 0.398815 0.403907 0.0732048 0.0654164 0.852326
2 0.577797 0.115886 0.0331014 0.0467377 0.851857
0 0.194632 0.435448 0.0594754 0.0574252 0.850989
0 0.657309 0.270341 0.0361156 0.0557769 0.850532
0 0.265772 0.675272 0.0648381 0.0715266 0.850196
0 0.189163 0.486466 0.0590102 0.0624215 0.849999
0 0.274457 0.56005 0.0687636 0.0675569 0.849888
2 0.536882 0.814395 0.0767637 0.0930723 0.849697
2 0.615703 0.166905 0.0463577 0.0500746 0.849104
2 0.653623 0.087417 0.0349216 0.043613 0.848137
2 0.578518 0.0741191 0.0325928 0.0439112 0.848057
0 0.727922 0.447007 0.0359186 0.0629737 0.847778
2 0.864405 0.808395 0.0491638 0.0748248 0.847636
0 0.797771 0.742161 0.0300787 0.0558591 0.846634
0 0.726995 0.336904 0.033707 0.06347 0.845459
0 0.725495 0.284518 0.0327482 0.0579616 0.844766
0 0.727569 0.391516 0.0349369 0.0630939 0.844281
2 0.319086 0.766718 0.0459387 0.0923074 0.843873
0 0.760098 0.293034 0.0427914 0.0572876 0.843692
0 0.334934 0.513177 0.0449495 0.065189 0.843453
2 0.615375 0.0785196 0.0434095 0.0438194 0.84325
0 0.657781 0.324103 0.0358809 0.0620695 0.84323
0 0.461838 0.722714 0.0836739 0.0710278 0.842987
0 0.321347 0.690887 0.0468369 0.0659389 0.842926
0 0.576663 0.16017 0.0337027 0.0495081 0.841876
2 0.37992 0.78516 0.0761517 0.100043 0.84119
0 0.720289 0.187207 0.0308551 0.0481556 0.840687
0 0.692389 0.276886 0.0379685 0.0564913 0.84051
0 0.463648 0.660056 0.083514 0.0744174 0.839671
0 0.68946 0.622353 0.0393305 0.0649371 0.83949
0 0.790588 0.253788 0.0325794 0.051382 0.839453
0 0.796223 0.403197 0.0283687 0.0572682 0.838988
2 0.264691 0.75264 0.0638763 0.101169 0.837241
0 0.795592 0.351023 0.0293636 0.0574504 0.836761
0 0.797864 0.45785 0.0284533 0.0611425 0.836422
2 0.615066 0.431594 0.0518286 0.0670557 0.835205
0 0.828515 0.685669 0.0318523 0.0580369 0.834895
0 0.200336 0.385584 0.0598882 0.0553706 0.834838
0 0.541052 0.253626 0.0364443 0.0544912 0.834777
0 0.544786 0.155319 0.0323072 0.0485348 0.834147
0 0.723039 0.234915 0.0311087 0.0520968 0.833193
2 0.578761 0.0330345 0.0323523 0.040694 0.832667
0 0.57533 0.257909 0.0342999 0.0565763 0.83262
2 0.614738 0.0396689 0.0422482 0.0398338 0.831929
0 0.491196 0.197307 0.0732551 0.0537813 0.831438
0 0.823121 0.355864 0.0304955 0.0573644 0.829964
0 0.757 0.243261 0.0420339 0.0513021 0.8299
0 0.827332 0.741575 0.0327884 0.0561986 0.829822
0 0.575936 0.208965 0.0342503 0.0532607 0.82931
2 0.4809 0.106099 0.038369 0.0432329 0.828706
0 0.130204 0.577654 0.0449013 0.0581561 0.827662
0 0.615981 0.317071 0.0498092 0.0622139 0.82465
0 0.157136 0.33269 0.0422827 0.0494621 0.824312
2 0.654584 0.128622 0.0346882 0.0461439 0.824028
0 0.688912 0.745687 0.0411257 0.0639196 0.823833
0 0.689451 0.181006 0.0355783 0.0511362 0.823378
0 0.342899 0.397752 0.0448351 0.0604722 0.822957
0 0.338455 0.455213 0.0451899 0.0647787 0.821829
0 0.724167 0.745404 0.032065 0.0576539 0.820122
0 0.904786 0.249863 0.0232086 0.043567 0.819947
2 0.655675 0.173537 0.0358013 0.0502642 0.819931
0 0.263037 0.239671 0.0318859 0.0490568 0.819654
0 0.150147 0.379403 0.0457705 0.0511464 0.819218
0 0.285253 0.4462 0.0668887 0.0666192 0.818353
0 0.513014 0.151707 0.0346301 0.0467712 0.817764
0 0.142889 0.426594 0.0480027 0.052115 0.817433
0 0.329371 0.572106 0.0459128 0.0677515 0.816872
0 0.857417 0.62901 0.0278752 0.0584509 0.816629
0 0.793631 0.301504 0.0312918 0.0547437 0.815535
0 0.81843 0.261005 0.0303189 0.0504331 0.815195
0 0.763451 0.625954 0.042179 0.0642684 0.81364
0 0.760947 0.743544 0.0447448 0.0575479 0.813132
0 0.269529 0.615613 0.0668733 0.0680203 0.811957
0 0.289429 0.391216 0.068711 0.0609416 0.811759
2 0.910023 0.796326 0.0419289 0.0711648 0.809762
0 0.909083 0.291942 0.0239853 0.0461756 0.80955
0 0.857581 0.574333 0.0279877 0.0577848 0.809241
0 0.184628 0.539229 0.0593279 0.0613992 0.808096
2 0.747537 0.111915 0.03749 0.043918 0.807694
0 0.828589 0.517198 0.0322907 0.0624755 0.805387
0 0.857178 0.684744 0.0276974 0.0577359 0.804427
0 0.820833 0.306867 0.0315491 0.0526897 0.804076
2 0.618997 0.82015 0.0911854 0.0916699 0.803225
0 0.829298 0.571968 0.0309492 0.0604934 0.800414
0 0.279859 0.5032 0.0674955 0.0705671 0.800151
0 0.347632 0.342326 0.044677 0.0596367 0.799125
2 0.687442 0.135963 0.0340448 0.047472 0.798914
0 0.139291 0.475584 0.0463316 0.0552563 0.798613
0 0.410601 0.293159 0.0727312 0.0588851 0.798588
2 0.758305 0.817909 0.0424231 0.0773989 0.796138
0 0.725894 0.624461 0.0353402 0.0653454 0.795419
0 0.158765 0.200985 0.0421464 0.0441471 0.795257
0 0.1353 0.525682 0.0444777 0.0556849 0.792701
0 0.126888 0.332656 0.024882 0.0481321 0.792325
2 0.765801 0.0168359 0.0264009 0.0329799 0.791291
0 0.856652 0.738586 0.0280236 0.0561702 0.790839
0 0.553663 0.362755 0.0736181 0.0663605 0.789577
0 0.762736 0.686628 0.0430112 0.0624939 0.78704
0 0.826591 0.462679 0.0317198 0.0590097 0.786287
0 0.153122 0.241542 0.0452735 0.0420176 0.782715
0 0.416224 0.241786 0.0722136 0.051794 0.782079
0 0.787117 0.206536 0.0317766 0.0486887 0.778838
0 0.257055 0.28642 0.0331569 0.0529811 0.778316
0 0.226923 0.551579 0.0299667 0.0631795 0.777918
0 0.324085 0.631917 0.0470494 0.0738033 0.776972
0 0.181607 0.594086 0.0581937 0.0641822 0.776888
2 0.823382 0.812394 0.0324944 0.0770116 0.776273
0 0.985164 0.534974 0.0296728 0.0492248 0.776116
0 0.856893 0.519877 0.0287538 0.0597368 0.774871
0 0.161669 0.285299 0.0451125 0.0511971 0.77333
0 0.312395 0.190386 0.0632583 0.052653 0.772925
2 0.685326 0.093747 0.0329578 0.0448606 0.77001
2 0.657821 0.379638 0.0358849 0.0628929 0.76918
0 0.308015 0.239452 0.0655189 0.0495365 0.76841
0 0.824763 0.40803 0.0321534 0.0598282 0.764655
0 0.924381 0.728719 0.0241538 0.0542053 0.764023
2 0.793554 0.814958 0.0281501 0.0779838 0.76376
0 0.476995 0.197274 0.0449876 0.051482 0.759763
2 0.750616 0.153105 0.0383118 0.0456937 0.759365
0 0.725019 0.686692 0.0344928 0.0628766 0.756849
0 0.799808 0.569893 0.0310488 0.0619388 0.756538
0 0.925185 0.680427 0.0239003 0.054088 0.75272
0 0.222734 0.607704 0.0297934 0.0650789 0.751154
0 0.29561 0.33775 0.0681505 0.0573135 0.751017
0 0.774289 0.0832174 0.0272844 0.0393371 0.750367
0 0.249182 0.337099 0.0331741 0.0555852 0.748457
0 0.268214 0.191747 0.0308323 0.0512738 0.748426
0 0.918151 0.383646 0.0249019 0.0499121 0.741549
2 0.714749 0.101747 0.0313 0.0439188 0.736528
0 0.902538 0.471827 0.0233204 0.0565507 0.735781
0 0.549152 0.307558 0.0588776 0.0603214 0.733361
0 0.986099 0.673242 0.0273632 0.0492992 0.73209
0 0.953248 0.723796 0.0369335 0.0516559 0.731838
0 0.985892 0.580727 0.0282168 0.0496367 0.731453
0 0.199998 0.195859 0.0467088 0.0495537 0.728333
0 0.657035 0.220738 0.035693 0.0537613 0.727441
0 0.986133 0.627763 0.0277343 0.046975 0.726982
0 0.924768 0.526483 0.0237495 0.0541182 0.721635
0 0.865473 0.415946 0.0524797 0.0559373 0.719413
2 0.806099 0.131663 0.0279484 0.0419769 0.71936
0 0.984061 0.490566 0.0318782 0.0489885 0.71911
0 0.925228 0.430956 0.0319798 0.0543728 0.718137
2 0.548023 0.0297944 0.0306574 0.0404962 0.710796
2 0.740036 0.0320685 0.0367586 0.0444714 0.707942
0 0.963079 0.579054 0.0206816 0.0508521 0.705416
0 0.923402 0.478246 0.023265 0.0545664 0.704793
0 0.89327 0.629399 0.0453781 0.0563665 0.704531
2 0.44024 0.795597 0.043951 0.0886575 0.70349
0 0.899387 0.733823 0.029673 0.0570246 0.701566
2 0.947826 0.788306 0.0353844 0.0760911 0.699255
0 0.219842 0.66553 0.0309264 0.0671594 0.698477
0 0.243318 0.388641 0.0326076 0.0578814 0.698462
0 0.903335 0.524851 0.0243849 0.0550031 0.698119
0 0.1044 0.520714 0.0246843 0.0572093 0.697466
0 0.913435 0.336482 0.0246611 0.049912 0.696757
0 0.217585 0.240201 0.0677857 0.0470849 0.692294
0 0.86248 0.365289 0.0507111 0.0581043 0.69018
0 0.961645 0.627825 0.0229725 0.0496763 0.686757
0 0.855738 0.467174 0.0303143 0.056456 0.685807
0 0.897075 0.376382 0.0241188 0.0512589 0.68456
0 0.399083 0.19108 0.114251 0.0542507 0.68265
0 0.118982 0.378855 0.0243597 0.048416 0.681842
2 0.650182 0.0157575 0.0330614 0.0315149 0.681653
0 0.892712 0.683635 0.0461369 0.0567095 0.681174
0 0.983837 0.448615 0.0323251 0.0484354 0.680745
0 0.573899 0.311012 0.0360027 0.0626366 0.680629
0 0.962628 0.531411 0.019246 0.0519263 0.680293
0 0.237271 0.442375 0.0318804 0.0604521 0.678128
2 0.514911 0.1082 0.0343525 0.0438299 0.675714
0 0.959085 0.676065 0.0274677 0.050302 0.672246
0 0.271222 0.445724 0.0967956 0.0662384 0.670922
0 0.744016 0.073034 0.0369369 0.0420273 0.669254
0 0.979335 0.361685 0.0381931 0.0452541 0.668668
0 0.127216 0.62939 0.0441477 0.0591219 0.667134
0 0.971818 0.317083 0.0368288 0.0458477 0.664886
0 0.881594 0.521833 0.0241634 0.056055 0.664001
2 0.717632 0.143779 0.0312712 0.0453513 0.663426
2 0.518081 0.0268782 0.0326791 0.0400481 0.662642
0 0.982968 0.405307 0.0339432 0.0466529 0.661924
0 0.302691 0.286019 0.0663008 0.0537634 0.661698
2 0.769329 0.0489601 0.0258788 0.0385162 0.661161
2 0.683072 0.0547186 0.0326084 0.0414765 0.660739
2 0.516602 0.0658122 0.0337156 0.0404261 0.660227
0 0.203165 0.240577 0.0647513 0.0462314 0.660033
0 0.899933 0.422057 0.0233967 0.053491 0.658253
0 0.904572 0.577133 0.0241314 0.0544403 0.658205
2 0.699989 0.82217 0.0736498 0.0825471 0.655088
0 0.231853 0.496052 0.0309741 0.0614459 0.650266
0 0.39515 0.240792 0.117788 0.0519456 0.650244
0 0.926051 0.5773 0.0239235 0.0538437 0.648065
0 0.883433 0.575429 0.0263488 0.0573519 0.647677
0 0.939969 0.342223 0.0369968 0.0459455 0.64757
0 0.985809 0.719183 0.0279663 0.0468506 0.646923
0 0.935669 0.301153 0.0359138 0.0420025 0.642563
0 0.937111 0.38707 0.0220023 0.0487453 0.64232
0 0.958522 0.437409 0.0225208 0.0488509 0.637961
0 0.851479 0.226157 0.0464984 0.0480214 0.637462
0 0.956254 0.391198 0.0243311 0.0428931 0.637194
2 0.753742 0.196918 0.0402105 0.0505278 0.636054
2 0.712247 0.0620295 0.0307566 0.0411008 0.63151
0 0.214035 0.195277 0.0744855 0.0516066 0.628094
0 0.796207 0.0577162 0.029624 0.0353045 0.627488
0 0.925595 0.629088 0.0228428 0.0532984 0.624712
2 0.778933 0.121544 0.029747 0.0433684 0.624461
0 0.237606 0.194352 0.0364043 0.0505342 0.620582
0 0.545687 0.735595 0.0692287 0.0713278 0.619705
0 0.845129 0.270209 0.0292475 0.0479384 0.618013
0 0.23221 0.240446 0.0376801 0.0478798 0.617912
2 0.743793 0.0731059 0.0371465 0.0430562 0.615798
0 0.847885 0.315719 0.028158 0.0505313 0.614568
0 0.691684 0.229002 0.0366473 0.0523955 0.612089
0 0.521425 0.732737 0.0377182 0.0691012 0.610345
0 0.99303 0.294147 0.0139406 0.0382621 0.60943
2 0.709221 0.0227636 0.0294897 0.0428775 0.606865
0 0.627632 0.615482 0.0883771 0.0711435 0.605696
0 0.11211 0.425661 0.0217341 0.04924 0.603539
0 0.893325 0.328843 0.0245207 0.0510529 0.60221
0 0.932012 0.258861 0.0346624 0.0395697 0.599004
0 0.960647 0.483575 0.018902 0.0518117 0.598146
2 0.480503 0.79379 0.0375543 0.0775109 0.597145
0 0.892239 0.735443 0.0461221 0.0559308 0.595731
0 0.538986 0.306893 0.0369499 0.0606228 0.593936
0 0.657593 0.437486 0.0353466 0.0641245 0.593885
0 0.352703 0.289358 0.0434972 0.0564763 0.591981
0 0.782828 0.16192 0.0295816 0.0439828 0.586941
0 0.655876 0.556267 0.0342437 0.0669946 0.585301
0 0.936931 0.433458 0.0269489 0.0540855 0.575549
0 0.943243 0.481028 0.0235584 0.0536232 0.572139
0 0.316803 0.286332 0.0368098 0.0527569 0.571043
0 0.852453 0.272253 0.0428156 0.0505341 0.564837
0 0.900012 0.68279 0.0313244 0.0559845 0.562689
0 0.136716 0.286708 0.0344937 0.0498159 0.561883
0 0.994671 0.330363 0.0106575 0.0372972 0.556924
2 0.691603 0.228526 0.0363813 0.0517997 0.553619
0 0.227248 0.194347 0.0566792 0.0512328 0.550324
0 0.555813 0.734446 0.0485541 0.0703199 0.549555
2 0.613823 0.4916 0.0525018 0.0689289 0.547839
2 0.810668 0.172354 0.0304178 0.0450693 0.535595
0 0.605873 0.742687 0.0525039 0.0727032 0.533545
0 0.181844 0.653213 0.0508228 0.0701577 0.532492
0 0.851241 0.184898 0.0480293 0.0409902 0.530524
0 0.967595 0.277721 0.0355576 0.0408881 0.530007
0 0.366831 0.190681 0.0510292 0.0540457 0.528602
0 0.800822 0.0933281 0.028485 0.0395221 0.525937
0 0.872549 0.322181 0.0265392 0.0486426 0.513088
0 0.53478 0.732637 0.0633646 0.0706026 0.510784
0 0.358634 0.239573 0.0439526 0.0494993 0.506385
0 0.778885 0.121763 0.0294752 0.0436671 0.506329
0 0.657027 0.496539 0.0350362 0.0671162 0.504305
0 0.88843 0.281349 0.0225965 0.0488761 0.503754
0 0.944955 0.578345 0.0195606 0.0517491 0.500657
