0 0.425747 0.433578 0.0319479 0.0493373 0.851906
0 0.497121 0.387617 0.0336945 0.057281 0.842139
0 0.495117 0.440483 0.0345278 0.0544331 0.834482
0 0.39694 0.385006 0.0290297 0.0494098 0.830456
0 0.427008 0.383509 0.0321508 0.0504393 0.820612
0 0.407382 0.193477 0.029835 0.0454959 0.808005
0 0.461508 0.38098 0.0366864 0.0571613 0.799821
0 0.395807 0.434275 0.0288902 0.0473692 0.796888
0 0.439829 0.140825 0.0320406 0.0449331 0.78588
2 0.395094 0.482607 0.0282076 0.0487523 0.784683
0 0.499385 0.337841 0.0339754 0.0594076 0.779685
0 0.460175 0.434629 0.0356113 0.0541897 0.776814
1 0.197623 0.451673 0.0238022 0.0226546 0.769294
2 0.49366 0.493367 0.0353857 0.0558712 0.768984
0 0.437419 0.185863 0.0314236 0.0486351 0.753462
0 0.428972 0.332417 0.0326527 0.0507464 0.749177
0 0.458466 0.487444 0.0358006 0.0578378 0.744531
0 0.500567 0.290103 0.0330461 0.0577232 0.730799
1 0.197175 0.474024 0.024149 0.0245893 0.728889
0 0.500725 0.241102 0.0269859 0.0559853 0.726496
1 0.197585 0.499831 0.0259861 0.0302405 0.724463
0 0.399809 0.334436 0.0290781 0.0503021 0.699067
0 0.403264 0.286322 0.0304655 0.0474894 0.694322
1 0.198075 0.430803 0.0241629 0.023162 0.691102
1 0.164146 0.495069 0.0159133 0.0302438 0.689123
0 0.431887 0.28282 0.0315376 0.0505145 0.675556
0 0.297321 0.482587 0.0262032 0.026701 0.66968
0 0.528425 0.264246 0.0183886 0.0566936 0.663451
0 0.526672 0.30872 0.0192746 0.0541345 0.662118
0 0.409836 0.152201 0.0293671 0.044276 0.660353
0 0.442444 0.098431 0.0318815 0.04396 0.65784
0 0.298826 0.432828 0.0269311 0.0242718 0.650432
0 0.417332 0.068731 0.0288091 0.0417109 0.641456
0 0.502263 0.103672 0.017346 0.0510525 0.637438
0 0.504387 0.0638298 0.0177992 0.0494678 0.63632
0 0.230433 0.308183 0.0107916 0.0221791 0.634692
0 0.299342 0.408247 0.0260002 0.0244594 0.625228
0 0.413356 0.110161 0.0294266 0.0427566 0.617219
1 0.28383 0.342049 0.0129808 0.0233849 0.612591
0 0.420096 0.0279948 0.0287371 0.0413056 0.606998
1 0.148021 0.494379 0.0156581 0.0324051 0.605152
1 0.178433 0.496275 0.0120868 0.0296426 0.604867
0 0.525435 0.352237 0.0195126 0.0519592 0.60354
0 0.229003 0.329602 0.00969048 0.0231564 0.601121
0 0.505908 0.0239742 0.0176073 0.0450688 0.597048
0 0.26937 0.300853 0.018673 0.0224122 0.587368
0 0.307499 0.270761 0.0262227 0.0259968 0.58517
0 0.435381 0.234611 0.0308295 0.0498335 0.581944
0 0.265143 0.387424 0.0189203 0.02314 0.576653
0 0.220994 0.305702 0.010811 0.0216734 0.565728
0 0.272645 0.258366 0.0187966 0.0237092 0.561858
0 0.528001 0.448943 0.031222 0.0552706 0.556909
0 0.23286 0.287483 0.0110293 0.0202811 0.556209
0 0.222386 0.285848 0.0107278 0.0233219 0.555234
0 0.26256 0.433951 0.0183075 0.0230404 0.555128
0 0.498785 0.192047 0.0197257 0.0552482 0.549851
0 0.500063 0.147648 0.0179516 0.0522976 0.545131
0 0.160056 0.265237 0.0129666 0.0239037 0.544249
1 0.212686 0.432305 0.00995378 0.0232242 0.543326
0 0.559634 0.417065 0.0136227 0.0468314 0.54249
0 0.263663 0.410008 0.0178434 0.02383 0.540366
0 0.158616 0.287127 0.0130156 0.0207351 0.537922
2 0.266051 0.364872 0.0198131 0.0231201 0.536707
2 0.424445 0.484374 0.0319253 0.051092 0.534977
0 0.530856 0.220771 0.0195952 0.0552519 0.533241
0 0.516648 0.158342 0.0164303 0.0577897 0.531741
2 0.267586 0.342753 0.020254 0.02371 0.528538
0 0.405221 0.239427 0.0300449 0.0487389 0.508797
0 0.565567 0.180212 0.0123494 0.0394222 0.504296
1 0.182177 0.38497 0.0105436 0.023081 0.504165
0 0.556942 0.504203 0.0144476 0.0443169 0.503109
0 0.563047 0.294096 0.0117558 0.0416653 0.501319
