0 0.389698 0.818057 0.0414096 0.0496902 0.873709
0 0.702365 0.741178 0.0417126 0.0670565 0.86294
0 0.591068 0.701435 0.0319529 0.0630457 0.843908
0 0.773738 0.656215 0.0495937 0.0672482 0.841374
0 0.775442 0.724008 0.0474636 0.0773677 0.837319
0 0.48138 0.260661 0.0256113 0.0420984 0.836731
0 0.343512 0.816361 0.0177581 0.0461217 0.834498
0 0.700861 0.679242 0.0424105 0.0689879 0.834455
0 0.85691 0.701022 0.0453802 0.0765346 0.831594
0 0.854442 0.632547 0.0450439 0.0685135 0.831171
0 0.703364 0.802075 0.0428904 0.0632915 0.830865
0 0.592805 0.820395 0.0320973 0.0669666 0.827874
0 0.691881 0.497005 0.0398423 0.0623046 0.826881
0 0.591912 0.758673 0.0320265 0.0573473 0.826141
0 0.69822 0.616836 0.0419792 0.0666222 0.826121
0 0.694981 0.556381 0.0414906 0.064815 0.82281
0 0.662859 0.751726 0.0354229 0.0628956 0.822578
0 0.517348 0.713989 0.0512482 0.0537959 0.82203
0 0.626678 0.758972 0.0367695 0.0617329 0.821987
0 0.560244 0.762072 0.0324552 0.0557188 0.81652
0 0.477305 0.614858 0.0281052 0.0527326 0.814804
0 0.850677 0.569993 0.0435833 0.0664377 0.813835
0 0.688873 0.441738 0.039458 0.0590615 0.813662
0 0.625689 0.69923 0.0367758 0.0624114 0.81359
0 0.845438 0.50961 0.0434326 0.0666671 0.813361
0 0.840433 0.448512 0.0415415 0.0634726 0.81194
0 0.451817 0.620016 0.0248466 0.0491875 0.811602
0 0.56033 0.821895 0.0322505 0.0654584 0.811597
0 0.478251 0.769221 0.0276077 0.0509508 0.810907
0 0.925079 0.609225 0.0403135 0.0695476 0.80879
0 0.477542 0.665256 0.028838 0.0530004 0.808531
0 0.552764 0.30156 0.0314226 0.0453072 0.808367
0 0.661907 0.69094 0.0374105 0.0673869 0.807589
0 0.920344 0.544425 0.0418224 0.0683714 0.807349
0 0.454818 0.43852 0.0228533 0.0469887 0.807264
0 0.481506 0.223256 0.0239665 0.0428725 0.806811
0 0.553985 0.391902 0.0325998 0.0559727 0.80597
0 0.551898 0.260234 0.0305669 0.0438398 0.803822
0 0.451867 0.668492 0.0255356 0.0515166 0.803631
0 0.477249 0.821074 0.0290937 0.0499116 0.802758
0 0.558251 0.543655 0.0324718 0.0584373 0.80201
0 0.558882 0.649665 0.0319355 0.0564547 0.801623
0 0.478855 0.565196 0.0285681 0.0520419 0.801309
0 0.555572 0.443926 0.0328448 0.0556315 0.796792
0 0.478666 0.716687 0.0280831 0.0519458 0.796204
0 0.763688 0.478099 0.0442154 0.071294 0.796136
0 0.480949 0.339078 0.0246014 0.0419488 0.795228
0 0.658034 0.569065 0.0371709 0.0644035 0.795064
0 0.727433 0.493674 0.0349835 0.0627428 0.793755
0 0.685805 0.387833 0.0382238 0.0570903 0.793473
0 0.572783 0.134604 0.024826 0.037058 0.79023
0 0.427817 0.536514 0.0268452 0.0454983 0.78834
0 0.360746 0.816799 0.018949 0.046457 0.788119
0 0.478765 0.426102 0.02554 0.0496484 0.784979
0 0.479795 0.381656 0.0248303 0.0481318 0.784265
0 0.428681 0.490741 0.0275574 0.0491257 0.781652
0 0.557379 0.493726 0.0321734 0.0524514 0.780832
0 0.381293 0.287223 0.0177777 0.0335251 0.780749
0 0.660145 0.628609 0.037491 0.0630117 0.780035
0 0.503956 0.414787 0.0262768 0.0504733 0.779848
0 0.452635 0.572479 0.025551 0.0499903 0.774299
0 0.550681 0.219791 0.0283558 0.0417783 0.772984
0 0.481351 0.298617 0.0252608 0.0393908 0.772367
0 0.673172 0.245783 0.0327215 0.0464598 0.771416
0 0.767659 0.536362 0.0458833 0.0638522 0.769962
0 0.504727 0.462199 0.0262877 0.0515355 0.769882
0 0.455763 0.394547 0.0235057 0.0450683 0.769696
0 0.422457 0.81928 0.026326 0.0486453 0.768656
0 0.655856 0.514045 0.0369532 0.054826 0.767059
0 0.481306 0.191735 0.022034 0.0397632 0.765014
0 0.390342 0.76792 0.0413171 0.0491429 0.763922
0 0.758017 0.420465 0.0426859 0.0620741 0.761049
0 0.549709 0.18061 0.0269281 0.0410399 0.76093
0 0.366337 0.270886 0.0180731 0.0352964 0.760586
0 0.739332 0.798749 0.0321115 0.0640653 0.760194
0 0.924423 0.248419 0.0525211 0.0533907 0.759786
0 0.737709 0.737131 0.0311337 0.0688091 0.759556
0 0.47983 0.517658 0.0279956 0.0503634 0.759224
0 0.452444 0.718891 0.0264864 0.0504057 0.758837
0 0.433644 0.32361 0.0242205 0.0382092 0.757133
0 0.504618 0.368493 0.02575 0.0475155 0.755978
2 0.361478 0.866493 0.0182858 0.0525483 0.755141
0 0.915846 0.198951 0.0556553 0.0471669 0.754992
0 0.390922 0.675315 0.0405583 0.0542005 0.754735
0 0.432427 0.36241 0.024583 0.0410836 0.752967
0 0.449101 0.820195 0.026858 0.0483695 0.752627
0 0.7296 0.554257 0.0344015 0.0646019 0.751206
0 0.623558 0.641355 0.037769 0.0595583 0.75086
0 0.516951 0.660688 0.0526602 0.0566375 0.749825
0 0.524544 0.197603 0.0258991 0.0391285 0.749338
0 0.663589 0.806375 0.0343825 0.0574924 0.747234
0 0.526099 0.127311 0.0221694 0.0368609 0.74674
0 0.548991 0.144531 0.0253292 0.0362161 0.746726
0 0.833663 0.390219 0.0411144 0.0613302 0.746447
0 0.573813 0.169339 0.0246622 0.0361783 0.745768
0 0.559617 0.706725 0.0324226 0.0592667 0.744596
0 0.527356 0.406272 0.0218425 0.0506246 0.744465
0 0.77795 0.789315 0.0470047 0.0658675 0.743061
0 0.723177 0.438055 0.0333492 0.0614622 0.743018
0 0.572229 0.102312 0.0243175 0.0347312 0.742923
0 0.43475 0.286617 0.0247769 0.0384 0.742877
0 0.456832 0.352814 0.0227575 0.0428627 0.741825
0 0.525327 0.235989 0.0243571 0.0416152 0.740225
0 0.505665 0.509945 0.0266705 0.054276 0.738796
0 0.355639 0.446466 0.0175569 0.0387836 0.736148
0 0.934705 0.300569 0.0532622 0.0609596 0.735997
0 0.753467 0.36511 0.0417809 0.0623006 0.73529
0 0.812574 0.584238 0.0382834 0.0705342 0.734707
0 0.525296 0.16029 0.0236128 0.0378607 0.732001
0 0.816631 0.714121 0.0367645 0.0811468 0.731413
0 0.430032 0.446701 0.0268473 0.0449662 0.73129
0 0.404649 0.503401 0.0217323 0.0436507 0.72806
0 0.627195 0.820399 0.0355488 0.0649511 0.725762
0 0.621491 0.526274 0.0353277 0.0608949 0.725631
0 0.404495 0.542478 0.0212941 0.0405699 0.724306
0 0.451163 0.769954 0.0264159 0.0505143 0.723854
0 0.425689 0.626563 0.0272787 0.043818 0.719476
0 0.913642 0.484782 0.0368769 0.0610931 0.719332
0 0.42688 0.580809 0.0269613 0.0495832 0.718527
0 0.653421 0.464516 0.0369077 0.0545032 0.717059
0 0.928952 0.675188 0.0411171 0.0723993 0.717007
0 0.548283 0.111442 0.0246481 0.0370297 0.716377
0 0.747911 0.312566 0.0399635 0.0544398 0.716201
0 0.741234 0.262204 0.0411148 0.054663 0.715676
0 0.517784 0.825041 0.0521154 0.0600769 0.715469
0 0.425051 0.672011 0.0280118 0.0506084 0.715397
0 0.622488 0.58415 0.0369951 0.0595259 0.715
0 0.589425 0.641439 0.0315252 0.0649891 0.712938
0 0.553347 0.344531 0.0322561 0.0490628 0.709132
0 0.558396 0.597033 0.0325998 0.0605496 0.708366
0 0.681546 0.336422 0.0357963 0.0535185 0.70598
0 0.382778 0.257507 0.0167224 0.0348337 0.703625
0 0.641939 0.258333 0.0349014 0.0470921 0.70301
0 0.669695 0.201891 0.0311843 0.0478455 0.700855
0 0.677155 0.290585 0.0333799 0.0519523 0.69999
0 0.958809 0.4637 0.0583463 0.0687227 0.695048
0 0.898042 0.36758 0.0354817 0.0596325 0.694524
0 0.405603 0.460737 0.0222641 0.0434492 0.694135
0 0.770912 0.593996 0.0486395 0.0737865 0.691627
0 0.517801 0.766905 0.0521995 0.0547512 0.688897
0 0.618179 0.470093 0.036458 0.0558144 0.687616
0 0.505244 0.323987 0.0241364 0.0445649 0.687111
0 0.42402 0.770002 0.0273198 0.0488241 0.687003
0 0.345032 0.680054 0.0182687 0.0579057 0.685804
0 0.36885 0.239099 0.0175995 0.0336065 0.684703
0 0.516524 0.607716 0.0527599 0.0561388 0.680957
0 0.344148 0.767852 0.0188082 0.0470607 0.680698
0 0.527836 0.316414 0.0214758 0.0453647 0.679351
0 0.645616 0.307129 0.0357405 0.0493218 0.676452
0 0.364734 0.303249 0.016611 0.032769 0.676352
0 0.476816 0.869511 0.0295351 0.0522 0.675948
0 0.82751 0.336516 0.0367964 0.0541366 0.673522
0 0.52773 0.35989 0.0209404 0.0474655 0.670486
0 0.732542 0.612433 0.0317984 0.0645492 0.667044
2 0.390461 0.874943 0.0401846 0.0668643 0.666868
0 0.843616 0.126287 0.0585617 0.0441796 0.665212
0 0.523624 0.276248 0.0286888 0.041589 0.663928
0 0.897531 0.11074 0.0536414 0.0412069 0.663829
0 0.431099 0.403168 0.0255778 0.0457199 0.658725
0 0.648432 0.355785 0.03647 0.0520757 0.654793
0 0.666219 0.157233 0.0297513 0.0446955 0.65452
0 0.614904 0.420287 0.0384847 0.0508369 0.653731
0 0.982481 0.179588 0.0322151 0.0459826 0.650867
0 0.576837 0.249173 0.0231199 0.043226 0.65055
0 0.807863 0.522185 0.039669 0.0672761 0.647677
0 0.516212 0.279752 0.0450836 0.0416498 0.646502
0 0.735973 0.673551 0.0308179 0.0678284 0.644071
0 0.4251 0.720807 0.0278274 0.0496137 0.643449
0 0.505812 0.557556 0.0289992 0.0559153 0.642946
0 0.361923 0.767583 0.0187044 0.0496301 0.640815
0 0.351737 0.5169 0.0185588 0.0508074 0.640469
0 0.574949 0.205861 0.023539 0.0402287 0.637693
0 0.352987 0.47987 0.0178001 0.0335435 0.637452
0 0.6131 0.369917 0.0392317 0.0559543 0.637304
0 0.714056 0.331767 0.0337805 0.0618648 0.636757
0 0.786041 0.304488 0.0396975 0.0577596 0.636586
0 0.894618 0.689918 0.0316933 0.0710214 0.63624
0 0.858305 0.212184 0.0653519 0.0567714 0.635928
0 0.529949 0.554222 0.025034 0.057538 0.633366
0 0.403754 0.584134 0.0214446 0.0500623 0.632856
0 0.844006 0.0826015 0.0411919 0.0492476 0.632098
0 0.636938 0.166785 0.0342835 0.0449011 0.627084
0 0.362577 0.67841 0.0187791 0.0536235 0.626968
0 0.883074 0.26049 0.0376027 0.054262 0.622798
0 0.650715 0.40653 0.0365189 0.050631 0.622699
0 0.718627 0.383469 0.0331927 0.0574356 0.620773
0 0.370775 0.473484 0.0179083 0.037675 0.620756
0 0.815865 0.648856 0.0372538 0.065077 0.61993
0 0.796448 0.148044 0.0353212 0.0455237 0.619112
0 0.357042 0.41015 0.0167308 0.0414575 0.618992
0 0.906014 0.152777 0.055611 0.0458246 0.615869
0 0.58921 0.592633 0.031748 0.0670774 0.610501
0 0.588995 0.533296 0.0312669 0.0602542 0.609923
0 0.977044 0.134195 0.0429013 0.0485298 0.609245
0 0.943351 0.354633 0.0551773 0.055247 0.609206
0 0.529474 0.502373 0.0242214 0.0570312 0.608194
0 0.502159 0.208548 0.0202957 0.0372536 0.606371
0 0.966501 0.524771 0.0581213 0.0637547 0.605249
0 0.368078 0.55412 0.0174014 0.0410542 0.605179
0 0.908749 0.426195 0.0388069 0.065724 0.601404
0 0.890333 0.312323 0.0361363 0.0558521 0.600913
0 0.651268 0.414833 0.0371273 0.0495077 0.600319
0 0.391466 0.722165 0.0411136 0.0426711 0.598548
0 0.611011 0.319678 0.0374393 0.0488418 0.595932
0 0.403492 0.421701 0.0280483 0.0416052 0.595846
0 0.724072 0.128296 0.0370576 0.0504654 0.59335
0 0.587132 0.479023 0.0292746 0.0550594 0.592585
2 0.931574 0.799783 0.0386574 0.0547486 0.590509
0 0.385519 0.5459 0.0200929 0.0392168 0.590404
0 0.361074 0.338912 0.015498 0.0379992 0.580108
0 0.369034 0.511063 0.0165301 0.0508975 0.578464
0 0.803933 0.464459 0.0406988 0.0563506 0.577401
0 0.366142 0.598237 0.0183027 0.0423102 0.575884
0 0.736427 0.215136 0.038249 0.0487748 0.573378
2 0.343742 0.865756 0.0182277 0.0477815 0.570331
0 0.374616 0.395739 0.017732 0.045271 0.566951
0 0.528278 0.452223 0.022352 0.0498073 0.564347
0 0.384997 0.506358 0.0189156 0.0479848 0.562784
0 0.454548 0.481534 0.0237451 0.0457978 0.554449
0 0.773513 0.112401 0.0646103 0.0522879 0.541119
0 0.878178 0.312857 0.0605747 0.0559159 0.540218
0 0.704631 0.869518 0.0416477 0.0753889 0.538743
0 0.358884 0.371331 0.0159738 0.0411649 0.534303
2 0.517197 0.884995 0.0512354 0.0673961 0.531301
2 0.559675 0.88501 0.0323301 0.0617793 0.531291
2 0.459138 0.23966 0.020893 0.0405564 0.531021
0 0.834704 0.081663 0.0596153 0.0481304 0.528634
0 0.346256 0.640872 0.01827 0.037292 0.528504
0 0.436747 0.250078 0.0244496 0.0383275 0.528356
0 0.349014 0.59936 0.0188558 0.0441318 0.525902
0 0.401276 0.342199 0.0358471 0.0421241 0.519006
0 0.849735 0.171632 0.0588741 0.0460302 0.518875
0 0.396206 0.309747 0.020149 0.0312809 0.518393
0 0.350846 0.560188 0.0184617 0.0401623 0.517884
0 0.362586 0.723637 0.0191155 0.0391035 0.517842
0 0.811061 0.234466 0.0355561 0.0494129 0.516891
0 0.394846 0.630855 0.0360911 0.0431351 0.515397
0 0.344576 0.727318 0.0182457 0.0366102 0.511144
0 0.400602 0.381516 0.0356735 0.0404429 0.507431
0 0.821126 0.282192 0.0351587 0.0581638 0.506951
0 0.46007 0.205401 0.020713 0.0377051 0.50524
0 0.373023 0.436225 0.018461 0.0469713 0.504342
0 0.897291 0.0706779 0.0351086 0.0431997 0.502171
0 0.789786 0.106129 0.0359037 0.0465981 0.501622
0 0.385203 0.230156 0.0154504 0.0299138 0.500892
