0 0.463655 0.286463 0.0756863 0.132129 0.853786
0 0.752159 0.291964 0.0436359 0.040634 0.851912
0 0.747407 0.21747 0.0447851 0.0408401 0.837899
0 0.743925 0.179815 0.0453936 0.0397314 0.833856
0 0.75024 0.254988 0.043796 0.0401909 0.827004
0 0.728479 0.041422 0.0456281 0.0365561 0.823677
0 0.740261 0.145124 0.0456182 0.0370492 0.822337
0 0.736653 0.110683 0.0458031 0.0369813 0.816532
0 0.732144 0.0763691 0.0465561 0.0370148 0.810693
0 0.991822 0.269926 0.0156288 0.0378061 0.802629
0 0.768639 0.0364501 0.0386434 0.0355028 0.796995
0 0.771194 0.0713453 0.0355565 0.0365578 0.796326
0 0.772698 0.105835 0.0300528 0.0373154 0.790046
0 0.416569 0.434264 0.0487289 0.152804 0.781648
0 0.957509 0.273134 0.0144093 0.0334505 0.777511
0 0.776329 0.177414 0.0233258 0.037873 0.767814
0 0.754443 0.33116 0.0420296 0.0439982 0.764875
0 0.991919 0.233469 0.0161623 0.0394207 0.762484
0 0.773979 0.141525 0.0260542 0.0384081 0.757954
0 0.955553 0.24134 0.0135761 0.0321809 0.754387
0 0.974686 0.271059 0.0211213 0.035747 0.754325
0 0.993048 0.196903 0.0139044 0.0416788 0.745396
0 0.718699 0.297527 0.0238905 0.0383546 0.728582
0 0.71719 0.261053 0.0242523 0.0402432 0.728456
0 0.645882 0.273761 0.0259662 0.0402692 0.728188
0 0.651497 0.0926946 0.0231195 0.0411499 0.722721
0 0.68106 0.0178794 0.0450482 0.0335009 0.709517
0 0.33953 0.282576 0.109325 0.179429 0.705056
0 0.993388 0.156755 0.0132237 0.040492 0.704712
0 0.72559 0.0124811 0.0452068 0.0249623 0.703492
0 0.714303 0.223251 0.0237051 0.0412128 0.696243
0 0.719672 0.333078 0.0262098 0.0379389 0.684757
0 0.681928 0.153947 0.0304816 0.0376006 0.684479
0 0.346025 0.448411 0.100357 0.170116 0.681194
0 0.648693 0.311641 0.0251314 0.0407469 0.675686
0 0.954591 0.0416896 0.0282629 0.0300839 0.67351
0 0.673182 0.0517291 0.029254 0.0387499 0.664087
0 0.683031 0.0864014 0.044199 0.039893 0.664084
0 0.695913 0.0497414 0.0231699 0.0377552 0.661925
0 0.970135 0.205992 0.0228569 0.0358451 0.655549
0 0.972296 0.236854 0.022242 0.0356391 0.648756
0 0.680114 0.120447 0.0328727 0.0381898 0.639372
0 0.647868 0.056587 0.0240518 0.0386199 0.636575
0 0.620963 0.0339492 0.0280067 0.0314658 0.630225
0 0.957072 0.0711285 0.0274743 0.0343834 0.628486
0 0.69113 0.263667 0.0320345 0.0409856 0.622032
0 0.694675 0.0846785 0.0316757 0.038691 0.619681
0 0.766757 0.0105722 0.0378544 0.0211444 0.61924
0 0.340235 0.0737626 0.0698971 0.0896016 0.616822
0 0.197166 0.551083 0.217665 0.3213 0.606212
0 0.688089 0.225446 0.0308194 0.042477 0.604318
0 0.64358 0.2375 0.0253986 0.0380654 0.60135
0 0.47062 0.412032 0.0698954 0.120165 0.597058
0 0.68581 0.0497459 0.0440176 0.039569 0.588935
0 0.64065 0.201759 0.023964 0.0398409 0.582045
0 0.700125 0.0847865 0.0209336 0.0390073 0.570092
2 0.156414 0.274086 0.293814 0.274192 0.566609
0 0.707505 0.151568 0.0231604 0.0380406 0.56602
0 0.961613 0.104713 0.0266639 0.0414852 0.564775
0 0.96753 0.174397 0.0252754 0.0385727 0.561714
0 0.625618 0.0645867 0.0265794 0.0335355 0.559682
0 0.684628 0.189917 0.0303997 0.0396111 0.55553
0 0.63561 0.166704 0.0256605 0.0382179 0.554716
0 0.960391 0.307586 0.0139355 0.0352871 0.554704
0 0.710873 0.186893 0.0228798 0.0381028 0.552521
0 0.992877 0.304188 0.0140417 0.03492 0.538409
0 0.953511 0.210517 0.0146767 0.0333717 0.532985
0 0.632536 0.132156 0.0268205 0.0385604 0.532454
0 0.965098 0.138431 0.0252323 0.0411435 0.527826
0 0.654266 0.127158 0.022565 0.0387222 0.527696
0 0.657506 0.160487 0.0211418 0.0395165 0.518422
0 0.989432 0.0385465 0.0201182 0.0344356 0.515562
0 0.701318 0.118557 0.0271082 0.0377692 0.50938
0 0.9317 0.0409919 0.0173515 0.0318382 0.507004
0 0.690885 0.30074 0.0354493 0.0398098 0.502794
