0 0.693218 0.150038 0.0498455 0.0408228 0.832139
0 0.460957 0.284448 0.0684681 0.127575 0.82761
0 0.68936 0.114139 0.0510346 0.0410278 0.824115
0 0.681901 0.0462304 0.0508847 0.0375598 0.821694
0 0.631219 0.0225229 0.0464687 0.0393014 0.821261
0 0.685336 0.0805272 0.0508583 0.039094 0.81766
0 0.416556 0.431498 0.0463046 0.151969 0.816854
0 0.754718 0.177297 0.0233721 0.0385912 0.802527
0 0.697314 0.184856 0.0491299 0.0408643 0.802088
0 0.639795 0.092002 0.0435307 0.0389205 0.801176
0 0.643132 0.126949 0.0436674 0.03889 0.799689
0 0.757924 0.213866 0.0239914 0.0389804 0.798187
0 0.67805 0.0157223 0.0512857 0.0314446 0.794722
0 0.728163 0.143659 0.0221468 0.0389097 0.78732
0 0.635474 0.0575311 0.0437617 0.0361054 0.780543
0 0.750851 0.14147 0.0237688 0.039076 0.778445
0 0.716032 0.0406085 0.0233479 0.036711 0.777708
0 0.73504 0.216075 0.0217894 0.0395008 0.772651
0 0.724287 0.108231 0.0233761 0.0373526 0.770074
0 0.732498 0.179594 0.0226875 0.0389533 0.761315
0 0.738055 0.252626 0.0199799 0.0383835 0.751598
0 0.77841 0.0342205 0.0209338 0.0358574 0.737868
0 0.700374 0.223567 0.0482084 0.0427339 0.734683
0 0.78196 0.0680682 0.0187758 0.0354239 0.730305
0 0.74588 0.105824 0.02327 0.0386429 0.72519
0 0.720209 0.0746982 0.0240847 0.038197 0.724893
0 0.741842 0.0718911 0.0248003 0.0374787 0.716924
0 0.712843 0.012841 0.0218525 0.0256819 0.705471
0 0.646037 0.272033 0.0233936 0.0410211 0.700048
0 0.645525 0.162887 0.0404726 0.0407063 0.696321
0 0.736864 0.0374048 0.0241451 0.0364836 0.694092
0 0.667591 0.266565 0.0227728 0.0414495 0.689248
0 0.670093 0.303963 0.0201876 0.0401194 0.687228
0 0.643418 0.234899 0.0238896 0.039577 0.681404
0 0.767138 0.103339 0.0218742 0.0370818 0.676566
0 0.641001 0.198678 0.026301 0.0407778 0.67631
0 0.758407 0.0338966 0.0225253 0.0383228 0.668642
0 0.799932 0.24589 0.0224629 0.0386512 0.655584
0 0.760328 0.250947 0.0252644 0.0397135 0.652008
0 0.694683 0.26041 0.0318003 0.0423935 0.632357
0 0.771777 0.139045 0.0203106 0.0371759 0.627311
0 0.762454 0.0697421 0.0228242 0.0378051 0.623624
0 0.665596 0.230769 0.0239014 0.0402417 0.604759
0 0.784869 0.102125 0.0160561 0.0352133 0.593349
0 0.757924 0.289082 0.0324338 0.0410166 0.586454
0 0.803529 0.282534 0.0199451 0.0361612 0.568902
0 0.630486 0.0148762 0.0452196 0.0297524 0.561934
0 0.717485 0.256311 0.0227488 0.0397874 0.560471
0 0.648539 0.308883 0.0241316 0.0395456 0.554395
0 0.710056 0.256746 0.0383102 0.0407311 0.541165
0 0.353925 0.276023 0.0731454 0.175151 0.535943
0 0.734575 0.0113526 0.0239692 0.0227053 0.52922
0 0.714933 0.220226 0.0212808 0.0404484 0.526537
0 0.660865 0.194916 0.0282303 0.0410058 0.525686
0 0.744707 0.290857 0.0268764 0.0412991 0.522783
