0 0.719983 0.152052 0.043888 0.038371 0.854558
0 0.666008 0.0903685 0.0503239 0.0390799 0.837233
0 0.716534 0.116546 0.0452741 0.0376431 0.833435
0 0.724945 0.223857 0.0420418 0.0401396 0.831299
0 0.658847 0.0229247 0.0496635 0.0365851 0.831262
0 0.669315 0.12437 0.0501603 0.0389758 0.827636
0 0.722226 0.187562 0.0432874 0.0381472 0.826969
0 0.727746 0.260637 0.0430413 0.0393967 0.826698
0 0.439614 0.292683 0.0695877 0.126864 0.824614
0 0.394636 0.443129 0.0465003 0.158158 0.819916
0 0.708244 0.0475933 0.0455063 0.0389707 0.817491
0 0.662235 0.0563218 0.0496647 0.0383175 0.81693
0 0.67376 0.158402 0.0505004 0.0404113 0.815078
0 0.753309 0.111661 0.0326164 0.0375759 0.812695
0 0.712548 0.0830882 0.0442282 0.0357948 0.800622
0 0.704897 0.0160297 0.0458429 0.0320594 0.79907
0 0.72916 0.298383 0.0408486 0.0396405 0.794698
0 0.677071 0.195528 0.049745 0.0416939 0.791485
0 0.749921 0.0438967 0.0403916 0.0360379 0.774986
0 0.626565 0.315749 0.0273888 0.0388985 0.768543
0 0.751836 0.0777867 0.0374622 0.0367908 0.762848
0 0.754019 0.147669 0.0271395 0.0397535 0.754043
0 0.649817 0.312067 0.0208505 0.0405918 0.751276
0 0.621465 0.241851 0.0281856 0.0406728 0.749789
0 0.623731 0.279082 0.0271255 0.0398988 0.740247
0 0.64723 0.274898 0.0222957 0.0416021 0.727672
0 0.612402 0.0343422 0.0453157 0.0373638 0.72561
0 0.729664 0.335686 0.0384571 0.0376708 0.713451
0 0.644584 0.238451 0.023114 0.0404687 0.709025
0 0.613944 0.066072 0.048564 0.039421 0.707223
0 0.621541 0.133831 0.0486229 0.0409346 0.699158
0 0.679212 0.232717 0.0488262 0.0416628 0.695055
0 0.756344 0.184687 0.0262688 0.0392546 0.669572
0 0.615703 0.136204 0.0384167 0.0403007 0.664391
0 0.618746 0.206161 0.0306614 0.0403323 0.644119
0 0.326193 0.467154 0.093793 0.18445 0.643069
0 0.627931 0.352055 0.0270926 0.0354596 0.641407
0 0.613032 0.170969 0.0291164 0.0407119 0.636775
0 0.735883 0.0143309 0.0211155 0.0286619 0.633067
0 0.967508 0.203395 0.0109802 0.0412388 0.631881
0 0.676759 0.269468 0.039241 0.042206 0.621302
0 0.992221 0.272492 0.0138335 0.041043 0.620656
0 0.763186 0.255613 0.022745 0.0379916 0.619625
0 0.637708 0.167369 0.0224947 0.0393415 0.608309
0 0.640981 0.202347 0.0232236 0.0415318 0.597561
0 0.94667 0.18147 0.0112858 0.0370043 0.596715
1 0.959028 0.347322 0.011451 0.0343907 0.592652
0 0.617337 0.101179 0.0484357 0.0388136 0.586797
0 0.933521 0.157619 0.0121322 0.0353984 0.584661
0 0.931817 0.0917331 0.0114916 0.029311 0.584644
0 0.763214 0.293947 0.0244728 0.0399286 0.583155
0 0.977433 0.199021 0.0142427 0.0440604 0.565598
0 0.978832 0.236588 0.0132986 0.0419268 0.563033
0 0.968116 0.16891 0.0116286 0.0423268 0.562058
0 0.941971 0.115236 0.011192 0.0381756 0.549961
0 0.608937 0.0109486 0.0441705 0.0218972 0.549138
0 0.951789 0.211894 0.0136734 0.0390867 0.545343
0 0.74867 0.0142452 0.0429226 0.0284904 0.54321
0 0.972662 0.130455 0.0182466 0.0448855 0.536494
0 0.956641 0.0673912 0.0122006 0.0356855 0.534515
0 0.757147 0.0140345 0.026553 0.028069 0.532958
0 0.943519 0.31159 0.00956989 0.0310427 0.531549
0 0.956879 0.210831 0.0105653 0.0382524 0.527346
1 0.970172 0.347649 0.00878734 0.0356988 0.519001
0 0.941491 0.046859 0.0112861 0.0279909 0.518363
0 0.982567 0.162113 0.0139836 0.0416892 0.517339
0 0.937994 0.21844 0.0100586 0.0346067 0.51224
0 0.685942 0.2671 0.0414809 0.0421124 0.511148
0 0.937757 0.247509 0.00934946 0.0340843 0.506282
0 0.946409 0.148388 0.0128013 0.0350276 0.505678
