0 0.747308 0.216594 0.043662 0.0403746 0.855153
0 0.744444 0.179186 0.0439207 0.039986 0.854001
0 0.751252 0.292081 0.042089 0.0406488 0.848865
0 0.727256 0.0400448 0.0433445 0.0386852 0.847598
0 0.749948 0.254301 0.0430763 0.0405404 0.840874
0 0.460479 0.285338 0.0688057 0.138879 0.83967
0 0.735776 0.10879 0.0436127 0.0372945 0.831439
0 0.730932 0.0748212 0.0435239 0.0381837 0.82759
0 0.689168 0.225834 0.0282348 0.0412284 0.809823
0 0.74033 0.144474 0.0438122 0.0377284 0.807538
0 0.77196 0.140372 0.0242235 0.0383738 0.80657
0 0.767726 0.104821 0.0237661 0.0364929 0.806491
0 0.710954 0.185746 0.0236896 0.0387498 0.789886
0 0.417443 0.427746 0.0444924 0.144129 0.789409
0 0.691122 0.263306 0.0282393 0.040935 0.786134
0 0.716695 0.260305 0.0243786 0.0405108 0.781644
0 0.682613 0.153615 0.02829 0.0377421 0.781335
0 0.759727 0.0359798 0.0263178 0.0378052 0.776362
0 0.763294 0.0708467 0.0249523 0.036734 0.774042
0 0.686097 0.189423 0.0275296 0.0386822 0.771933
0 0.714618 0.222004 0.0234188 0.0407345 0.770153
0 0.718269 0.297619 0.0248833 0.0399128 0.768037
0 0.957952 0.272623 0.0149506 0.0323603 0.766625
0 0.651633 0.0919882 0.0242231 0.0403104 0.764143
0 0.775943 0.176143 0.0209068 0.0376935 0.763341
0 0.654231 0.125828 0.0237716 0.0379518 0.762482
0 0.658165 0.159583 0.0242178 0.0393812 0.760457
0 0.692204 0.0165784 0.0228128 0.0319658 0.752745
0 0.707552 0.150581 0.0237518 0.0380056 0.748234
0 0.662042 0.195121 0.0225079 0.0397425 0.746396
0 0.638149 0.199939 0.028051 0.0409331 0.741493
0 0.991245 0.266584 0.0147404 0.0366166 0.737733
0 0.648139 0.057162 0.0237299 0.0387024 0.728952
0 0.668782 0.0187069 0.0262106 0.0341682 0.726432
0 0.723942 0.0114263 0.0432368 0.0228525 0.723189
0 0.695595 0.0476982 0.0237559 0.0385037 0.722576
0 0.993524 0.193489 0.012951 0.043756 0.7169
0 0.679291 0.119423 0.0280418 0.0377845 0.713935
0 0.664501 0.232027 0.0223976 0.0402992 0.709776
0 0.64131 0.236578 0.0261295 0.0407642 0.707276
0 0.704068 0.116643 0.023429 0.0369862 0.706454
0 0.644881 0.0242943 0.0247602 0.0354966 0.698001
0 0.67515 0.0851615 0.0270798 0.0390888 0.691459
0 0.620441 0.0327004 0.0293264 0.0335055 0.690103
0 0.782212 0.0703034 0.0166353 0.0352625 0.687467
0 0.671628 0.0505906 0.0262538 0.0384048 0.68545
0 0.752394 0.329365 0.0407724 0.0405435 0.685021
0 0.693045 0.300511 0.0278984 0.0401458 0.672684
0 0.993107 0.155224 0.0135204 0.0408971 0.668726
0 0.993809 0.230252 0.012381 0.0396036 0.664037
0 0.700147 0.0828077 0.0226705 0.0380357 0.660967
0 0.956285 0.241569 0.0139174 0.0328745 0.653601
0 0.644942 0.273237 0.0255545 0.0395077 0.650577
0 0.666803 0.268535 0.0221041 0.0421859 0.644851
0 0.966321 0.204879 0.0114767 0.0363668 0.629816
0 0.63116 0.130443 0.0262733 0.0378565 0.622712
0 0.718984 0.333272 0.0249988 0.0369447 0.614298
0 0.634084 0.164064 0.0280308 0.0383678 0.607662
0 0.980207 0.269782 0.010891 0.0353897 0.598289
0 0.969307 0.271467 0.0104991 0.0332782 0.59754
0 0.990819 0.23326 0.0145982 0.0385685 0.596586
0 0.783996 0.287523 0.0230489 0.0400495 0.59302
0 0.779666 0.0359288 0.0176702 0.0379331 0.576823
0 0.625983 0.0639302 0.0247919 0.0369527 0.562513
0 0.75777 0.010147 0.026316 0.0202941 0.55708
0 0.246216 0.513614 0.303683 0.304608 0.553621
0 0.967852 0.239983 0.0109459 0.0348052 0.551124
0 0.629162 0.0972281 0.0254139 0.0371586 0.538837
0 0.960121 0.305637 0.013621 0.0335595 0.538102
0 0.964703 0.175225 0.0118889 0.0380499 0.535276
0 0.978867 0.166647 0.0160377 0.0414201 0.52805
0 0.805906 0.285555 0.0212166 0.0380364 0.52789
0 0.686268 0.0852143 0.0500139 0.0395957 0.526822
0 0.95507 0.179579 0.0104881 0.035329 0.515939
0 0.338628 0.0929585 0.0643818 0.136162 0.515513
0 0.955436 0.210048 0.0121443 0.031814 0.514031
