0 0.73675 0.114238 0.0397803 0.0379335 0.858696
0 0.698354 0.0497791 0.0250083 0.0367214 0.858311
0 0.706011 0.117836 0.0257096 0.0367608 0.842915
0 0.694928 0.0170448 0.0241789 0.0340897 0.841233
0 0.729773 0.0462279 0.0418697 0.0361822 0.83762
0 0.739101 0.149663 0.03965 0.0380849 0.833086
0 0.709204 0.152345 0.0248458 0.0395437 0.830428
0 0.726023 0.0151774 0.0416156 0.0303548 0.829221
0 0.741529 0.18608 0.0376764 0.039513 0.824636
0 0.733808 0.0794265 0.0408806 0.0363735 0.822769
0 0.70224 0.0839193 0.0248541 0.0367675 0.820638
0 0.7594 0.0444926 0.0220452 0.0355606 0.813555
0 0.665933 0.089067 0.0507351 0.0393331 0.811008
0 0.71277 0.188685 0.0233566 0.0377801 0.793287
0 0.659846 0.0214457 0.0501381 0.036107 0.79056
0 0.715782 0.225413 0.0235212 0.0393392 0.76834
0 0.628264 0.0667341 0.0225533 0.0355906 0.764761
0 0.743502 0.223508 0.0336643 0.0398812 0.760314
0 0.662882 0.0550008 0.0486204 0.0376086 0.759325
0 0.601789 0.0374354 0.0290258 0.0369366 0.758861
0 0.756954 0.0145246 0.0242888 0.0290492 0.755643
0 0.625453 0.0345171 0.0227599 0.0375055 0.735339
0 0.718631 0.262942 0.0246275 0.040059 0.727364
0 0.631615 0.0982787 0.0224941 0.0373896 0.719634
1 0.439168 0.295605 0.0669306 0.130612 0.702443
0 0.975285 0.165664 0.024675 0.0444895 0.688658
0 0.722585 0.301392 0.0255122 0.0400023 0.678537
0 0.605587 0.0712185 0.0278406 0.036463 0.676677
0 0.623644 0.24443 0.0249359 0.0384104 0.67633
0 0.634396 0.131879 0.0211661 0.0410713 0.663772
0 0.626659 0.280923 0.0244972 0.0393733 0.661865
0 0.760543 0.078265 0.0178844 0.0360322 0.659911
0 0.697069 0.342069 0.0309334 0.0416703 0.659802
0 0.984809 0.275217 0.0239948 0.03936 0.651449
0 0.983997 0.237574 0.0234554 0.042965 0.64914
0 0.669582 0.12359 0.0514913 0.0384543 0.648723
0 0.978396 0.20155 0.0246769 0.0441042 0.643981
0 0.973558 0.130446 0.0239509 0.0419699 0.631974
1 0.0329095 0.0637472 0.0330236 0.0433743 0.608474
1 0.0369643 0.0231746 0.0339239 0.0463492 0.600035
0 0.993655 0.156809 0.012088 0.0435815 0.596522
0 0.959452 0.279419 0.0191719 0.0364427 0.573558
0 0.327774 0.480374 0.0989447 0.216946 0.570226
0 0.957232 0.246023 0.0159432 0.0371732 0.569558
0 0.628862 0.316843 0.0255926 0.0382458 0.563579
0 0.954949 0.142802 0.0154459 0.0451039 0.563256
0 0.725266 0.337357 0.0266121 0.0364584 0.560647
0 0.728947 0.300859 0.037636 0.0399607 0.545403
0 0.95424 0.213183 0.0176609 0.0405381 0.542584
1 0.984632 0.354318 0.0220759 0.046173 0.542402
0 0.741913 0.261476 0.0254704 0.0406515 0.542104
0 0.957286 0.178628 0.0152969 0.0417301 0.537377
0 0.61575 0.17364 0.0276068 0.0405422 0.532324
0 0.99417 0.117589 0.0116608 0.0451919 0.506303
0 0.672777 0.157473 0.0520691 0.0407718 0.500189
