0 0.719677 0.0491549 0.0229341 0.0397701 0.798248
0 0.697841 0.0526391 0.0246551 0.0391707 0.797231
0 0.694241 0.0187309 0.0235115 0.0350758 0.781393
0 0.715179 0.0162456 0.0221688 0.0322064 0.778745
0 0.748893 0.0461391 0.0393851 0.0379585 0.756119
0 0.747246 0.01549 0.0439259 0.03098 0.751779
0 0.648729 0.0251852 0.0276025 0.0370441 0.710986
0 0.672626 0.0219531 0.0214583 0.0364427 0.702763
0 0.675496 0.0563176 0.0220159 0.0378478 0.69142
1 0.0982582 0.492748 0.195315 0.691761 0.671208
0 0.702204 0.0880858 0.0235775 0.0395243 0.633893
0 0.723518 0.0853474 0.021693 0.0386258 0.562654
0 0.651937 0.0596335 0.0269711 0.0375043 0.561651
0 0.750188 0.0806041 0.0328034 0.0379207 0.551865
