0 0.726979 0.225883 0.0447766 0.0397692 0.855984
0 0.729573 0.263354 0.0446503 0.0397794 0.841521
0 0.673522 0.159822 0.0501246 0.0387149 0.840368
0 0.71977 0.15331 0.0443832 0.0382296 0.831167
0 0.658993 0.0249968 0.0494688 0.0357472 0.830919
0 0.669234 0.126341 0.0498615 0.0386265 0.826681
0 0.439719 0.294886 0.0657373 0.128023 0.822213
0 0.666051 0.0921569 0.050526 0.0400646 0.814599
0 0.676773 0.196584 0.0501154 0.0406126 0.800782
0 0.662466 0.0585743 0.0496343 0.0357689 0.798937
0 0.723166 0.18872 0.0428396 0.0384887 0.795349
0 0.716899 0.11902 0.0463854 0.0372513 0.787592
0 0.730746 0.301056 0.041974 0.0398056 0.781346
0 0.682611 0.26954 0.0489658 0.0407461 0.773284
0 0.680049 0.23408 0.0495367 0.0403606 0.772582
0 0.713234 0.0850839 0.0459448 0.0361662 0.770151
0 0.621581 0.244811 0.0283166 0.0397169 0.750456
0 0.759126 0.047493 0.0216413 0.0359049 0.745391
0 0.616396 0.0693184 0.0462667 0.0390089 0.741678
0 0.743442 0.0816696 0.0210068 0.0368325 0.740097
0 0.649682 0.314199 0.0228539 0.0418072 0.738568
0 0.647755 0.277026 0.0225632 0.0417941 0.735756
0 0.685176 0.306926 0.048251 0.0400118 0.73448
0 0.623369 0.281982 0.0285347 0.0406596 0.731497
0 0.747844 0.115528 0.0221224 0.0362245 0.728374
0 0.69352 0.0184521 0.0233782 0.0348687 0.722845
0 0.698205 0.0517359 0.0254753 0.0363624 0.709275
0 0.758404 0.01604 0.0259029 0.0320799 0.707715
0 0.619643 0.102618 0.0454895 0.0383457 0.702762
0 0.61228 0.037654 0.0477543 0.0359839 0.700684
0 0.638029 0.168851 0.0214102 0.0388827 0.695651
0 0.618288 0.209196 0.0268485 0.039429 0.685246
0 0.725359 0.0167686 0.042804 0.0335193 0.681613
0 0.959799 0.176356 0.0141624 0.0388487 0.676864
0 0.327382 0.460507 0.0972305 0.181343 0.66095
0 0.969044 0.132844 0.0135429 0.0413203 0.660689
0 0.764112 0.296007 0.0233313 0.0418598 0.65514
0 0.982065 0.164108 0.0139831 0.0407567 0.65051
0 0.981307 0.200287 0.0168204 0.0423249 0.647576
0 0.740824 0.0484794 0.0201496 0.0366212 0.644488
0 0.983169 0.275204 0.0112823 0.0387217 0.642433
0 0.615263 0.172929 0.0274307 0.0413173 0.638435
0 0.634128 0.135785 0.0234538 0.0381022 0.63766
0 0.721907 0.0504834 0.0330067 0.0379491 0.637011
0 0.730545 0.336802 0.0392874 0.0372089 0.632853
0 0.76074 0.0809223 0.016765 0.0359149 0.632483
0 0.625729 0.319924 0.0262857 0.0404236 0.62601
0 0.954727 0.246218 0.00980904 0.0369201 0.617843
0 0.94689 0.18374 0.012889 0.0343278 0.617417
0 0.934178 0.220388 0.0122707 0.0320712 0.615318
0 0.645842 0.240114 0.0230759 0.040482 0.614952
0 0.621754 0.0358151 0.0276888 0.0352112 0.614951
0 0.640786 0.204567 0.0220035 0.0407944 0.597663
0 0.945177 0.25085 0.0106468 0.0313414 0.583547
0 0.968711 0.243229 0.0115514 0.0397854 0.581565
0 0.618543 0.13753 0.0384154 0.0412766 0.575475
0 0.764292 0.257585 0.0225763 0.0383974 0.57321
0 0.99543 0.195232 0.00913929 0.0435126 0.568843
0 0.980528 0.237582 0.0121429 0.0417843 0.567956
1 0.504406 0.299306 0.067129 0.107389 0.567013
0 0.966136 0.207097 0.0136273 0.0410948 0.566831
0 0.751877 0.150818 0.021615 0.0377568 0.561599
0 0.980971 0.12595 0.0126939 0.0429986 0.559445
0 0.986004 0.311003 0.0143874 0.0355675 0.552746
0 0.985351 0.198623 0.012318 0.0409691 0.549428
0 0.990737 0.273103 0.0114439 0.0414858 0.548854
1 0.942017 0.34946 0.00893438 0.034073 0.545239
0 0.945477 0.217813 0.0108921 0.0348247 0.545066
0 0.699967 0.341662 0.0245451 0.0376495 0.544502
0 0.932349 0.0919146 0.00998306 0.0318787 0.540097
0 0.983066 0.12503 0.0125717 0.0428714 0.538697
0 0.736099 0.0166628 0.0197203 0.0328413 0.536513
0 0.96221 0.244327 0.0109062 0.0378975 0.53178
0 0.993291 0.155752 0.0114292 0.0416156 0.530964
0 0.97477 0.169411 0.0186027 0.0428504 0.524196
0 0.994858 0.115162 0.0102832 0.0417338 0.521568
0 0.942548 0.0826156 0.0104633 0.0355736 0.51904
0 0.943253 0.117337 0.0101937 0.0356328 0.518031
0 0.620905 0.173138 0.0390562 0.0414718 0.516971
0 0.933643 0.159951 0.0118694 0.0345022 0.515857
0 0.954399 0.212273 0.0109415 0.0385192 0.515848
0 0.985172 0.276309 0.0133594 0.0395855 0.513667
0 0.962724 0.313175 0.0101136 0.0331402 0.507068
0 0.93743 0.312991 0.00894474 0.0299822 0.506759
0 0.94426 0.0471546 0.0127573 0.0336368 0.50302
1 0.980521 0.348983 0.0178673 0.037989 0.500783
