0 0.729258 0.144769 0.0230613 0.0394749 0.848368
0 0.757211 0.105441 0.0412346 0.0376347 0.845533
0 0.760053 0.141363 0.0413439 0.0373703 0.837082
0 0.717114 0.0413465 0.0262222 0.0353752 0.824066
0 0.725341 0.109488 0.024539 0.036205 0.823903
0 0.752667 0.0712471 0.0425384 0.0373703 0.809847
0 0.736538 0.217109 0.023953 0.0392057 0.799753
0 0.642842 0.236802 0.026033 0.0384753 0.798388
0 0.764937 0.214605 0.0344071 0.0403661 0.797207
0 0.762691 0.177196 0.0387669 0.038997 0.793818
0 0.7492 0.0365773 0.0414973 0.0367406 0.790872
0 0.720951 0.0757121 0.0259321 0.0389464 0.786217
2 0.206801 0.287915 0.174836 0.241292 0.776351
0 0.345907 0.459533 0.10471 0.194452 0.76821
2 0.592028 0.2997 0.0305597 0.0645415 0.761949
0 0.645641 0.273521 0.0248413 0.0381235 0.758831
0 0.682648 0.0480051 0.0474286 0.0389632 0.751664
0 0.714483 0.0127854 0.0251913 0.0255708 0.750266
0 0.780887 0.0339187 0.023504 0.0390215 0.734722
0 0.782836 0.0690941 0.0201595 0.0351711 0.730567
0 0.746075 0.0110028 0.0408827 0.0220057 0.727266
0 0.76482 0.252227 0.0283129 0.0395399 0.724725
0 0.739288 0.254792 0.0247216 0.0396975 0.71957
0 0.679911 0.0158683 0.0472744 0.0317365 0.713098
0 0.99211 0.158432 0.0157793 0.0394616 0.70752
2 0.337615 0.283845 0.113315 0.180663 0.707472
0 0.74101 0.291896 0.0245924 0.0392095 0.703059
0 0.733573 0.180783 0.0234646 0.0394248 0.687107
0 0.764529 0.28948 0.0223706 0.0401009 0.682317
0 0.785066 0.102895 0.0175645 0.0386189 0.652912
0 0.0160953 0.0576944 0.0321696 0.0388173 0.650109
0 0.992963 0.193928 0.0140742 0.0429975 0.630167
0 0.977466 0.16644 0.0153049 0.0415831 0.612515
0 0.640632 0.19963 0.0254148 0.0409923 0.610289
1 0.530564 0.288568 0.0717714 0.105799 0.59613
0 0.648529 0.055923 0.0231416 0.038661 0.579709
0 0.651109 0.0908624 0.0219555 0.0390885 0.574001
0 0.993265 0.229438 0.0134693 0.04275 0.567211
0 0.991356 0.122631 0.0171245 0.0396328 0.56425
0 0.0177765 0.0200395 0.0354734 0.0400789 0.563651
0 0.96616 0.204488 0.0143173 0.0400575 0.538615
0 0.785606 0.287732 0.0202816 0.0393475 0.534648
2 0.209123 0.528276 0.199977 0.266337 0.532568
1 0.461168 0.154048 0.053006 0.133152 0.529948
0 0.633031 0.128242 0.0261943 0.0391589 0.528545
0 0.624165 0.0252104 0.0397018 0.0387132 0.506253
0 0.64772 0.31043 0.0238861 0.039727 0.500092
