0 0.69834 0.0501201 0.0249827 0.0363142 0.848172
0 0.634714 0.133055 0.0224995 0.0394463 0.844923
0 0.705782 0.118847 0.0255815 0.0379664 0.831499
0 0.709511 0.153378 0.0254674 0.0388823 0.830468
0 0.394572 0.444811 0.0477974 0.157172 0.829055
0 0.702027 0.0842596 0.0248762 0.0365627 0.82848
0 0.438589 0.293243 0.0674065 0.128938 0.827251
0 0.694881 0.0177208 0.0242966 0.0331529 0.822302
0 0.659325 0.0224329 0.0504898 0.0353219 0.811555
0 0.729312 0.262858 0.0419163 0.0404744 0.808698
0 0.662722 0.0556993 0.0504515 0.0365023 0.792276
0 0.713838 0.189854 0.024468 0.0383787 0.790312
0 0.62015 0.244828 0.0322647 0.0410112 0.788151
0 0.720198 0.0466806 0.0227618 0.0380484 0.786662
0 0.741003 0.0444045 0.0232148 0.0358063 0.781232
0 0.729956 0.300992 0.0387838 0.0405818 0.780934
0 0.735777 0.224513 0.0285761 0.0391719 0.771846
0 0.723566 0.0809969 0.0215368 0.0351286 0.769852
1 0.507618 0.29598 0.0693384 0.106411 0.768184
0 0.632104 0.0997289 0.0224645 0.0366942 0.767913
0 0.637604 0.167084 0.0217233 0.0390616 0.766407
0 0.628137 0.0663027 0.0225543 0.0373198 0.763619
0 0.66551 0.0893596 0.0511807 0.0394835 0.761007
0 0.760553 0.0452901 0.0195255 0.0357093 0.760597
0 0.716372 0.0150094 0.0212396 0.0300187 0.758647
0 0.696772 0.26651 0.0250862 0.0401616 0.756206
0 0.605926 0.0715916 0.0267265 0.0362455 0.73616
0 0.671094 0.26989 0.0278692 0.0414077 0.733267
0 0.724571 0.225846 0.038447 0.039261 0.729678
0 0.602332 0.0388449 0.0251324 0.0352218 0.725823
0 0.744066 0.0778584 0.0246708 0.0352175 0.723395
0 0.665937 0.126629 0.0434557 0.0378715 0.723246
0 0.7375 0.187539 0.0283784 0.0391999 0.722278
0 0.727286 0.114958 0.020858 0.0382373 0.717442
0 0.325668 0.461462 0.094885 0.174424 0.715507
0 0.736979 0.0140991 0.0215615 0.0281982 0.713384
0 0.730303 0.150374 0.0225943 0.0387269 0.702184
0 0.641233 0.202326 0.0214266 0.0421829 0.69991
0 0.693832 0.230757 0.024874 0.0391296 0.675232
0 0.757979 0.0149216 0.0232565 0.0298433 0.662087
0 0.617079 0.207963 0.0310345 0.0391479 0.659427
0 0.699112 0.303739 0.0239899 0.0392425 0.657332
0 0.737939 0.15065 0.0375 0.0388361 0.653475
0 0.668424 0.234008 0.0280792 0.0405 0.648922
0 0.666655 0.196403 0.0312872 0.0408872 0.638254
0 0.613819 0.17256 0.0293059 0.0406928 0.627107
0 0.750833 0.149144 0.0227671 0.0380462 0.624236
0 0.761447 0.0782951 0.0163458 0.0348473 0.618021
0 0.732157 0.114583 0.0308606 0.0377049 0.617572
0 0.624891 0.0349111 0.0227636 0.0370144 0.617546
0 0.677862 0.123869 0.0354049 0.0382828 0.601134
0 0.72997 0.338085 0.0354551 0.0389196 0.597666
0 0.973562 0.131795 0.0203122 0.0434961 0.596006
0 0.667241 0.15954 0.0406654 0.0400814 0.595208
0 0.611178 0.138016 0.0289991 0.0380968 0.594398
0 0.764219 0.256279 0.0220192 0.0389451 0.592179
0 0.646049 0.239111 0.0216526 0.0403263 0.589119
0 0.673464 0.196761 0.0458537 0.0422634 0.58605
0 0.764892 0.294565 0.0228397 0.0414246 0.585772
0 0.946508 0.182454 0.0112976 0.0379797 0.585473
0 0.940933 0.115068 0.0125618 0.0399282 0.565514
0 0.688057 0.157243 0.022522 0.0397205 0.562025
0 0.598455 0.012086 0.0304332 0.024172 0.555602
0 0.691443 0.194231 0.0235969 0.0399995 0.554631
0 0.742729 0.113038 0.033366 0.0372452 0.547475
0 0.193937 0.544571 0.183871 0.291018 0.536882
0 0.784195 0.256091 0.0194669 0.0387524 0.535988
0 0.650798 0.312263 0.0210445 0.0406701 0.525088
0 0.938287 0.219094 0.0100412 0.0336235 0.523863
0 0.941855 0.248565 0.0106609 0.0325804 0.520158
0 0.68117 0.157373 0.0360537 0.0395372 0.51567
0 0.608053 0.104388 0.0284321 0.0349073 0.512574
0 0.991471 0.273146 0.0142519 0.0399444 0.507064
0 0.747552 0.112358 0.0235251 0.0367361 0.506567
1 0.969191 0.347462 0.00946735 0.036289 0.503147
