0 0.731388 0.299968 0.0420486 0.0417509 0.811782
1 0.441607 0.292733 0.0642479 0.131658 0.811289
0 0.730924 0.261113 0.0467304 0.0414857 0.806307
0 0.698823 0.0490279 0.0253762 0.036466 0.789789
0 0.731696 0.338138 0.0396324 0.0399137 0.783084
0 0.601245 0.0369015 0.0298759 0.0356959 0.774513
0 0.730416 0.0459117 0.0384819 0.0363792 0.755145
0 0.759004 0.0437326 0.0227836 0.0353858 0.75265
0 0.702713 0.0832603 0.0248087 0.036402 0.751471
2 0.18537 0.281955 0.179964 0.25451 0.749473
0 0.694808 0.0166556 0.0241179 0.0333112 0.735789
0 0.604411 0.0710235 0.0308337 0.0366425 0.728556
0 0.756722 0.0142937 0.0254929 0.0285874 0.727743
0 0.737058 0.112822 0.0388293 0.039176 0.723879
0 0.733617 0.0778712 0.0381482 0.0351794 0.719797
0 0.725432 0.0150113 0.0410341 0.0300226 0.718372
0 0.659303 0.0199235 0.0519312 0.0355685 0.717303
2 0.138663 0.28121 0.268748 0.252008 0.703999
0 0.625127 0.0357951 0.0223673 0.0366728 0.691857
0 0.731968 0.222786 0.051104 0.040776 0.675216
0 0.666268 0.0888956 0.0507912 0.0402175 0.672765
0 0.954964 0.245567 0.0187095 0.0384404 0.658216
0 0.706574 0.117964 0.0260975 0.0382854 0.655825
0 0.697621 0.341404 0.0290983 0.0415982 0.650777
0 0.628401 0.0686564 0.0230534 0.0327083 0.649116
0 0.956172 0.279867 0.0197964 0.0364252 0.647668
0 0.662722 0.0540516 0.0510632 0.0380868 0.642848
0 0.759694 0.0769891 0.0184277 0.0357009 0.642657
0 0.615379 0.173041 0.0297876 0.0385109 0.639312
0 0.626174 0.280685 0.0251915 0.0394178 0.626368
1 0.956738 0.348651 0.0192214 0.0374977 0.616495
0 0.317191 0.289236 0.11331 0.170062 0.614548
0 0.958014 0.312892 0.0159812 0.0348466 0.610825
0 0.325872 0.46705 0.100054 0.194397 0.60618
2 0.562402 0.187545 0.0299751 0.0619464 0.602813
0 0.63207 0.099031 0.0227245 0.035337 0.602299
1 0.501715 0.300602 0.0585652 0.0946595 0.596077
0 0.992693 0.156066 0.0144265 0.0437555 0.593475
0 0.612071 0.138121 0.0299442 0.0382864 0.593133
0 0.95369 0.213363 0.0188878 0.0417095 0.57523
2 0.576855 0.359943 0.025415 0.0426655 0.562544
0 0.739593 0.184778 0.0404159 0.0396348 0.561287
0 0.622884 0.244104 0.0257629 0.0385575 0.559786
2 0.573885 0.307611 0.0282223 0.0715079 0.556109
0 0.973685 0.167033 0.0220123 0.0454703 0.54122
0 0.761425 0.111658 0.0138067 0.0356497 0.533054
0 0.599451 0.0112313 0.0302813 0.0224627 0.529462
0 0.972141 0.130914 0.0230061 0.0426085 0.525345
0 0.970921 0.239961 0.0149271 0.043454 0.519906
0 0.987384 0.236188 0.0202309 0.0448254 0.519269
0 0.987429 0.274256 0.021249 0.0398427 0.511802
