0 0.673468 0.160289 0.0493877 0.0385129 0.862261
0 0.726227 0.226024 0.0432459 0.0400389 0.858346
0 0.66938 0.126437 0.0494934 0.0386292 0.847028
0 0.666182 0.0922287 0.0502241 0.039862 0.842122
0 0.676576 0.196614 0.0501237 0.0404592 0.839746
0 0.719593 0.15398 0.0440638 0.0383865 0.837729
0 0.716687 0.119337 0.0456463 0.0373679 0.837209
0 0.441081 0.294346 0.0683209 0.129273 0.834538
0 0.658939 0.025251 0.0497373 0.0365739 0.832925
0 0.713315 0.0853779 0.0449971 0.0361205 0.83273
0 0.729158 0.262989 0.043248 0.0396248 0.832637
0 0.723426 0.189412 0.0425222 0.0386398 0.822391
0 0.662714 0.0589783 0.0490837 0.0360936 0.812377
0 0.682597 0.268904 0.0501423 0.0415549 0.81047
0 0.708647 0.0511745 0.0455208 0.0362752 0.806624
0 0.679655 0.233059 0.0495644 0.0399129 0.800138
0 0.616601 0.0697788 0.0461384 0.0393632 0.79772
0 0.705039 0.0184952 0.0463572 0.0347826 0.796554
0 0.622546 0.136169 0.0467156 0.0419175 0.791058
0 0.730746 0.300124 0.0408634 0.0410527 0.78756
0 0.619334 0.102565 0.0453612 0.0385962 0.772763
0 0.743964 0.0816511 0.0213696 0.0362285 0.765773
0 0.758838 0.047662 0.0212509 0.0366951 0.760998
0 0.625148 0.171172 0.048883 0.0420506 0.750149
0 0.749428 0.114543 0.0251886 0.0353948 0.749922
0 0.612134 0.0376417 0.0472143 0.03653 0.747331
0 0.763541 0.295819 0.0240462 0.0421758 0.745561
0 0.739625 0.0487407 0.0212608 0.035907 0.730312
0 0.649184 0.315719 0.0228441 0.04232 0.726479
0 0.735732 0.0164449 0.020851 0.0325069 0.717233
0 0.686063 0.307512 0.0497488 0.0418905 0.713066
0 0.756951 0.0157942 0.0241962 0.0315884 0.71155
0 0.762993 0.257165 0.0231207 0.0383986 0.708053
0 0.628117 0.208266 0.0477554 0.0411306 0.703848
0 0.7532 0.149893 0.024169 0.0384103 0.695652
0 0.984022 0.274572 0.0130851 0.0394511 0.683195
0 0.763055 0.334084 0.0272828 0.0408944 0.6822
0 0.327972 0.45837 0.0952184 0.179705 0.680394
0 0.9688 0.133146 0.0154483 0.0424823 0.673011
0 0.730602 0.337297 0.0391167 0.0406022 0.672009
2 0.483699 0.19657 0.0394387 0.0927797 0.669395
0 0.396688 0.442219 0.048784 0.153331 0.657124
0 0.760822 0.0814306 0.017235 0.0351569 0.654631
0 0.958208 0.17731 0.011807 0.03921 0.650215
0 0.626407 0.319815 0.0249147 0.0409962 0.625942
0 0.699973 0.342486 0.0240799 0.0391351 0.618546
0 0.981719 0.199946 0.0157937 0.0419456 0.614807
0 0.631416 0.244207 0.0478771 0.0418095 0.609303
0 0.981754 0.237279 0.0133277 0.0420959 0.605929
0 0.785542 0.293041 0.0204391 0.0405061 0.603738
0 0.970394 0.243007 0.0118095 0.0400495 0.594952
0 0.608611 0.0112373 0.0482785 0.0224747 0.594435
0 0.986038 0.310653 0.0141178 0.0366107 0.59247
0 0.934851 0.220723 0.0120959 0.0355652 0.585266
0 0.760692 0.22321 0.0239235 0.0354101 0.580272
0 0.947062 0.183997 0.0123113 0.0351185 0.57636
0 0.647978 0.278503 0.0209373 0.0425743 0.574335
0 0.336064 0.287145 0.0743996 0.164118 0.566377
0 0.639372 0.278795 0.0387474 0.0424572 0.565643
0 0.937854 0.312154 0.00893311 0.0300455 0.561041
0 0.955161 0.246205 0.00997961 0.0373061 0.554398
0 0.996081 0.309566 0.00783702 0.0365947 0.551856
0 0.958285 0.277574 0.0105789 0.0325962 0.536899
0 0.953567 0.106526 0.0123247 0.0421021 0.536666
0 0.962971 0.313077 0.00968697 0.0328756 0.531749
0 0.981161 0.124513 0.0125836 0.0428654 0.529029
0 0.98243 0.164128 0.0127807 0.040217 0.528774
0 0.961592 0.24485 0.0108675 0.037771 0.528016
0 0.995577 0.195222 0.00884637 0.0432692 0.525604
0 0.967129 0.0981097 0.0185304 0.0392594 0.524771
0 0.993138 0.155749 0.0111365 0.041584 0.522201
0 0.75407 0.114437 0.0242742 0.0342411 0.519324
0 0.945234 0.21855 0.0107285 0.0353152 0.518703
0 0.972574 0.169848 0.0166561 0.0420505 0.518224
0 0.968027 0.171146 0.0115509 0.0413557 0.518
0 0.935833 0.252417 0.00984973 0.0316352 0.516243
0 0.995328 0.113973 0.00934446 0.0413334 0.510081
0 0.99229 0.272787 0.00990141 0.0421146 0.508472
0 0.971803 0.278002 0.0109232 0.0368485 0.505219
0 0.986253 0.198513 0.0117118 0.0409841 0.504671
1 0.505486 0.300053 0.0679839 0.10947 0.502211
0 0.944359 0.115809 0.0106152 0.0366628 0.501922
