0 0.744255 0.180063 0.0467032 0.0386011 0.85253
0 0.747383 0.217088 0.045671 0.0405922 0.851876
0 0.751644 0.292323 0.0432357 0.0409594 0.843314
0 0.750147 0.254596 0.0444346 0.0401789 0.839647
0 0.740303 0.145561 0.0462185 0.0386077 0.834211
0 0.728093 0.0417441 0.045656 0.0361677 0.833351
0 0.735998 0.110648 0.0450209 0.0380182 0.824532
0 0.466057 0.285302 0.0785221 0.132767 0.822919
0 0.731883 0.0763516 0.0460192 0.0369289 0.814181
0 0.415476 0.43252 0.0479032 0.151829 0.813015
0 0.71848 0.296784 0.0236346 0.0388535 0.794947
0 0.716783 0.260392 0.0236919 0.0397297 0.778479
0 0.64479 0.274595 0.0268016 0.0404986 0.77635
0 0.68244 0.154511 0.0297233 0.038561 0.767903
0 0.710379 0.186395 0.0229149 0.0379685 0.762248
0 0.714148 0.222664 0.0230495 0.0411916 0.761048
0 0.776335 0.177659 0.0225609 0.0377443 0.75198
0 0.688823 0.226709 0.0291246 0.041823 0.751972
0 0.638726 0.200611 0.0273504 0.0410682 0.746778
0 0.685806 0.189957 0.0285899 0.0389036 0.742109
0 0.725132 0.0127962 0.0458578 0.0255925 0.740877
0 0.991813 0.268016 0.0153511 0.0392518 0.737414
0 0.99347 0.232077 0.0130601 0.0400012 0.735877
0 0.993388 0.195613 0.0132243 0.0396112 0.733897
0 0.642005 0.237783 0.0277452 0.039665 0.731437
0 0.707473 0.151292 0.0227568 0.0381781 0.72164
0 0.647211 0.312377 0.0269467 0.0412608 0.720773
0 0.677978 0.0180088 0.0476776 0.0344283 0.720312
0 0.768585 0.106495 0.0244855 0.0368456 0.711704
0 0.651435 0.0928766 0.0234511 0.0416306 0.710874
0 0.690884 0.263861 0.0309389 0.0416263 0.698092
0 0.767541 0.0380784 0.037865 0.0356618 0.695413
0 0.657998 0.160201 0.0230981 0.0396869 0.695017
0 0.773659 0.142449 0.0252373 0.0385883 0.694109
0 0.679892 0.120673 0.031786 0.0384289 0.683672
0 0.770712 0.0721573 0.0361119 0.0376431 0.679976
0 0.662405 0.195471 0.0223972 0.0409326 0.665308
0 0.65455 0.127017 0.0227469 0.0392584 0.66184
0 0.695641 0.0493523 0.0223073 0.03802 0.64966
0 0.672818 0.0510901 0.02989 0.0394511 0.646296
0 0.696496 0.0839697 0.0272875 0.0387805 0.639017
0 0.647449 0.05668 0.0232713 0.0397005 0.635726
0 0.198903 0.543839 0.209093 0.291363 0.620132
0 0.635429 0.165319 0.0256392 0.0381104 0.617345
0 0.978425 0.271377 0.0133423 0.0365944 0.616698
0 0.703919 0.118162 0.0215504 0.0380403 0.614738
0 0.677907 0.0863816 0.0337568 0.0400642 0.605817
0 0.645105 0.0270303 0.0245104 0.0335423 0.601167
0 0.763069 0.0112661 0.0330259 0.0225323 0.597186
0 0.572208 0.304544 0.0167038 0.0729906 0.594903
0 0.691261 0.0492298 0.0325091 0.0400656 0.593189
0 0.71927 0.332506 0.0247283 0.0367108 0.58664
0 0.956171 0.273705 0.0107585 0.0326977 0.581935
0 0.685992 0.0861937 0.0498153 0.0406525 0.580699
0 0.954134 0.214809 0.0115841 0.0342855 0.571917
0 0.633104 0.1318 0.025044 0.0388337 0.566319
0 0.993797 0.157994 0.0120997 0.0385039 0.560952
0 0.946179 0.183322 0.00990868 0.0321936 0.558761
0 0.955357 0.244992 0.01118 0.0299981 0.548412
0 0.620886 0.0316236 0.0288057 0.0320905 0.548056
0 0.690668 0.301664 0.0343802 0.0421623 0.54742
0 0.9437 0.153462 0.00968779 0.0275391 0.546076
0 0.959658 0.0401209 0.0130955 0.0292812 0.543281
0 0.992757 0.306686 0.0138458 0.0354539 0.536294
0 0.965446 0.206479 0.0111618 0.0350395 0.536103
0 0.942724 0.126706 0.0107142 0.0293137 0.530919
0 0.966264 0.2414 0.00995945 0.0340028 0.520194
0 0.980926 0.200809 0.0115963 0.0378066 0.519513
0 0.531504 0.21026 0.0201048 0.0690015 0.512465
0 0.956452 0.180894 0.00808353 0.0336791 0.510935
2 0.994278 0.343219 0.0114434 0.0381813 0.500346
