0 0.440239 0.29159 0.0713697 0.136774 0.866373
0 0.716113 0.119093 0.0452742 0.0377776 0.847658
0 0.725164 0.22575 0.0417084 0.0393977 0.847615
0 0.71889 0.153567 0.0435545 0.038241 0.842248
0 0.71309 0.0848047 0.0453993 0.0364922 0.840975
0 0.728552 0.263164 0.0433147 0.0404519 0.840946
0 0.65865 0.0234524 0.0505174 0.0388915 0.840116
0 0.722336 0.189127 0.0414689 0.0381912 0.834601
0 0.665927 0.0926239 0.0507943 0.0396262 0.831925
0 0.662356 0.0592785 0.049643 0.0368583 0.829019
0 0.669087 0.126077 0.0502251 0.0387894 0.818044
0 0.708785 0.0503381 0.0460948 0.0364773 0.814135
0 0.615475 0.0678061 0.0476791 0.0396652 0.809667
0 0.622146 0.135552 0.0472913 0.0413422 0.804446
0 0.705227 0.0178277 0.0465578 0.0343013 0.800928
0 0.730069 0.300975 0.0412012 0.0414411 0.788936
0 0.618285 0.101564 0.0465769 0.0373329 0.779128
0 0.696229 0.267959 0.0229361 0.0416954 0.778734
0 0.69285 0.230634 0.0231562 0.0395713 0.778039
0 0.624922 0.170147 0.0483181 0.0416856 0.770905
0 0.751302 0.11432 0.0279084 0.0360257 0.769987
0 0.753147 0.150482 0.0260301 0.0379173 0.766525
0 0.67172 0.270608 0.0275809 0.0410042 0.763681
0 0.69081 0.194498 0.0223562 0.0392282 0.75147
0 0.668026 0.234243 0.0278325 0.0408019 0.7496
0 0.611122 0.0356391 0.0483444 0.0352321 0.747309
0 0.684276 0.159608 0.0284195 0.0380853 0.743041
0 0.749942 0.0804701 0.031583 0.0375918 0.739581
0 0.665234 0.197458 0.0289957 0.0416508 0.731377
0 0.628476 0.207404 0.0475479 0.0412162 0.722287
0 0.631986 0.243689 0.0485065 0.0413059 0.711921
0 0.74731 0.0462613 0.0341028 0.0362007 0.71049
0 0.634302 0.278491 0.0490726 0.0414133 0.708694
0 0.699305 0.305507 0.0219239 0.0394021 0.7045
0 0.674134 0.159374 0.0488024 0.0387926 0.704283
0 0.321572 0.115897 0.0581294 0.172815 0.702599
0 0.993804 0.157026 0.0123923 0.0426683 0.697777
0 0.636538 0.319743 0.0497966 0.043904 0.692278
0 0.755035 0.187872 0.0260944 0.0375006 0.679356
2 0.555021 0.382726 0.0292597 0.0688836 0.671156
0 0.739191 0.0159339 0.0255798 0.0318677 0.667183
0 0.763503 0.295562 0.0227068 0.0417823 0.663326
0 0.432806 0.166065 0.0674805 0.138925 0.663057
0 0.394791 0.442923 0.0467181 0.148793 0.661253
0 0.762465 0.257986 0.0222402 0.0385555 0.647151
0 0.785121 0.29323 0.0209018 0.0399863 0.638207
0 0.65005 0.316309 0.022846 0.0450398 0.634732
0 0.744413 0.0154306 0.0351546 0.0308611 0.632389
0 0.783168 0.256135 0.0205403 0.0384267 0.625362
0 0.699753 0.340988 0.0230685 0.0363406 0.624182
0 0.730485 0.336785 0.0392006 0.0377978 0.618113
0 0.629124 0.320291 0.0338335 0.0434259 0.615769
2 0.581308 0.371511 0.0219597 0.0520553 0.602673
0 0.60879 0.0113645 0.0481478 0.0227289 0.587771
0 0.995351 0.196618 0.00929723 0.0424761 0.582756
0 0.75815 0.22372 0.0253703 0.0360497 0.573912
0 0.674689 0.308019 0.0274672 0.0396733 0.571505
0 0.980547 0.201512 0.0146737 0.0435452 0.563037
0 0.971678 0.132508 0.0193561 0.0435464 0.559265
2 0.984711 0.354974 0.0190415 0.0449616 0.558807
0 0.961095 0.313742 0.0109673 0.0347582 0.554687
0 0.981083 0.165491 0.0143559 0.0428075 0.554035
0 0.961595 0.245715 0.0113354 0.0381911 0.552517
0 0.334157 0.289256 0.0721531 0.170029 0.549387
0 0.983553 0.274206 0.0120038 0.0394695 0.54194
2 0.519193 0.221752 0.0320519 0.0837674 0.540966
0 0.994949 0.116702 0.00968361 0.0443898 0.537825
0 0.645243 0.277465 0.026379 0.0423611 0.522562
0 0.667456 0.160699 0.0399439 0.0386868 0.514127
0 0.987585 0.198805 0.0114021 0.0418133 0.511517
0 0.971857 0.311571 0.0112454 0.0335242 0.510305
0 0.99341 0.271681 0.0109745 0.0406164 0.510026
