0 0.744088 0.179783 0.0460088 0.0389916 0.854386
0 0.752825 0.291 0.0439877 0.0406738 0.851788
0 0.747457 0.217222 0.0456637 0.0407112 0.848529
0 0.740319 0.145074 0.0459333 0.0372614 0.833199
0 0.728262 0.0423177 0.045457 0.0363793 0.832057
0 0.750615 0.254312 0.0447048 0.0400051 0.831018
0 0.736318 0.110276 0.0453306 0.0371747 0.82822
0 0.416436 0.43021 0.0465857 0.148251 0.811272
0 0.731786 0.0763371 0.0457502 0.0358852 0.810982
0 0.755051 0.33013 0.0420684 0.0448213 0.807927
0 0.465321 0.286254 0.0785889 0.137454 0.789374
0 0.781838 0.0711703 0.0205282 0.0366072 0.788541
0 0.7247 0.0128997 0.0452342 0.0257994 0.784937
0 0.778207 0.0376191 0.0227477 0.0352626 0.775042
0 0.758727 0.0376594 0.0210133 0.0365686 0.772516
0 0.763064 0.0724436 0.020928 0.0368115 0.76116
0 0.766921 0.106413 0.0210316 0.0373437 0.759349
0 0.634454 0.131899 0.0247261 0.0369947 0.750914
0 0.775394 0.177223 0.0210312 0.037002 0.744281
0 0.771903 0.142507 0.0221945 0.0384394 0.731378
0 0.719263 0.297444 0.023839 0.0389046 0.712476
0 0.646782 0.273882 0.0285026 0.0405772 0.709516
0 0.717231 0.261078 0.0241966 0.0405074 0.704744
0 0.631076 0.0980441 0.0253681 0.0362759 0.696833
0 0.637242 0.166509 0.0238617 0.0380505 0.689961
0 0.714386 0.2232 0.0233775 0.0416122 0.687506
0 0.651079 0.3114 0.0300431 0.0412726 0.686951
0 0.621856 0.0334474 0.0275461 0.0332212 0.686309
0 0.690946 0.264324 0.0324351 0.0420041 0.684069
0 0.680924 0.0864245 0.0388767 0.0392339 0.680304
0 0.755943 0.0113777 0.0200425 0.0227554 0.67212
0 0.696312 0.0490452 0.0218359 0.0384426 0.66857
0 0.652011 0.0924576 0.0224533 0.0408318 0.663787
0 0.626442 0.0645644 0.0266083 0.0364194 0.6561
0 0.691963 0.0167319 0.0223049 0.0325701 0.654539
0 0.67249 0.0517027 0.0273184 0.038156 0.642738
0 0.784412 0.106308 0.0186565 0.0381688 0.639069
0 0.688651 0.226019 0.0304457 0.0427966 0.637778
0 0.639569 0.201327 0.0248163 0.0407517 0.631597
0 0.776148 0.0110774 0.0233378 0.0221547 0.631175
0 0.720774 0.334536 0.0269192 0.040001 0.618754
0 0.681641 0.154418 0.030094 0.0393338 0.611689
0 0.694038 0.0844511 0.0328964 0.038605 0.608236
0 0.681332 0.120692 0.0357729 0.0380123 0.606181
0 0.643982 0.237122 0.0288486 0.0396416 0.602772
0 0.670218 0.0184407 0.0309044 0.0332084 0.596004
0 0.685685 0.190687 0.0293817 0.0406774 0.569547
0 0.699863 0.0845224 0.0214375 0.0392955 0.568615
0 0.992871 0.197688 0.0142588 0.0393867 0.566237
0 0.711 0.186905 0.0226148 0.0375416 0.565695
0 0.688851 0.301165 0.03934 0.0399191 0.552739
0 0.649033 0.0561062 0.0235325 0.0381409 0.544147
0 0.707581 0.151655 0.0231692 0.0385223 0.536578
0 0.573942 0.305423 0.0213774 0.0738696 0.532703
0 0.993924 0.233117 0.0121521 0.0396019 0.527039
0 0.692879 0.190068 0.0465925 0.0394305 0.52004
0 0.991904 0.26971 0.0153593 0.0384615 0.512479
0 0.957977 0.0373043 0.0204929 0.0291555 0.510515
0 0.619609 0.00941666 0.0263599 0.0188333 0.506488
0 0.658208 0.160238 0.0214005 0.0400417 0.501814
