0 0.72685 0.225928 0.0445423 0.0393886 0.846683
0 0.719106 0.153645 0.0438144 0.0378556 0.833161
0 0.440458 0.295028 0.0691549 0.130199 0.823673
0 0.659394 0.025879 0.0487837 0.0363546 0.821029
0 0.729737 0.263256 0.0445976 0.0406319 0.819785
0 0.713075 0.0854201 0.0452886 0.0363073 0.804851
0 0.716404 0.11951 0.0457041 0.0372395 0.797566
0 0.723511 0.189874 0.043323 0.0390032 0.791812
0 0.326509 0.456863 0.0977238 0.16988 0.788705
0 0.759297 0.0473678 0.0214697 0.0361019 0.787129
0 0.662648 0.0588616 0.0494438 0.0356669 0.766934
0 0.730719 0.300962 0.0406792 0.0412193 0.764793
0 0.763732 0.296203 0.0237598 0.0429954 0.763492
0 0.665639 0.0916156 0.0507506 0.0399734 0.761232
0 0.650064 0.313783 0.0222971 0.040774 0.757896
0 0.669008 0.125813 0.0497063 0.0386093 0.75617
0 0.74335 0.0819127 0.0213621 0.0363154 0.75604
0 0.628243 0.067768 0.0235918 0.03892 0.742598
0 0.747969 0.115304 0.023192 0.0363143 0.740484
0 0.631272 0.100956 0.0229053 0.0374157 0.736747
0 0.621795 0.245042 0.0276127 0.0402711 0.732233
0 0.648009 0.276699 0.0221327 0.0417309 0.729918
0 0.757442 0.015933 0.02388 0.0318661 0.728142
0 0.63783 0.168271 0.0224425 0.0394778 0.72252
0 0.763879 0.257126 0.0221659 0.0383178 0.722443
0 0.634275 0.134107 0.0226625 0.0396523 0.714376
0 0.624649 0.0347032 0.023212 0.0343335 0.711104
0 0.67681 0.159496 0.0432148 0.0380979 0.710917
0 0.601279 0.039637 0.0280786 0.0362689 0.709219
0 0.967859 0.133032 0.0134441 0.0424967 0.703965
0 0.70444 0.0518545 0.0375885 0.0365885 0.703371
0 0.684757 0.159582 0.0274223 0.0377296 0.696381
0 0.752289 0.150598 0.0232753 0.0375959 0.692269
0 0.624246 0.282074 0.0265497 0.0411381 0.687867
0 0.65987 0.128261 0.0318682 0.0380161 0.687604
0 0.694507 0.0185865 0.0252627 0.0353017 0.679283
0 0.761176 0.0813449 0.0173473 0.0357355 0.679061
0 0.763579 0.334698 0.026146 0.0401977 0.675299
0 0.740524 0.0485671 0.021325 0.036759 0.671928
0 0.640861 0.20381 0.022648 0.0413936 0.657459
0 0.983077 0.274669 0.0114189 0.0388814 0.655333
0 0.676104 0.270039 0.0358471 0.0409404 0.649155
0 0.693142 0.231947 0.0227154 0.0379997 0.645712
0 0.785649 0.293786 0.0202739 0.0406864 0.636853
0 0.946922 0.183501 0.0133198 0.0353843 0.63303
0 0.981536 0.164421 0.0138371 0.0407226 0.629341
0 0.934182 0.218864 0.0124009 0.0307229 0.628611
0 0.626634 0.320108 0.0252295 0.0402565 0.625983
0 0.981542 0.200305 0.0154745 0.0422053 0.624482
0 0.958926 0.176584 0.0122513 0.0397792 0.622202
0 0.691023 0.195527 0.0219064 0.039894 0.617948
0 0.613157 0.173816 0.029827 0.0409672 0.617764
0 0.645803 0.239685 0.0234437 0.0407765 0.601255
0 0.725275 0.0171801 0.0438926 0.0338684 0.595062
0 0.671913 0.197453 0.0407486 0.0421648 0.594355
0 0.97079 0.242677 0.0117512 0.0403369 0.592577
1 0.503433 0.300065 0.0663018 0.110352 0.591463
0 0.697276 0.268459 0.0217401 0.0408582 0.589341
0 0.990587 0.272773 0.0125772 0.0420416 0.589102
0 0.700494 0.341693 0.0234204 0.037304 0.58844
0 0.675535 0.234657 0.0402096 0.0404644 0.587986
0 0.605533 0.0730813 0.0289613 0.0374212 0.587803
0 0.665878 0.161238 0.036525 0.0377513 0.586604
0 0.945883 0.216588 0.0118682 0.0342325 0.58007
0 0.598818 0.0122842 0.0289591 0.0245683 0.579582
0 0.618166 0.210048 0.027236 0.0390393 0.578725
0 0.979982 0.12584 0.0134579 0.0445613 0.577724
0 0.995571 0.195961 0.00885818 0.0430235 0.577181
0 0.713214 0.0504675 0.0459154 0.0371552 0.574469
0 0.971553 0.169934 0.0142979 0.0424703 0.570116
0 0.610815 0.138095 0.0276926 0.0399437 0.563968
0 0.953408 0.107217 0.0127457 0.043838 0.562597
0 0.985518 0.311397 0.0144683 0.0376745 0.559736
0 0.959207 0.278511 0.0115677 0.0343077 0.555558
0 0.936811 0.252144 0.0104805 0.0319618 0.554719
0 0.955493 0.246161 0.00978797 0.0375365 0.549885
0 0.730958 0.338273 0.0391728 0.0393066 0.544371
0 0.981157 0.237542 0.0121482 0.0422886 0.541012
0 0.933406 0.160192 0.0125257 0.0352767 0.53709
0 0.98259 0.124462 0.012945 0.0442998 0.535935
0 0.628389 0.355897 0.0245854 0.0364879 0.535445
0 0.961478 0.244307 0.0107853 0.0382329 0.530984
0 0.934744 0.251315 0.0101357 0.0289776 0.529076
0 0.979586 0.085223 0.0134888 0.0462635 0.528255
0 0.972251 0.277492 0.0110042 0.0367435 0.528166
0 0.937412 0.313889 0.00910686 0.0311485 0.526909
0 0.986212 0.198686 0.0116566 0.0405883 0.525847
0 0.736094 0.016943 0.0204268 0.0324903 0.522468
0 0.965124 0.0988367 0.014362 0.039437 0.522044
0 0.968772 0.170695 0.0112045 0.0422028 0.519526
0 0.943666 0.117278 0.0104555 0.0365278 0.515711
0 0.761904 0.222803 0.0225697 0.0363191 0.510785
0 0.944874 0.2512 0.0100861 0.0308298 0.510632
0 0.682381 0.269769 0.0513746 0.0426392 0.502194
0 0.622351 0.0108163 0.0230017 0.0216325 0.500505
