0 0.820881 0.469924 0.0610804 0.108331 0.896504
0 0.735899 0.353718 0.109744 0.125046 0.896171
0 0.362409 0.466728 0.160903 0.126394 0.89581
0 0.132916 0.0443572 0.0709529 0.0887144 0.895537
0 0.817894 0.256968 0.05875 0.108208 0.889513
0 0.176041 0.235654 0.059296 0.118097 0.888782
0 0.0575893 0.46734 0.0550667 0.110329 0.885757
0 0.57091 0.465308 0.0901739 0.126438 0.88509
0 0.735332 0.243692 0.109914 0.123721 0.883826
0 0.814442 0.160084 0.0563793 0.103959 0.883306
0 0.36749 0.108544 0.149716 0.113633 0.881201
0 0.819344 0.364049 0.0605434 0.116463 0.880647
0 0.244936 0.231924 0.085703 0.118356 0.87842
0 0.36172 0.345507 0.1583 0.129869 0.875555
0 0.112716 0.35365 0.0645803 0.126087 0.875222
0 0.257768 0.0293412 0.0887319 0.0586824 0.873578
0 0.737346 0.464234 0.109702 0.115824 0.872928
0 0.72535 0.0488662 0.108288 0.0977324 0.870297
2 0.0607114 0.594217 0.052205 0.148582 0.869264
0 0.646334 0.122098 0.0677173 0.110024 0.868852
0 0.362852 0.222567 0.156558 0.127453 0.860448
1 0.361956 0.61784 0.150734 0.171234 0.860238
0 0.0160976 0.468167 0.0321952 0.110542 0.857881
0 0.646252 0.232583 0.0737612 0.118525 0.85623
0 0.484492 0.464694 0.089742 0.123838 0.855425
0 0.733146 0.13897 0.109643 0.1131 0.855166
0 0.115885 0.242216 0.0708403 0.116087 0.854645
0 0.648464 0.349272 0.0709185 0.127581 0.852436
0 0.806869 0.0685508 0.0596581 0.0962269 0.85196
0 0.0192415 0.264873 0.038432 0.106146 0.850959
0 0.122593 0.137037 0.0709228 0.113666 0.850485
0 0.0669446 0.15325 0.054742 0.111299 0.85041
0 0.114113 0.467736 0.063638 0.11409 0.847493
0 0.191724 0.0374723 0.0544609 0.0749447 0.846417
1 0.889274 0.505948 0.0230316 0.0376166 0.837542
0 0.181004 0.125809 0.0564265 0.114327 0.837278
0 0.24062 0.34617 0.0861475 0.122331 0.835887
0 0.0583532 0.256861 0.0575909 0.114123 0.835188
0 0.170578 0.350708 0.0593935 0.126075 0.833801
0 0.643816 0.0362518 0.0657657 0.0725036 0.832215
1 0.936838 0.508966 0.0247585 0.0383658 0.831907
0 0.0155097 0.365994 0.0310194 0.116839 0.830754
1 0.911809 0.507456 0.0217426 0.0385417 0.828015
0 0.566167 0.0307049 0.105662 0.0614098 0.827873
0 0.528668 0.108638 0.174245 0.123217 0.817852
0 0.251359 0.115643 0.0929722 0.120924 0.816652
0 0.116703 0.597144 0.0622005 0.151272 0.816527
0 0.526479 0.225436 0.175919 0.122267 0.789342
0 0.214827 0.466566 0.138449 0.123566 0.779213
0 0.240179 0.46687 0.0875867 0.12161 0.755477
1 0.482453 0.613815 0.0862087 0.175222 0.733185
1 0.955998 0.510984 0.0140549 0.0401002 0.728872
2 0.0182175 0.5907 0.0362693 0.141725 0.716623
1 0.871731 0.50281 0.0118328 0.0339219 0.69761
2 0.817136 0.597317 0.0572204 0.13863 0.691953
0 0.484226 0.343455 0.0842441 0.133443 0.686921
1 0.983087 0.517594 0.0147417 0.0452329 0.680709
0 0.0410364 0.0234233 0.0342039 0.0468466 0.66201
0 0.526639 0.344775 0.176625 0.133483 0.661629
0 0.0133996 0.0260053 0.0267207 0.0520105 0.66149
1 0.969134 0.512599 0.0133482 0.0405147 0.658537
0 0.0226846 0.166117 0.0453004 0.0984242 0.654456
0 0.0335186 0.0776028 0.0377651 0.0824091 0.632413
2 0.21695 0.609157 0.140712 0.166712 0.628587
2 0.762761 0.60127 0.0531126 0.147401 0.614899
0 0.00952236 0.0878748 0.0190447 0.082003 0.565084
0 0.5689 0.609239 0.0871067 0.163187 0.539804
2 0.569131 0.606986 0.0878319 0.161012 0.536266
0 0.0754345 0.0534632 0.0547878 0.0934189 0.50229
