0 0.378552 0.84839 0.0889648 0.0877004 0.911334
0 0.658691 0.838285 0.0535253 0.0901269 0.902726
0 0.497818 0.611879 0.0558709 0.0838134 0.901686
0 0.447107 0.773813 0.0538657 0.086789 0.897833
0 0.658112 0.757068 0.0518745 0.0838557 0.895621
0 0.500673 0.773841 0.0578726 0.0847686 0.89306
0 0.497002 0.458585 0.0544553 0.0813512 0.891292
0 0.495861 0.384833 0.0535086 0.0771299 0.891203
0 0.547556 0.456045 0.0510262 0.0773034 0.889867
0 0.499774 0.691656 0.0568874 0.085526 0.888322
0 0.49434 0.189581 0.0503518 0.0577948 0.888078
0 0.553667 0.689771 0.056263 0.0876614 0.885942
0 0.607771 0.844369 0.0531622 0.0900981 0.88582
0 0.314653 0.539181 0.0423433 0.0791256 0.883205
0 0.497527 0.533547 0.0560099 0.0812978 0.883024
0 0.549302 0.530516 0.0514516 0.0817272 0.881944
0 0.494784 0.315484 0.0536522 0.0702096 0.881476
0 0.446092 0.693268 0.0534315 0.0847633 0.881404
0 0.445489 0.535368 0.0506147 0.0817244 0.879921
0 0.445694 0.387178 0.0503994 0.0776693 0.879591
0 0.602424 0.606169 0.0552822 0.0870126 0.87818
0 0.152453 0.6746 0.0578638 0.0721743 0.8769
0 0.556388 0.850853 0.0535954 0.0909707 0.876446
0 0.55063 0.60906 0.0530801 0.0868933 0.876259
0 0.444921 0.614425 0.0520107 0.0844067 0.87339
0 0.598643 0.527753 0.0548086 0.0838464 0.873254
0 0.556075 0.770312 0.0545945 0.0841012 0.871729
0 0.316567 0.467191 0.0443808 0.077718 0.871658
0 0.445599 0.460481 0.0507347 0.082335 0.871484
0 0.587012 0.244861 0.0477317 0.0637677 0.87046
0 0.150797 0.808195 0.05774 0.0852801 0.869358
0 0.405806 0.254965 0.040731 0.0656357 0.867735
0 0.540425 0.187174 0.0458033 0.0569551 0.867383
0 0.545798 0.383011 0.0510797 0.0776838 0.867354
0 0.596203 0.453045 0.0526161 0.0772591 0.867318
0 0.607722 0.764543 0.052146 0.0836537 0.867317
0 0.703808 0.673241 0.0443687 0.0806364 0.867103
0 0.362798 0.323887 0.0496049 0.0724603 0.86686
0 0.544094 0.311355 0.0487091 0.0736633 0.866342
0 0.657312 0.679769 0.0518526 0.0837296 0.866144
0 0.502912 0.849988 0.055237 0.0817806 0.865717
0 0.494128 0.249532 0.0525781 0.0669148 0.864032
0 0.649229 0.525445 0.0531197 0.0836773 0.86382
0 0.403425 0.389448 0.0418189 0.0770695 0.863222
0 0.606304 0.685174 0.0532797 0.0872608 0.863185
2 0.607845 0.93137 0.0542709 0.0987504 0.862962
0 0.688886 0.377788 0.049144 0.0716533 0.862554
0 0.706171 0.750032 0.0451909 0.0797326 0.862154
0 0.274198 0.839694 0.0437388 0.090917 0.861386
0 0.692857 0.447971 0.0483163 0.074003 0.860633
0 0.318201 0.397059 0.043304 0.0764283 0.860581
0 0.707281 0.829812 0.0465075 0.0884135 0.860099
2 0.658644 0.927945 0.0509741 0.101642 0.859404
0 0.407268 0.197397 0.0400443 0.0615045 0.859383
0 0.367317 0.201791 0.0462583 0.0611405 0.859306
0 0.315677 0.843344 0.0434373 0.087052 0.85915
0 0.44758 0.193547 0.0473221 0.060422 0.858186
0 0.542307 0.245263 0.0468658 0.0645831 0.857889
0 0.494778 0.131747 0.0492957 0.0637423 0.857666
0 0.404838 0.319894 0.0402821 0.0686257 0.854822
0 0.21642 0.827712 0.0740214 0.0893417 0.854818
0 0.539426 0.129451 0.0450859 0.0641774 0.854093
0 0.584686 0.186686 0.0484214 0.0571622 0.851548
0 0.445443 0.318405 0.0482122 0.0685252 0.851194
0 0.327731 0.207319 0.0405093 0.0594785 0.850503
0 0.645031 0.450412 0.0546795 0.0738339 0.850486
0 0.683931 0.312721 0.0488251 0.066646 0.849274
0 0.314046 0.689069 0.0403099 0.0772318 0.848642
0 0.448711 0.135935 0.0475273 0.0634437 0.8485
0 0.594322 0.379473 0.051397 0.0766154 0.848259
0 0.633959 0.247733 0.0514568 0.0668908 0.847746
0 0.653811 0.603237 0.0523825 0.0818647 0.847486
0 0.447566 0.852954 0.0530941 0.0854217 0.845828
0 0.880028 0.443232 0.0535306 0.0639492 0.845393
0 0.217948 0.613397 0.0737572 0.0762132 0.844265
0 0.323106 0.265948 0.0402325 0.0664333 0.844192
0 0.361197 0.392385 0.0486066 0.0792601 0.84412
0 0.697079 0.523198 0.0497696 0.0816801 0.844084
0 0.678669 0.249868 0.0439281 0.0653532 0.843241
0 0.873155 0.380603 0.0531521 0.0644209 0.843031
0 0.66653 0.13555 0.0451633 0.0616971 0.841718
0 0.0663733 0.483224 0.0813547 0.062767 0.840953
0 0.219445 0.54284 0.0735156 0.0753952 0.840107
0 0.700697 0.599558 0.0459728 0.0799366 0.839953
0 0.409605 0.139776 0.0398124 0.0643436 0.838504
0 0.636417 0.309986 0.0548061 0.0703077 0.838025
0 0.152023 0.739963 0.0580889 0.0741219 0.837492
0 0.319999 0.329999 0.0420433 0.068345 0.836609
0 0.364027 0.258967 0.0490907 0.0656653 0.836466
0 0.642128 0.378853 0.0549763 0.0764012 0.836357
0 0.748086 0.820441 0.0367468 0.085639 0.835573
0 0.313691 0.614478 0.040732 0.0767044 0.835191
0 0.784677 0.807773 0.0413402 0.0746297 0.82979
2 0.317022 0.936349 0.0455573 0.0941214 0.827003
0 0.672226 0.191803 0.0452083 0.0584719 0.826293
0 0.889402 0.570362 0.0541945 0.0692272 0.825282
0 0.88567 0.505836 0.0544697 0.0654464 0.823074
0 0.813073 0.375237 0.0719005 0.0615418 0.822503
0 0.74329 0.665287 0.0389515 0.0813687 0.821478
0 0.912608 0.230305 0.0329574 0.0540919 0.821368
0 0.377432 0.77113 0.0888294 0.085496 0.820913
0 0.0984442 0.789929 0.0485653 0.0713572 0.815844
0 0.33318 0.151126 0.0400132 0.0604122 0.815809
0 0.446326 0.254516 0.0469522 0.0667897 0.814699
0 0.370574 0.1457 0.0443753 0.0626623 0.814107
0 0.95018 0.500084 0.031678 0.0620621 0.813235
0 0.187094 0.293743 0.0348827 0.0599865 0.812018
0 0.958268 0.618486 0.0317204 0.0633087 0.810788
0 0.0623313 0.541638 0.078972 0.0648758 0.809304
0 0.743886 0.375065 0.0726735 0.0668582 0.809077
2 0.748693 0.915228 0.0373423 0.0738319 0.807761
0 0.917278 0.442406 0.030575 0.0622022 0.805573
0 0.590233 0.309546 0.0505848 0.071134 0.805363
0 0.856103 0.265763 0.0518329 0.0573044 0.8049
0 0.944038 0.441842 0.0325612 0.0629109 0.804537
0 0.131615 0.480802 0.0550993 0.0710506 0.803828
0 0.928515 0.330397 0.032472 0.058748 0.80225
0 0.936567 0.385362 0.0324814 0.059747 0.801961
0 0.73984 0.591108 0.0377949 0.0749179 0.800719
0 0.892757 0.63381 0.0532663 0.0700477 0.800278
0 0.865181 0.32336 0.0531517 0.0632135 0.799146
0 0.126893 0.544346 0.0531267 0.0682463 0.797751
0 0.274538 0.761026 0.0397003 0.0800088 0.795283
0 0.0999223 0.728391 0.0465543 0.0647402 0.793509
0 0.745499 0.741323 0.037505 0.0805229 0.793253
0 0.629317 0.189402 0.0494663 0.0582819 0.79214
0 0.782298 0.734681 0.0422718 0.078985 0.791222
0 0.141373 0.359061 0.0531845 0.0586145 0.788949
0 0.314125 0.765807 0.0408957 0.0819313 0.788668
0 0.896041 0.697104 0.0533236 0.0721979 0.786803
2 0.557504 0.936447 0.0543905 0.0887317 0.786178
0 0.786339 0.864733 0.0407165 0.047423 0.784878
0 0.954834 0.558949 0.0317988 0.0620285 0.782187
0 0.920856 0.27805 0.0333295 0.056622 0.78213
0 0.90247 0.330232 0.0304633 0.0605267 0.781045
0 0.736441 0.519322 0.0396113 0.0768493 0.779296
0 0.274424 0.614435 0.0394093 0.0761083 0.776461
2 0.221875 0.909258 0.062212 0.104946 0.775129
0 0.848702 0.213698 0.0525315 0.0530616 0.774895
0 0.904613 0.183263 0.0324031 0.0487397 0.769356
0 0.893723 0.273846 0.0304317 0.0574336 0.767065
0 0.910102 0.384683 0.0301771 0.0596138 0.766838
0 0.220536 0.284727 0.0410034 0.0614352 0.765279
0 0.823645 0.504904 0.0669356 0.0553985 0.764882
0 0.180622 0.352056 0.0346045 0.0608051 0.764143
0 0.227871 0.229774 0.0402288 0.0546389 0.762949
0 0.293345 0.214398 0.0384202 0.0607924 0.761459
0 0.136424 0.417784 0.0522864 0.0647922 0.75738
0 0.2835 0.333984 0.0395031 0.0663639 0.756546
0 0.194785 0.238999 0.0364748 0.0503966 0.756468
0 0.897838 0.762204 0.0543662 0.0709778 0.756396
0 0.927577 0.565727 0.0296863 0.0660633 0.750416
0 0.28412 0.161812 0.0661322 0.0585218 0.750265
0 0.922989 0.503339 0.03036 0.0666848 0.749458
0 0.960779 0.67906 0.0320133 0.0645258 0.749127
0 0.603467 0.131128 0.0885963 0.0632542 0.746175
0 0.235586 0.175812 0.0398127 0.0622435 0.743813
0 0.885613 0.223289 0.0290642 0.0521812 0.741366
2 0.275032 0.926188 0.0451266 0.0987161 0.740792
0 0.975798 0.500055 0.0286834 0.056712 0.740567
0 0.780927 0.658978 0.0418194 0.0777932 0.735235
0 0.147268 0.302773 0.0531247 0.0554741 0.73497
0 0.231072 0.341095 0.0734745 0.0639704 0.733558
0 0.806705 0.317467 0.0675 0.0596247 0.727915
0 0.401798 0.461841 0.0412927 0.0806235 0.722355
0 0.147802 0.416701 0.0732922 0.066547 0.720474
0 0.275441 0.541219 0.0395513 0.0754393 0.719894
0 0.21778 0.682067 0.0732485 0.0750756 0.718061
0 0.955099 0.334305 0.029403 0.0535898 0.71716
0 0.00628361 0.447864 0.0125459 0.0524553 0.71179
0 0.288209 0.271989 0.0383736 0.0621826 0.711438
0 0.227689 0.405828 0.0733263 0.0731663 0.704263
0 0.25433 0.277035 0.0389236 0.0610449 0.699554
0 0.357587 0.538702 0.0475483 0.0845231 0.699195
0 0.376869 0.693122 0.0880996 0.081949 0.69812
0 0.160536 0.609128 0.0442503 0.0690379 0.693411
2 0.380686 0.943296 0.0890186 0.102962 0.688579
0 0.100278 0.668085 0.0465854 0.0688618 0.68268
0 0.377032 0.616911 0.0896271 0.0832788 0.677945
0 0.772696 0.513311 0.039377 0.0685646 0.662445
0 0.221398 0.476002 0.0708387 0.0777763 0.659378
0 0.906603 0.758392 0.0707748 0.0742991 0.658961
0 0.168136 0.544075 0.0345665 0.0679709 0.658437
0 0.776101 0.585223 0.0428808 0.0826814 0.658203
0 0.0721584 0.427209 0.0838561 0.0587199 0.65441
0 0.274561 0.687035 0.0397214 0.0751194 0.648989
0 0.979441 0.555876 0.0261978 0.0599069 0.648897
2 0.707002 0.914919 0.0494617 0.0976568 0.645693
0 0.843222 0.166023 0.0573238 0.0524658 0.644919
0 0.285743 0.215344 0.0541522 0.0586205 0.643873
0 0.837891 0.795865 0.0689869 0.0735401 0.643863
0 0.359871 0.463467 0.0473798 0.0795966 0.640668
0 0.817586 0.439929 0.0703579 0.076909 0.638625
0 0.747137 0.445662 0.0718922 0.0759852 0.636721
0 0.909457 0.834696 0.0720512 0.0935858 0.627065
0 0.266316 0.219818 0.0487562 0.0574511 0.625368
0 0.114272 0.606267 0.0319067 0.0663145 0.617828
0 0.931274 0.62573 0.0282643 0.0662807 0.611378
0 0.00982988 0.399003 0.0196598 0.0482256 0.608379
0 0.28045 0.400176 0.03759 0.0741638 0.603709
0 0.400762 0.537765 0.0423828 0.0831716 0.603388
0 0.217245 0.751921 0.0730464 0.0765963 0.602176
0 0.786511 0.915339 0.0408372 0.063362 0.600866
0 0.191007 0.187653 0.0564816 0.0569911 0.596341
0 0.177076 0.412686 0.0343241 0.0685642 0.595578
0 0.141192 0.2538 0.0392785 0.0501682 0.593009
0 0.399771 0.616015 0.0416141 0.0815167 0.587051
0 0.964775 0.387592 0.0323849 0.0611883 0.578133
0 0.277034 0.470763 0.0391888 0.0764118 0.568766
0 0.20737 0.47573 0.0420955 0.0741995 0.564395
0 0.261448 0.2209 0.0352654 0.0567877 0.56314
0 0.935333 0.747928 0.0243038 0.0628326 0.559921
0 0.949044 0.287687 0.029513 0.0499105 0.554332
0 0.0875942 0.604672 0.02383 0.0621977 0.553603
0 0.971111 0.444416 0.0319986 0.0604727 0.553281
0 0.961699 0.734186 0.0313603 0.0565014 0.551973
0 0.204266 0.751165 0.0472605 0.0766435 0.544499
0 0.00529327 0.495458 0.0105865 0.048215 0.54305
0 0.933894 0.685857 0.0259148 0.0679 0.53817
0 0.0176067 0.493824 0.0229114 0.048002 0.534592
0 0.748768 0.877572 0.0370737 0.0405711 0.529865
0 0.356672 0.616426 0.0481928 0.0802702 0.519327
0 0.877604 0.173577 0.0274898 0.0496134 0.513088
0 0.125181 0.607301 0.0540002 0.0669413 0.511739
0 0.39366 0.771194 0.0557483 0.0852725 0.501684
