0 0.48441 0.299298 0.0763168 0.0583387 0.911867
0 0.674551 0.557906 0.0742691 0.0672117 0.906926
0 0.675066 0.437094 0.0734352 0.066445 0.903409
0 0.671427 0.682922 0.0751268 0.0687463 0.901725
0 0.487363 0.246941 0.074528 0.0555681 0.900955
0 0.674839 0.496969 0.0737166 0.0673501 0.9005
0 0.673203 0.621362 0.0740332 0.0675361 0.899605
0 0.675201 0.380247 0.0718585 0.0642155 0.895979
0 0.465252 0.65972 0.0829235 0.0755708 0.891609
0 0.815732 0.570415 0.0592184 0.0623793 0.890691
0 0.607817 0.676036 0.0532581 0.0689933 0.88608
0 0.816137 0.514133 0.0594412 0.0600845 0.884825
0 0.815038 0.627672 0.0605075 0.0595717 0.883992
0 0.609879 0.613529 0.0532318 0.0700934 0.882274
0 0.675782 0.32502 0.0702658 0.0614308 0.882078
0 0.867976 0.466847 0.0499481 0.0578066 0.881908
0 0.481521 0.354465 0.0773838 0.0627027 0.879518
0 0.670577 0.745762 0.0760332 0.0690345 0.879314
2 0.483798 0.0657829 0.0362106 0.0406211 0.879273
0 0.60547 0.741289 0.0537043 0.0728 0.878317
0 0.419355 0.192439 0.0729552 0.0536125 0.878009
0 0.462191 0.722016 0.0824972 0.0750866 0.877274
0 0.674857 0.272577 0.0693524 0.0578159 0.876826
0 0.468405 0.59692 0.0821413 0.0732735 0.873953
0 0.206018 0.336187 0.0638264 0.0496397 0.873817
0 0.81447 0.686103 0.06173 0.061101 0.873778
0 0.400096 0.403963 0.0715551 0.0633371 0.872646
0 0.397306 0.461174 0.0756069 0.0669125 0.872593
0 0.729262 0.501857 0.0366171 0.0675116 0.871579
0 0.476226 0.411722 0.0806925 0.0685542 0.869405
0 0.390812 0.583832 0.0761631 0.0709456 0.868734
0 0.869853 0.520601 0.0501402 0.0591281 0.86608
0 0.611564 0.549821 0.0527563 0.0687725 0.865098
0 0.359608 0.239801 0.0446112 0.0504635 0.864949
0 0.813648 0.74228 0.0605646 0.0590106 0.864514
0 0.381954 0.706723 0.0753647 0.0771852 0.863982
0 0.40548 0.347262 0.0723554 0.0579291 0.863291
0 0.410975 0.295015 0.0734145 0.0557936 0.861799
0 0.61628 0.21277 0.0481606 0.0516181 0.860284
0 0.540459 0.253826 0.035071 0.052778 0.859826
0 0.81471 0.45935 0.0591623 0.061051 0.85897
0 0.543608 0.155931 0.0333113 0.0474418 0.858143
0 0.41579 0.242648 0.0738989 0.0518077 0.857787
0 0.538541 0.305307 0.0358594 0.0566633 0.85776
0 0.529351 0.541158 0.0391302 0.0710048 0.857478
0 0.478169 0.150485 0.0396215 0.0462061 0.856527
0 0.763736 0.395506 0.041638 0.0573311 0.85572
0 0.531521 0.479286 0.0402743 0.068753 0.854407
0 0.765877 0.564881 0.0421133 0.0638871 0.852602
0 0.312314 0.19056 0.0620209 0.0511677 0.850924
0 0.727843 0.388054 0.0358528 0.0570675 0.849533
0 0.212705 0.288604 0.0625122 0.0471986 0.849393
0 0.394726 0.523362 0.075918 0.0713395 0.848816
0 0.596512 0.427595 0.0862107 0.0712078 0.848667
0 0.765618 0.450566 0.0416452 0.0613728 0.846901
0 0.728716 0.562995 0.0362824 0.064291 0.846869
2 0.864536 0.802952 0.0510206 0.0756499 0.846761
0 0.726909 0.335211 0.0347233 0.0581362 0.846484
0 0.728986 0.442581 0.0362881 0.0612417 0.846207
0 0.284286 0.447475 0.0656837 0.0616781 0.846199
0 0.865756 0.414991 0.0494991 0.0584997 0.845508
0 0.303106 0.28803 0.063073 0.0508565 0.845447
0 0.762291 0.341534 0.0408037 0.0579098 0.844877
0 0.342783 0.397942 0.0479963 0.0607982 0.844706
2 0.577661 0.11594 0.0328956 0.0457739 0.844656
0 0.290162 0.391919 0.0676307 0.0606542 0.844516
0 0.385945 0.645274 0.0767542 0.0714336 0.843868
0 0.766603 0.507016 0.0414663 0.0655801 0.843657
0 0.490647 0.19737 0.0731027 0.0535345 0.843548
0 0.33752 0.455676 0.0484129 0.0650344 0.843418
0 0.534245 0.419593 0.0392797 0.0675316 0.843003
0 0.334333 0.514428 0.0480191 0.064684 0.842759
0 0.725258 0.283504 0.0334663 0.0564091 0.842024
0 0.541705 0.20382 0.0336575 0.0514874 0.842023
0 0.296923 0.338396 0.0658579 0.0548961 0.838766
0 0.616794 0.263604 0.0491133 0.0584465 0.837573
0 0.722587 0.233627 0.0322612 0.0497955 0.836725
0 0.473696 0.472744 0.0787046 0.0696596 0.834952
0 0.363509 0.19072 0.0440927 0.0517592 0.833672
0 0.200464 0.38591 0.0601835 0.0533087 0.833521
0 0.26664 0.67481 0.064358 0.0698421 0.833319
0 0.279439 0.503483 0.0661599 0.0665035 0.832677
0 0.354585 0.289972 0.045098 0.0557488 0.832414
0 0.34882 0.342723 0.046233 0.0581026 0.831294
0 0.329779 0.573494 0.0485959 0.0684023 0.83022
0 0.325308 0.63224 0.047749 0.0656867 0.830056
0 0.274447 0.560944 0.0681735 0.062736 0.827771
0 0.575977 0.208301 0.0358458 0.0517762 0.826818
0 0.8629 0.36431 0.0489239 0.0556745 0.826179
0 0.90371 0.523922 0.0224301 0.054964 0.826056
0 0.564846 0.609247 0.0400397 0.0707857 0.824892
0 0.952314 0.724381 0.0371755 0.0532573 0.824642
2 0.458807 0.793968 0.0795397 0.0874507 0.824367
2 0.910122 0.794014 0.041843 0.0697545 0.82337
0 0.195419 0.436526 0.0576122 0.0564298 0.822866
0 0.760087 0.290863 0.0415609 0.0538992 0.822523
0 0.12045 0.474735 0.0450051 0.0528228 0.822125
0 0.322578 0.693098 0.0471636 0.066122 0.821995
0 0.576158 0.160129 0.0336899 0.0485438 0.821891
0 0.944665 0.527907 0.0220845 0.0541255 0.82081
0 0.924883 0.577026 0.0232693 0.0538072 0.82072
0 0.308904 0.24027 0.0630762 0.0501128 0.820585
0 0.922631 0.476591 0.0228945 0.0536203 0.819653
0 0.870242 0.574277 0.0516449 0.0582672 0.817643
0 0.812598 0.404478 0.059463 0.061258 0.81744
0 0.724073 0.746258 0.0342682 0.0614921 0.817192
0 0.153206 0.246179 0.0472192 0.0453336 0.817134
0 0.901962 0.472397 0.0228095 0.055916 0.815967
0 0.924201 0.525745 0.0225494 0.0535772 0.815171
0 0.574731 0.259291 0.0369122 0.0554383 0.813456
0 0.215638 0.241178 0.0712195 0.0471098 0.812286
0 0.858729 0.3162 0.0489071 0.0513341 0.812228
0 0.855141 0.269604 0.0493024 0.0467308 0.811942
0 0.925278 0.629176 0.0237175 0.0540935 0.811542
0 0.616254 0.315386 0.0488392 0.059479 0.810707
0 0.870452 0.629121 0.0519943 0.0567837 0.808812
0 0.953233 0.67733 0.0359204 0.0512035 0.807058
0 0.985363 0.673294 0.0292438 0.0493877 0.807042
2 0.758273 0.816616 0.0425754 0.0800835 0.806349
2 0.950438 0.785083 0.0404144 0.0719133 0.805487
0 0.27027 0.616823 0.0677794 0.0682172 0.805203
0 0.536735 0.35975 0.0372007 0.0622932 0.804752
2 0.486799 0.0256562 0.0361602 0.0391174 0.804372
0 0.12516 0.426788 0.0434469 0.0493709 0.803159
0 0.689 0.180371 0.0352934 0.049403 0.803106
0 0.471478 0.534073 0.0790815 0.073402 0.800501
0 0.904567 0.576398 0.0205281 0.0547022 0.80039
0 0.527469 0.603978 0.038669 0.0711087 0.79994
0 0.945964 0.578115 0.021068 0.051988 0.799492
0 0.942405 0.480202 0.0222022 0.0530426 0.797963
0 0.680527 0.0190811 0.0306154 0.036023 0.797478
0 0.80737 0.300715 0.0585457 0.0514352 0.797108
0 0.985414 0.627619 0.0291714 0.0485645 0.79644
0 0.263729 0.240331 0.0314208 0.0480488 0.796281
0 0.867544 0.738279 0.0494147 0.0587181 0.794674
0 0.524547 0.667856 0.0391933 0.0709383 0.794473
0 0.719988 0.18608 0.0315113 0.0472159 0.793618
0 0.682626 0.0542451 0.0314052 0.0414899 0.793363
0 0.215703 0.194687 0.0768949 0.04968 0.793263
2 0.615471 0.0789006 0.0443478 0.0430247 0.791158
0 0.810457 0.351023 0.0607971 0.058744 0.791145
0 0.756558 0.242083 0.0410098 0.0497247 0.791111
0 0.257684 0.288323 0.0338961 0.0493748 0.790901
0 0.237167 0.442153 0.0324818 0.0589772 0.790003
0 0.178123 0.484655 0.0787432 0.0622367 0.789828
0 0.899589 0.422677 0.023513 0.0536473 0.787529
0 0.566869 0.545411 0.0396814 0.072621 0.786996
0 0.920435 0.427149 0.0230144 0.0512926 0.78668
0 0.761762 0.745555 0.0438321 0.0611698 0.786419
2 0.615493 0.120369 0.04525 0.0458807 0.784084
0 0.850464 0.225876 0.0449101 0.0447253 0.783728
2 0.809567 0.8134 0.0596561 0.081078 0.783184
0 0.562114 0.672163 0.0399329 0.0711683 0.782758
0 0.157597 0.20302 0.045058 0.0487733 0.782738
2 0.653908 0.0881191 0.0341375 0.0429493 0.782459
0 0.924911 0.680594 0.0237335 0.0531127 0.778273
0 0.773059 0.0819395 0.0267151 0.0376488 0.778237
2 0.578383 0.0741485 0.0323687 0.0430812 0.77543
0 0.476399 0.197214 0.0444013 0.0512681 0.773516
0 0.251227 0.336836 0.034356 0.0521762 0.771205
0 0.896349 0.374704 0.0238033 0.0503831 0.770059
0 0.656293 0.220547 0.0338963 0.0545654 0.769322
2 0.545853 0.11179 0.0322931 0.0436484 0.768295
0 0.785216 0.204054 0.0291001 0.0460057 0.767646
0 0.904441 0.629378 0.0205871 0.0550151 0.766784
0 0.764495 0.625089 0.0425892 0.0635393 0.764548
0 0.15165 0.288774 0.0565441 0.0473347 0.761438
0 0.220307 0.664541 0.0295883 0.0657727 0.760472
0 0.869268 0.685116 0.0500709 0.0576664 0.758844
0 0.91766 0.379427 0.0249665 0.0497643 0.75704
0 0.173596 0.537256 0.0771379 0.061243 0.754291
2 0.615706 0.371679 0.0481922 0.0651694 0.753672
0 0.243909 0.388554 0.0330529 0.0568869 0.750969
0 0.985322 0.720012 0.0293347 0.0488285 0.749021
0 0.743289 0.0724403 0.0364984 0.0403564 0.745928
0 0.726635 0.62401 0.0351731 0.0656164 0.742318
0 0.781824 0.161164 0.0292075 0.0435477 0.741653
0 0.967695 0.484415 0.0329047 0.0525862 0.741526
0 0.763045 0.686461 0.0432078 0.0629485 0.737246
0 0.136337 0.381318 0.0549402 0.0484917 0.737162
2 0.615003 0.039946 0.0429825 0.0402708 0.736671
0 0.187102 0.488255 0.0610052 0.0628509 0.736654
2 0.654924 0.127159 0.0337759 0.0447857 0.735297
0 0.724961 0.685432 0.0348314 0.0615126 0.733421
0 0.574157 0.312215 0.0380739 0.0609323 0.729635
0 0.147479 0.334504 0.0627138 0.0485939 0.729521
0 0.817603 0.257934 0.0303175 0.0480454 0.728063
0 0.739938 0.0352856 0.0361559 0.0397956 0.725833
0 0.521417 0.732787 0.0392326 0.0701131 0.725194
0 0.231968 0.496501 0.0332952 0.0632091 0.72426
0 0.222738 0.606369 0.0296679 0.0621339 0.719416
2 0.319789 0.766131 0.0468597 0.0885113 0.71865
0 0.668255 0.220812 0.0586117 0.0547675 0.71813
0 0.120624 0.575203 0.0278319 0.0558141 0.715381
0 0.962638 0.529928 0.0185528 0.0525191 0.714724
0 0.115804 0.524538 0.0435892 0.0539492 0.712533
0 0.171785 0.589292 0.0760816 0.0607514 0.71133
0 0.548474 0.0305813 0.0302824 0.0406178 0.710929
0 0.964561 0.438036 0.035593 0.0479859 0.710656
0 0.824654 0.105835 0.0231067 0.0371529 0.710475
0 0.939644 0.431451 0.0217056 0.0511597 0.710202
0 0.985115 0.580282 0.0295861 0.050962 0.704204
0 0.808114 0.25695 0.0493759 0.0497093 0.700945
0 0.990558 0.44939 0.018885 0.046976 0.700817
0 0.227383 0.552554 0.0314702 0.0617216 0.698358
0 0.769368 0.0482275 0.0256014 0.0337523 0.697104
0 0.708554 0.0243236 0.0279736 0.0395282 0.696909
0 0.691159 0.225028 0.0361116 0.0517689 0.6955
0 0.901999 0.246538 0.0239494 0.0409874 0.692969
0 0.265372 0.75194 0.0620991 0.0980145 0.691308
2 0.547687 0.0708563 0.031678 0.0422145 0.690355
0 0.892733 0.327717 0.0248596 0.0451503 0.689647
0 0.947562 0.628529 0.0244717 0.0528534 0.689089
0 0.268388 0.192316 0.0304741 0.0488826 0.688024
0 0.953403 0.628332 0.0350969 0.0517893 0.687572
0 0.777359 0.120331 0.028697 0.0426436 0.687412
0 0.903733 0.682768 0.0219856 0.0536711 0.68691
0 0.902353 0.73208 0.0232232 0.0560626 0.683228
0 0.813591 0.213178 0.0316858 0.0485778 0.679995
0 0.988283 0.405104 0.0229803 0.0460358 0.677688
0 0.747092 0.624342 0.0760717 0.0655507 0.674007
0 0.991999 0.491861 0.0160027 0.0510095 0.672398
2 0.578781 0.0327649 0.0313805 0.0420262 0.669043
0 0.908132 0.289193 0.0241528 0.0450781 0.667996
0 0.171801 0.650053 0.0695842 0.0696856 0.667958
0 0.809432 0.169157 0.0304748 0.0426352 0.667385
0 0.888245 0.281127 0.0245032 0.0417255 0.664927
0 0.547445 0.0707229 0.0311714 0.0423832 0.664556
0 0.930112 0.257231 0.0337645 0.0380815 0.663855
0 0.559554 0.735522 0.0401263 0.0712157 0.663443
0 0.936593 0.384952 0.020447 0.0454296 0.662217
0 0.960326 0.392265 0.032803 0.040879 0.658995
0 0.925695 0.220147 0.0320089 0.038663 0.658624
2 0.536732 0.811225 0.0793049 0.0931794 0.655833
0 0.717008 0.143174 0.0320473 0.0449591 0.655819
0 0.963213 0.578684 0.0188817 0.0519668 0.653525
0 0.93227 0.298415 0.0327421 0.0416651 0.653333
2 0.665288 0.822335 0.0753304 0.0851405 0.649942
2 0.686753 0.136545 0.0338208 0.0456772 0.647379
2 0.652185 0.049168 0.0334375 0.0414095 0.645893
0 0.79114 0.0250705 0.0263992 0.0344325 0.643364
0 0.96576 0.274566 0.0352265 0.0395859 0.639187
0 0.711993 0.0633252 0.0300576 0.0408176 0.635638
0 0.847767 0.183377 0.0445473 0.0432266 0.630571
0 0.93348 0.340737 0.0240051 0.0420758 0.62792
0 0.793253 0.251895 0.038694 0.0507745 0.627549
0 0.596573 0.368257 0.0851377 0.0661759 0.624078
0 0.843282 0.081187 0.022744 0.0361895 0.620332
0 0.684318 0.0940816 0.0317984 0.0441565 0.618227
2 0.38085 0.781023 0.0764352 0.105281 0.617821
0 0.913175 0.333605 0.0226492 0.0471934 0.612919
0 0.923787 0.728532 0.0221544 0.0520757 0.612202
0 0.885498 0.23828 0.0284511 0.0381747 0.608841
0 0.765664 0.0210425 0.0240053 0.0334479 0.607218
0 0.992239 0.293911 0.0151344 0.0388804 0.602163
0 0.819825 0.0716296 0.0263519 0.0400563 0.600228
0 0.746693 0.111377 0.0369043 0.0411745 0.595624
2 0.514758 0.107883 0.0328091 0.0425511 0.595457
2 0.718595 0.820077 0.0378925 0.0800412 0.592086
2 0.615606 0.16512 0.0464656 0.0490282 0.587928
0 0.750241 0.15142 0.0385843 0.0440821 0.587059
0 0.573369 0.367617 0.0380243 0.0656101 0.584736
0 0.798072 0.087111 0.0261472 0.0377793 0.584445
0 0.74639 0.686332 0.0762753 0.0633447 0.582405
0 0.867524 0.118326 0.0221533 0.0317702 0.578359
0 0.650738 0.0159055 0.0330301 0.0318111 0.576255
0 0.859701 0.62964 0.0297803 0.0568347 0.571118
0 0.962854 0.238161 0.0334925 0.0371205 0.5698
0 0.480465 0.107315 0.0384594 0.0432302 0.567565
0 0.993582 0.330207 0.0128354 0.0368861 0.565921
0 0.61341 0.489674 0.0508913 0.0685939 0.56521
0 0.99066 0.536333 0.0186791 0.0510876 0.565141
2 0.749758 0.151711 0.0384348 0.0436322 0.561304
0 0.961731 0.627925 0.020401 0.0508616 0.560499
0 0.569874 0.484273 0.0368706 0.0666973 0.559549
2 0.516553 0.0673566 0.0327778 0.0417365 0.557723
0 0.595314 0.488485 0.0877096 0.069536 0.555206
2 0.481253 0.107026 0.037907 0.0432279 0.548894
0 0.799645 0.0922375 0.0281011 0.0401911 0.545369
0 0.0988177 0.570898 0.0214023 0.0492687 0.544355
0 0.961542 0.180676 0.0254182 0.036895 0.541475
0 0.929996 0.0980628 0.0159321 0.0305864 0.537736
0 0.199384 0.195201 0.0447176 0.0484678 0.534777
0 0.752997 0.194072 0.0389836 0.0470191 0.533394
0 0.908474 0.117563 0.0330286 0.0362007 0.532302
2 0.359933 0.778977 0.119023 0.109642 0.525027
0 0.897386 0.207001 0.025296 0.0364174 0.519648
0 0.989666 0.258454 0.0166305 0.0331372 0.514233
0 0.516519 0.0673967 0.0326264 0.0422911 0.510424
0 0.718702 0.820553 0.0375604 0.0816486 0.508922
0 0.518229 0.0273771 0.0317333 0.0400389 0.508464
2 0.804287 0.129772 0.028232 0.0425937 0.504395
0 0.933404 0.129816 0.0179882 0.0347259 0.504163
0 0.79526 0.056408 0.0275475 0.0350519 0.500202
