0 0.675697 0.379849 0.0710309 0.0645819 0.916393
0 0.675294 0.43617 0.072412 0.0667701 0.913062
0 0.674841 0.497049 0.0725939 0.0687029 0.907381
0 0.672128 0.683046 0.0733322 0.0680296 0.902322
0 0.673326 0.62096 0.0725237 0.0664096 0.899571
0 0.67435 0.557878 0.0731548 0.0671525 0.892293
0 0.614577 0.430169 0.051978 0.0669971 0.885678
0 0.608193 0.677003 0.0556988 0.0687109 0.885085
0 0.465714 0.65985 0.0832039 0.0745228 0.883368
0 0.867942 0.467661 0.0490816 0.0582391 0.881103
0 0.399804 0.40427 0.0714506 0.0638615 0.880529
0 0.396847 0.462191 0.0753449 0.06635 0.879649
0 0.540625 0.733361 0.0778365 0.0714117 0.878392
0 0.462449 0.722676 0.0821848 0.0752212 0.877235
0 0.487503 0.247335 0.0747009 0.0550013 0.875731
0 0.419591 0.192514 0.0725054 0.0527181 0.875613
0 0.612133 0.551759 0.0533239 0.0670624 0.87554
0 0.869367 0.520709 0.0492111 0.0603455 0.874141
0 0.670394 0.746087 0.0762613 0.070218 0.872964
0 0.382676 0.707025 0.0769588 0.077369 0.872257
0 0.675503 0.324565 0.0704649 0.0621241 0.872045
0 0.478068 0.150202 0.0395589 0.0470808 0.870976
0 0.616125 0.316077 0.0502167 0.0604606 0.869009
0 0.543705 0.155478 0.0333155 0.0474702 0.868199
0 0.206075 0.336142 0.0620404 0.0493093 0.867037
0 0.390523 0.58417 0.0768872 0.0694461 0.864495
0 0.870216 0.629543 0.0508316 0.057984 0.863681
0 0.728658 0.502162 0.0362595 0.0673307 0.862676
0 0.87021 0.57438 0.0500128 0.0583729 0.862545
0 0.303546 0.288502 0.0645562 0.0511105 0.861965
0 0.416277 0.242137 0.0730712 0.051775 0.860794
0 0.40536 0.346859 0.0717716 0.0579288 0.860575
0 0.4112 0.294552 0.0724186 0.0549178 0.859965
0 0.765499 0.565837 0.042761 0.0635484 0.858534
0 0.829632 0.627825 0.0318089 0.0580592 0.857601
2 0.484141 0.0658027 0.0355522 0.0408271 0.857528
0 0.529476 0.540999 0.0386585 0.0700596 0.857209
0 0.394288 0.523962 0.0761853 0.0712429 0.856625
0 0.355343 0.290932 0.0438493 0.0539568 0.854755
0 0.31268 0.190451 0.0624715 0.0508137 0.854742
0 0.360728 0.24063 0.0437069 0.0515363 0.854522
0 0.765205 0.450299 0.0412996 0.0621621 0.854431
0 0.763895 0.395893 0.0413579 0.0578904 0.853677
0 0.762466 0.342116 0.0408981 0.0595118 0.852769
0 0.542957 0.66919 0.0755608 0.0719041 0.850177
0 0.610503 0.614004 0.0545118 0.0694227 0.849602
0 0.213134 0.2889 0.0598109 0.0467932 0.849397
0 0.542014 0.203398 0.0338873 0.0519904 0.848659
0 0.615705 0.213215 0.0487493 0.0521035 0.848423
0 0.799979 0.626631 0.031052 0.0590898 0.847963
0 0.385233 0.644113 0.0767697 0.0702674 0.845243
0 0.72522 0.28433 0.033591 0.0574297 0.844841
0 0.343194 0.398737 0.0457071 0.0613349 0.844545
0 0.72698 0.335995 0.0344948 0.0586899 0.844116
0 0.363987 0.191057 0.0437447 0.0515659 0.843137
0 0.869445 0.684948 0.0503833 0.0563237 0.842885
0 0.297646 0.339121 0.0667656 0.0556713 0.8421
0 0.727888 0.563423 0.0364334 0.0644067 0.841566
2 0.45904 0.795013 0.0800966 0.0875326 0.841216
0 0.349753 0.343319 0.0452882 0.0588013 0.840144
0 0.574775 0.257343 0.0348564 0.0538183 0.839906
0 0.540828 0.254205 0.0350748 0.0532742 0.838482
0 0.766192 0.507166 0.0408641 0.0653213 0.837549
0 0.566472 0.544504 0.0408875 0.0693765 0.836902
0 0.724853 0.685397 0.0331911 0.0625205 0.836295
0 0.727923 0.388514 0.0352219 0.0573983 0.835789
0 0.865626 0.415454 0.0487392 0.0584743 0.835508
0 0.201007 0.38552 0.0594087 0.0532517 0.834963
0 0.763655 0.625345 0.0434883 0.0618519 0.834946
0 0.575457 0.208619 0.0340212 0.0509406 0.833937
0 0.564948 0.60838 0.0405348 0.0688477 0.833761
0 0.569311 0.484811 0.0376583 0.0646484 0.833382
0 0.743102 0.0725029 0.0364831 0.0404519 0.833304
0 0.616291 0.262736 0.0495163 0.0566178 0.83318
0 0.321213 0.69323 0.0490269 0.0658547 0.833159
2 0.666435 0.822648 0.074864 0.0844702 0.833065
0 0.29025 0.391403 0.0699583 0.0606161 0.83139
0 0.762348 0.685712 0.0443668 0.0628265 0.831201
0 0.531627 0.479367 0.0399435 0.0683852 0.830602
2 0.910144 0.792751 0.0409718 0.068756 0.827559
0 0.722465 0.234019 0.0325214 0.0509948 0.82679
0 0.728651 0.443487 0.0351271 0.0621611 0.824884
0 0.723582 0.74656 0.0323923 0.0608549 0.823929
0 0.760658 0.745441 0.0455723 0.059781 0.823316
0 0.760105 0.291185 0.0416302 0.0553942 0.822596
0 0.862419 0.365039 0.0486275 0.0555952 0.822157
0 0.576145 0.159844 0.0333242 0.0490956 0.821345
0 0.114667 0.426086 0.0241252 0.049794 0.820983
0 0.336415 0.516336 0.0438326 0.0671445 0.82035
0 0.674814 0.271478 0.0697026 0.0566441 0.819807
0 0.263741 0.240125 0.0319811 0.0482812 0.818758
0 0.215462 0.195498 0.0784691 0.0499272 0.817989
0 0.573847 0.310689 0.0358124 0.0607556 0.817481
0 0.773146 0.0820203 0.0270124 0.0377477 0.816311
0 0.157715 0.202831 0.0424059 0.0486305 0.816203
0 0.858816 0.316942 0.0490622 0.0498655 0.816128
0 0.829442 0.685144 0.0316238 0.0580272 0.815929
0 0.33797 0.455423 0.0462295 0.0658199 0.815901
0 0.490489 0.197493 0.0731659 0.0534327 0.815839
0 0.71992 0.186338 0.0314844 0.048339 0.815795
0 0.725844 0.623603 0.0349448 0.0648839 0.815573
0 0.237656 0.441158 0.0315853 0.0590456 0.814393
0 0.196118 0.436695 0.0564435 0.0580462 0.814129
2 0.86474 0.802418 0.0513451 0.0768374 0.81382
0 0.119843 0.380287 0.0251098 0.0470501 0.812977
0 0.855419 0.27041 0.0488892 0.0480296 0.812532
0 0.309633 0.240352 0.0638577 0.0504837 0.811182
0 0.324649 0.631971 0.0471727 0.0672565 0.81113
2 0.535545 0.811336 0.0762529 0.0927031 0.810974
0 0.572657 0.364775 0.0364161 0.0634907 0.810694
0 0.527806 0.604529 0.0387802 0.071979 0.809112
2 0.577121 0.11548 0.032346 0.0456891 0.809111
0 0.867627 0.737991 0.0493995 0.0591293 0.806493
0 0.538977 0.305943 0.0365229 0.0576942 0.805816
0 0.613371 0.490768 0.0519161 0.0670354 0.804712
2 0.614751 0.121563 0.0456032 0.0456421 0.804598
0 0.606116 0.742103 0.0558256 0.0720782 0.803757
0 0.830031 0.570348 0.031525 0.0605246 0.803481
0 0.781235 0.160902 0.029112 0.043086 0.80176
0 0.952713 0.724098 0.0388422 0.0530515 0.801231
0 0.682606 0.0542439 0.032098 0.0419517 0.800584
0 0.716929 0.143452 0.0321009 0.0453173 0.800572
0 0.684783 0.0933248 0.0339106 0.0445652 0.800364
0 0.711937 0.062372 0.0296967 0.0418303 0.799126
0 0.258448 0.559244 0.0344926 0.0632762 0.797401
0 0.94595 0.577958 0.021865 0.0517748 0.797328
0 0.265948 0.67706 0.0633996 0.0713227 0.797007
0 0.75648 0.242345 0.0414357 0.0505648 0.796349
0 0.828272 0.741637 0.031472 0.0569016 0.796163
0 0.769273 0.0496252 0.025558 0.0323039 0.795143
2 0.48703 0.0255028 0.0353344 0.0395441 0.79465
0 0.85078 0.226363 0.0451958 0.0455568 0.794157
0 0.945122 0.528344 0.0235802 0.0529341 0.793661
0 0.25736 0.287991 0.0340382 0.0496151 0.792449
0 0.784899 0.203616 0.0286909 0.0461505 0.790549
0 0.688659 0.179588 0.0359899 0.0502487 0.789472
0 0.776583 0.120479 0.0273907 0.0421206 0.787068
0 0.571132 0.424512 0.0361339 0.0667731 0.786233
0 0.217752 0.241907 0.0668825 0.0465569 0.786204
0 0.904104 0.576449 0.0215891 0.0545402 0.785564
0 0.459823 0.410673 0.0485334 0.0687472 0.783696
0 0.709137 0.023068 0.0279309 0.0399529 0.783293
0 0.798478 0.742964 0.0318842 0.0582353 0.782914
0 0.714274 0.102372 0.0308626 0.0436916 0.782787
0 0.194839 0.544838 0.038323 0.0626827 0.781026
0 0.924706 0.628586 0.0232012 0.0537961 0.7785
0 0.924693 0.577076 0.0232025 0.0530754 0.778443
0 0.26319 0.50309 0.0337177 0.066871 0.778424
0 0.268275 0.192162 0.0307384 0.0493171 0.776699
0 0.740041 0.0344021 0.0358194 0.0401158 0.775975
0 0.468886 0.596489 0.0820743 0.0721523 0.773499
0 0.155294 0.533653 0.0446908 0.0578132 0.772495
0 0.156838 0.335044 0.0439957 0.0502475 0.772116
0 0.680495 0.0190245 0.0312942 0.036176 0.771158
0 0.51496 0.107494 0.0338058 0.0423063 0.770753
0 0.799154 0.685813 0.0315118 0.0605142 0.770323
0 0.126924 0.334371 0.025131 0.0488508 0.76935
0 0.161504 0.288662 0.0426774 0.0479503 0.768236
0 0.153122 0.245627 0.042066 0.0457011 0.76559
0 0.25151 0.335756 0.0343903 0.050767 0.765169
0 0.47578 0.411116 0.0808897 0.0683219 0.763913
0 0.953438 0.676756 0.0379375 0.0521564 0.763866
0 0.110007 0.474103 0.0256169 0.0507319 0.763535
0 0.656306 0.219849 0.0338671 0.0547981 0.760502
0 0.903344 0.524861 0.0224327 0.0554553 0.758548
2 0.793017 0.813676 0.0273051 0.0778221 0.757089
0 0.192683 0.600086 0.0369742 0.0620479 0.754183
2 0.38123 0.784184 0.0754254 0.0952676 0.753691
0 0.807694 0.300812 0.0588556 0.0532039 0.753458
0 0.942674 0.480641 0.0229706 0.0519418 0.752874
2 0.757469 0.815974 0.0434916 0.0785098 0.750933
0 0.130629 0.476097 0.0241066 0.0541175 0.748767
0 0.160199 0.481401 0.0444513 0.0570174 0.747648
0 0.746306 0.110851 0.036514 0.0418794 0.746466
0 0.150221 0.634611 0.0460057 0.0556246 0.746416
0 0.105035 0.522778 0.025145 0.0541633 0.745896
0 0.615139 0.371199 0.0508511 0.0649958 0.743479
0 0.254876 0.615828 0.0366923 0.0676049 0.742068
0 0.284363 0.449535 0.066085 0.0648442 0.740919
0 0.799479 0.0915661 0.0278934 0.0393577 0.740866
0 0.547218 0.0701855 0.030468 0.0418671 0.737821
0 0.548292 0.0303134 0.0299402 0.0403235 0.735257
0 0.330784 0.575377 0.0438479 0.0667958 0.731979
0 0.516634 0.0665873 0.0331957 0.0407975 0.730651
0 0.829793 0.514285 0.0311713 0.0581773 0.730263
2 0.950794 0.785092 0.0413567 0.0730979 0.730171
0 0.945638 0.627826 0.0223282 0.0522905 0.729715
0 0.912218 0.730638 0.0422894 0.0563008 0.729147
0 0.991858 0.294471 0.0162832 0.0396119 0.727959
0 0.847308 0.18391 0.0452835 0.043209 0.726511
0 0.119602 0.575932 0.0250198 0.0581922 0.724613
0 0.199622 0.489319 0.0385865 0.062905 0.720105
0 0.151687 0.583767 0.0466181 0.0582352 0.71962
0 0.985653 0.627833 0.028694 0.048483 0.719455
0 0.924193 0.525806 0.0227305 0.054456 0.714944
2 0.59978 0.817707 0.057345 0.087733 0.714773
0 0.161888 0.431767 0.0387061 0.0532535 0.714688
0 0.534582 0.41849 0.0392461 0.0689499 0.713989
0 0.901477 0.473907 0.0225535 0.0561417 0.710291
0 0.985507 0.673386 0.0287485 0.0495947 0.709366
0 0.151995 0.381802 0.0430042 0.0507995 0.709222
0 0.800546 0.568851 0.0295446 0.0613619 0.709201
0 0.817811 0.257335 0.0306202 0.0483371 0.70912
0 0.893067 0.32844 0.0258656 0.0458736 0.705808
0 0.244219 0.386937 0.0333101 0.0556554 0.704921
0 0.813946 0.212244 0.0311416 0.0491155 0.704187
0 0.476021 0.19705 0.044485 0.0514764 0.703403
0 0.134225 0.42717 0.0234938 0.0517563 0.702906
0 0.749972 0.15175 0.038076 0.0440567 0.698079
0 0.989909 0.448742 0.020181 0.047571 0.69774
0 0.765263 0.0201656 0.0236047 0.0345442 0.697693
0 0.988021 0.404375 0.0234578 0.0464561 0.69744
0 0.124642 0.525471 0.025605 0.0550897 0.695702
2 0.577767 0.07395 0.0320064 0.0434912 0.695103
0 0.132954 0.289821 0.0242037 0.0452566 0.692146
0 0.537412 0.359536 0.0370014 0.0624825 0.689591
0 0.809804 0.350333 0.0584999 0.0582445 0.687652
0 0.790458 0.0231227 0.0266792 0.0367536 0.687565
2 0.71867 0.820197 0.0361734 0.079997 0.686303
0 0.512891 0.151206 0.0329182 0.0473085 0.685003
0 0.690748 0.225032 0.03701 0.0519695 0.682923
0 0.993577 0.330373 0.0128345 0.0374074 0.682272
0 0.9315 0.298582 0.0317285 0.0412565 0.681843
0 0.904224 0.629318 0.020647 0.0552573 0.681343
0 0.924309 0.680146 0.0231873 0.0537645 0.680451
0 0.889083 0.281941 0.0252953 0.0430547 0.679441
2 0.822604 0.811416 0.0339489 0.077398 0.67751
0 0.809248 0.168634 0.0310511 0.0427192 0.676251
0 0.829228 0.46088 0.0303753 0.0586142 0.673348
0 0.915132 0.379358 0.0281084 0.0504721 0.673076
0 0.795051 0.0561878 0.0272202 0.0331265 0.666336
0 0.48455 0.299726 0.0771372 0.0579495 0.663179
2 0.614764 0.0801438 0.0445442 0.0439442 0.663108
0 0.824962 0.106427 0.0242821 0.0377753 0.661648
0 0.686846 0.133968 0.0348619 0.0468775 0.661454
2 0.545835 0.111341 0.0318663 0.043706 0.661401
0 0.922686 0.475686 0.0226858 0.0539726 0.660907
0 0.929922 0.25753 0.0338345 0.0382352 0.659514
2 0.318175 0.761843 0.0536155 0.0938657 0.658763
0 0.936522 0.386889 0.0220769 0.0457796 0.656443
0 0.907505 0.289502 0.0241734 0.0448144 0.655346
0 0.269508 0.61749 0.065885 0.0708627 0.65165
0 0.142415 0.289322 0.042171 0.0470652 0.651183
0 0.897011 0.37548 0.0256279 0.0518813 0.650757
0 0.96517 0.43716 0.0346187 0.0504708 0.646085
0 0.926225 0.219749 0.0335798 0.0393461 0.645675
0 0.911995 0.473518 0.0434202 0.0563864 0.644772
0 0.471828 0.534352 0.0798771 0.0703866 0.644434
0 0.804873 0.128126 0.0293991 0.0397418 0.64063
0 0.9921 0.491382 0.0158008 0.0512592 0.639915
0 0.808498 0.256535 0.0492186 0.0506255 0.637969
0 0.908129 0.378551 0.0427685 0.0514942 0.636732
0 0.797801 0.0866785 0.0259033 0.0377339 0.63614
0 0.933694 0.34177 0.0257061 0.0430614 0.626278
0 0.752923 0.195239 0.0391316 0.0496086 0.62411
0 0.985292 0.579604 0.0285653 0.0514308 0.622725
0 0.4737 0.472613 0.0788733 0.0689741 0.620145
0 0.920246 0.426468 0.0232197 0.05107 0.619489
0 0.820805 0.0714622 0.0286449 0.0396182 0.614621
0 0.969146 0.484109 0.0323464 0.0518678 0.613895
0 0.983505 0.361091 0.0249074 0.041515 0.613395
0 0.900674 0.246736 0.0273162 0.0410525 0.612856
0 0.228427 0.552864 0.0310126 0.0614237 0.612591
0 0.910644 0.424842 0.0425533 0.0527274 0.611062
0 0.952667 0.627713 0.0349894 0.0525305 0.610438
0 0.912764 0.333443 0.0220451 0.0480576 0.608003
0 0.289877 0.564733 0.0336995 0.0641244 0.605989
0 0.989566 0.25992 0.0181772 0.0379248 0.605443
0 0.650203 0.0155967 0.0319861 0.0311934 0.604168
0 0.96593 0.274265 0.0345867 0.0387349 0.603215
0 0.457703 0.471553 0.0485318 0.0675729 0.602581
0 0.797263 0.402458 0.028373 0.0589766 0.600508
0 0.959907 0.392318 0.0332371 0.0405127 0.599375
0 0.100172 0.572054 0.0225441 0.0524324 0.598216
0 0.468663 0.298572 0.0460867 0.0569171 0.59805
2 0.653493 0.0881333 0.0335558 0.0432936 0.596933
0 0.962932 0.62711 0.0201775 0.0504288 0.596643
2 0.654032 0.127329 0.03351 0.0439269 0.5965
0 0.791241 0.250978 0.0344825 0.0517633 0.589691
0 0.518265 0.0272545 0.0316665 0.0402452 0.586897
0 0.800751 0.511596 0.0294503 0.0602343 0.586882
0 0.96323 0.578253 0.0191444 0.0516853 0.586199
0 0.900125 0.0791333 0.0324455 0.040273 0.585076
0 0.614649 0.0401139 0.043017 0.0395709 0.581941
0 0.799475 0.456805 0.0303745 0.0613393 0.581343
0 0.886164 0.238299 0.0303116 0.0390369 0.57919
0 0.936604 0.131688 0.0185714 0.0330962 0.579177
0 0.462881 0.353121 0.0462512 0.0604894 0.573483
0 0.812379 0.403158 0.0582588 0.058089 0.564273
2 0.481386 0.106814 0.0373419 0.042678 0.562951
0 0.614778 0.0795406 0.0441222 0.0431211 0.561753
0 0.939692 0.432028 0.0220457 0.049507 0.559435
0 0.191484 0.656708 0.0370681 0.0713164 0.554397
0 0.908531 0.119097 0.0332127 0.040208 0.55396
0 0.992337 0.535999 0.0153252 0.0508545 0.552282
0 0.48045 0.106991 0.0382242 0.0427622 0.55112
0 0.295755 0.507143 0.0363627 0.0667448 0.549738
0 0.988422 0.255318 0.0198124 0.0352252 0.549139
0 0.520234 0.357777 0.0715202 0.0648857 0.545983
0 0.897458 0.205199 0.0259651 0.0397478 0.545788
