0 0.675386 0.380193 0.0710901 0.0648745 0.912724
0 0.675303 0.436487 0.0723852 0.065768 0.907011
0 0.674809 0.497461 0.0725029 0.069159 0.903752
0 0.459525 0.411581 0.0472528 0.0666274 0.902258
0 0.672353 0.683311 0.073613 0.0679183 0.900259
0 0.674403 0.558696 0.0724825 0.0673527 0.898473
0 0.673405 0.620931 0.0731449 0.0665257 0.896109
0 0.612534 0.552312 0.0536111 0.0647952 0.89264
0 0.608797 0.676452 0.0550166 0.0678855 0.882724
0 0.675106 0.324929 0.0701299 0.0616311 0.87974
0 0.868045 0.468475 0.0485054 0.0571265 0.879156
0 0.670625 0.745819 0.0766096 0.0691899 0.877732
0 0.493202 0.536438 0.0374991 0.0705703 0.876638
0 0.869308 0.520829 0.0487654 0.0599178 0.876544
0 0.615758 0.316771 0.0503159 0.0606565 0.874961
0 0.303283 0.287717 0.0643187 0.0522739 0.874304
0 0.47808 0.150174 0.03925 0.0473367 0.871713
0 0.397065 0.461416 0.075993 0.066224 0.87135
0 0.312635 0.190597 0.0625049 0.0499036 0.871291
0 0.39406 0.52337 0.0774488 0.0742251 0.869655
0 0.51931 0.357264 0.071814 0.0637754 0.869046
0 0.487684 0.664126 0.0402248 0.0695173 0.868683
0 0.390197 0.585081 0.0772364 0.072272 0.867856
0 0.543777 0.155227 0.0330242 0.048031 0.86662
0 0.206264 0.336131 0.0627482 0.0501226 0.865234
0 0.40035 0.403998 0.0725613 0.0632155 0.865212
0 0.382819 0.707002 0.0791063 0.0783354 0.864524
0 0.274979 0.561037 0.0680043 0.0653501 0.86365
0 0.764052 0.395682 0.0409768 0.0585009 0.863196
0 0.614361 0.430424 0.0513079 0.066765 0.863051
0 0.869887 0.574254 0.0496351 0.0582341 0.862786
0 0.405622 0.346232 0.0714384 0.0595865 0.860525
0 0.450494 0.594303 0.0456856 0.0693996 0.860217
0 0.349422 0.342795 0.0454301 0.0592301 0.856344
0 0.606211 0.741509 0.0554117 0.0707081 0.85599
0 0.411401 0.294534 0.0724753 0.0543964 0.853144
0 0.28049 0.502242 0.0647316 0.0670283 0.851046
0 0.297345 0.338932 0.0663619 0.0556585 0.850287
0 0.474423 0.197511 0.0409798 0.0521362 0.850208
0 0.726696 0.335615 0.0348584 0.0588901 0.849912
0 0.765447 0.450181 0.0413358 0.0609671 0.849887
0 0.61539 0.213297 0.0486649 0.0514518 0.849835
0 0.453947 0.531133 0.0455571 0.070639 0.849812
0 0.419781 0.192997 0.0722941 0.0541165 0.849655
0 0.36035 0.239778 0.0431722 0.0503341 0.847705
0 0.284114 0.447016 0.0650854 0.0602421 0.847099
0 0.728098 0.388667 0.036104 0.0586374 0.845757
0 0.728926 0.502233 0.0369059 0.0687179 0.845562
0 0.289984 0.391807 0.0687493 0.0590965 0.845404
0 0.766581 0.507288 0.041004 0.0645903 0.843682
0 0.266202 0.678076 0.0632197 0.072589 0.843539
0 0.540571 0.73374 0.0782511 0.0723551 0.842568
0 0.574608 0.257468 0.0347638 0.0537852 0.842468
2 0.577209 0.115773 0.0321267 0.0455993 0.842299
0 0.724914 0.28378 0.0331686 0.0565466 0.841667
0 0.542102 0.203079 0.0335424 0.0522405 0.841606
0 0.444411 0.719934 0.0462292 0.0720421 0.840793
0 0.761838 0.342305 0.040615 0.0591303 0.840487
0 0.334003 0.514927 0.0475946 0.0638124 0.840294
2 0.484209 0.0656728 0.0361097 0.040653 0.839522
0 0.385024 0.643751 0.076212 0.0712579 0.839478
0 0.865746 0.415599 0.0485774 0.0592294 0.839168
2 0.263932 0.752246 0.0633382 0.102261 0.838911
0 0.57535 0.208293 0.0338437 0.0516274 0.838386
0 0.342915 0.398856 0.047049 0.0609649 0.837941
0 0.870027 0.629364 0.0506664 0.0583709 0.835193
0 0.615997 0.262892 0.0496986 0.0571173 0.835009
0 0.829402 0.627781 0.0318463 0.058359 0.833363
0 0.457388 0.471654 0.0471789 0.066662 0.833076
0 0.337308 0.456394 0.0477794 0.0657079 0.832263
0 0.467015 0.297658 0.0416097 0.0569178 0.830884
0 0.416167 0.242857 0.0733276 0.0504222 0.829015
0 0.728892 0.443761 0.0360354 0.06255 0.828142
0 0.799761 0.626621 0.0310473 0.0590788 0.82788
0 0.674549 0.271769 0.0697076 0.0566248 0.82671
0 0.324793 0.633462 0.0482273 0.0700684 0.826597
0 0.952806 0.72379 0.0389919 0.0540401 0.82618
0 0.743128 0.0726978 0.0360863 0.040313 0.825472
0 0.722427 0.234105 0.0322298 0.0511099 0.82506
0 0.270099 0.619119 0.0662729 0.070066 0.825055
0 0.862579 0.365105 0.0485447 0.0570077 0.824646
0 0.759557 0.291142 0.041138 0.0548617 0.824217
0 0.329606 0.573334 0.0474995 0.0672137 0.824087
0 0.71182 0.062826 0.0303074 0.0411845 0.823695
0 0.517587 0.416726 0.071299 0.0693193 0.822883
0 0.543506 0.669154 0.0759649 0.0721221 0.822517
0 0.708964 0.023854 0.0286436 0.0405463 0.822514
2 0.319734 0.765732 0.0484786 0.0904266 0.822187
0 0.157283 0.202713 0.0423207 0.048502 0.821004
0 0.76581 0.565293 0.0416395 0.0632 0.820824
0 0.447025 0.657736 0.0461057 0.0729366 0.82008
0 0.529383 0.541571 0.0383753 0.0706464 0.819201
0 0.355273 0.289546 0.0446738 0.0546469 0.818749
0 0.854713 0.270116 0.0479764 0.0475899 0.818184
0 0.490347 0.599479 0.0394549 0.0700292 0.816454
0 0.858456 0.316818 0.0478611 0.0518176 0.816057
0 0.573756 0.310751 0.0359714 0.0615469 0.816044
2 0.665107 0.822345 0.0769396 0.085786 0.815125
0 0.716892 0.143306 0.0319576 0.0452907 0.814537
0 0.575978 0.159632 0.0331536 0.0484886 0.813882
0 0.613551 0.491071 0.0518515 0.0684629 0.813498
0 0.201107 0.385585 0.0594426 0.0534572 0.812506
0 0.32145 0.694805 0.0473421 0.0683052 0.812435
0 0.213177 0.288744 0.0603553 0.0473268 0.812402
0 0.54082 0.253843 0.0348415 0.0539662 0.812374
2 0.910211 0.792872 0.0419532 0.0706693 0.811392
0 0.719898 0.186515 0.0313526 0.0487386 0.810714
0 0.308941 0.239624 0.0633985 0.0500591 0.808304
0 0.773209 0.0816898 0.0270915 0.0380544 0.807444
2 0.535121 0.811714 0.0756767 0.0950013 0.807243
0 0.850262 0.225795 0.0448704 0.0460906 0.805994
0 0.784812 0.203613 0.029136 0.0467214 0.804834
0 0.198971 0.196243 0.0459593 0.0485777 0.804777
0 0.723795 0.745802 0.0329529 0.0612375 0.803964
0 0.565031 0.608107 0.0414574 0.0681497 0.803073
0 0.756265 0.24283 0.0400713 0.0506041 0.798068
2 0.950546 0.78562 0.0408024 0.0737646 0.797411
0 0.516943 0.0665538 0.0332054 0.0407458 0.797162
0 0.781431 0.160646 0.0295189 0.0439455 0.797089
0 0.911751 0.474242 0.0441444 0.0561272 0.796738
0 0.462437 0.352875 0.0448444 0.0604389 0.796433
0 0.36373 0.190775 0.0433093 0.0512815 0.79183
0 0.11452 0.425772 0.0238519 0.0496357 0.791238
0 0.119962 0.379728 0.0252978 0.0476266 0.790796
2 0.381154 0.784598 0.077465 0.0982929 0.790728
0 0.71442 0.101934 0.0309358 0.0428902 0.789825
0 0.829434 0.685024 0.0313961 0.0584046 0.787531
0 0.740134 0.0365156 0.0363455 0.0379036 0.786694
0 0.684384 0.0930055 0.0343464 0.0443154 0.786669
2 0.718828 0.819702 0.0367059 0.0799541 0.786496
0 0.19664 0.43655 0.0553452 0.0562712 0.785919
0 0.798644 0.742377 0.0322709 0.0585927 0.785154
0 0.566267 0.544644 0.0414647 0.0691982 0.784952
0 0.515069 0.107246 0.0337832 0.04212 0.784583
0 0.946294 0.578176 0.0231747 0.0516271 0.784173
0 0.152686 0.246072 0.044446 0.045417 0.783907
2 0.757989 0.815952 0.0434758 0.0787881 0.781596
0 0.68233 0.0539839 0.0322681 0.0424411 0.780042
2 0.48706 0.0253815 0.036369 0.0397607 0.778836
2 0.614833 0.121285 0.0453652 0.0457194 0.778463
0 0.68841 0.179921 0.0366887 0.0499982 0.778225
0 0.237246 0.441196 0.0326405 0.0587578 0.778124
0 0.25778 0.288135 0.0335499 0.0489462 0.777882
0 0.496356 0.474767 0.034941 0.0681052 0.775544
0 0.760847 0.744353 0.0438752 0.0601796 0.774944
0 0.828627 0.741402 0.0308522 0.0566174 0.77299
0 0.192638 0.599766 0.0370703 0.0627237 0.771633
0 0.484208 0.726333 0.039464 0.0704895 0.771084
0 0.790374 0.0237578 0.026619 0.0372882 0.769501
0 0.769267 0.0492083 0.025431 0.0326433 0.769314
0 0.52757 0.604135 0.038713 0.0717972 0.767859
0 0.82979 0.570135 0.0317532 0.0605043 0.767271
0 0.953698 0.676029 0.0388646 0.0521665 0.766227
0 0.746132 0.110808 0.0362004 0.041548 0.766167
0 0.82885 0.46173 0.0315842 0.0583238 0.765496
0 0.946015 0.528412 0.0253027 0.0531788 0.765481
0 0.909677 0.424773 0.0446201 0.0537868 0.765311
0 0.548588 0.029676 0.0297565 0.0406975 0.764793
0 0.749676 0.150626 0.0383501 0.0430094 0.762319
0 0.912106 0.730412 0.043021 0.0566183 0.762131
0 0.846978 0.183449 0.045536 0.043041 0.760438
0 0.727909 0.563062 0.0363556 0.0635782 0.759298
0 0.776926 0.120063 0.0281105 0.0427665 0.759054
0 0.747217 0.624254 0.0760324 0.064689 0.757933
0 0.160464 0.288155 0.0407342 0.04713 0.757527
0 0.54753 0.070015 0.0303456 0.0420289 0.757527
0 0.150706 0.636493 0.0481362 0.0592075 0.756541
0 0.986057 0.626952 0.0278861 0.0483225 0.754451
0 0.797887 0.40295 0.0303327 0.0576366 0.752473
0 0.807379 0.301332 0.0595365 0.05384 0.751984
0 0.655939 0.219651 0.0337948 0.0544473 0.750308
0 0.799543 0.0920389 0.0276836 0.0397284 0.749168
0 0.817444 0.258012 0.0310322 0.0489708 0.744549
0 0.509172 0.199532 0.034634 0.0521518 0.744304
0 0.868832 0.685079 0.0493233 0.0583124 0.744092
0 0.799177 0.685423 0.0319233 0.0603769 0.743884
0 0.263625 0.240265 0.0320741 0.0477781 0.742721
0 0.985893 0.671637 0.0281156 0.0509346 0.740441
0 0.610991 0.613748 0.0546488 0.0690999 0.737599
0 0.829765 0.514316 0.0314598 0.0581319 0.737302
0 0.799716 0.456478 0.030945 0.0616091 0.733921
0 0.15197 0.583656 0.046215 0.0571246 0.73227
2 0.577946 0.0737666 0.0319023 0.0437953 0.731833
0 0.991896 0.29406 0.016208 0.0404652 0.729904
0 0.104693 0.522657 0.0253045 0.0527563 0.728237
2 0.45923 0.794329 0.0797287 0.0866221 0.727989
0 0.195198 0.242407 0.0474829 0.0464509 0.726765
0 0.251638 0.336239 0.0340621 0.0514955 0.725863
0 0.867667 0.737938 0.0494177 0.0584212 0.724445
0 0.47089 0.24698 0.0413017 0.0534133 0.723958
0 0.913915 0.525224 0.0440686 0.0556472 0.723559
0 0.119605 0.575553 0.0245556 0.0579437 0.722048
0 0.572375 0.365803 0.0368548 0.0639919 0.721795
0 0.81367 0.213021 0.0313234 0.0493224 0.721117
0 0.521268 0.30241 0.0712658 0.0589892 0.721071
0 0.762824 0.685533 0.0423732 0.0635754 0.718731
0 0.109848 0.473781 0.0234061 0.0504592 0.718707
0 0.934106 0.299799 0.0367981 0.0415151 0.718479
0 0.569191 0.484028 0.0379159 0.0669954 0.718059
0 0.228903 0.552691 0.0330064 0.0611486 0.718024
0 0.753102 0.195469 0.0397558 0.0512015 0.71787
0 0.127162 0.333462 0.025036 0.0487971 0.717463
0 0.914187 0.629583 0.0439202 0.0552205 0.7171
0 0.157285 0.334472 0.0441776 0.049706 0.713761
0 0.925646 0.220554 0.0339348 0.0395969 0.712559
0 0.907055 0.378057 0.0446831 0.0526724 0.712214
0 0.614922 0.0791111 0.0436638 0.0437882 0.711149
0 0.930294 0.257995 0.0350669 0.0392901 0.709761
0 0.965566 0.274728 0.0352032 0.0400591 0.700805
0 0.986114 0.719855 0.0277668 0.0511127 0.698682
0 0.913479 0.681928 0.0442352 0.0551786 0.698322
0 0.895223 0.282067 0.0388272 0.0436165 0.697686
0 0.764252 0.625402 0.0421733 0.0628204 0.697135
0 0.680247 0.018586 0.0312058 0.0362807 0.693899
0 0.914634 0.57764 0.0439788 0.0552576 0.69109
0 0.690351 0.225189 0.0376114 0.0520145 0.690883
0 0.130115 0.475234 0.0235137 0.0534992 0.68995
0 0.51227 0.151157 0.0336186 0.0487605 0.68938
0 0.165957 0.4315 0.0458604 0.0527683 0.688032
0 0.765283 0.0200425 0.0239404 0.0338447 0.687873
0 0.518875 0.0270275 0.0316319 0.0404388 0.687689
0 0.686602 0.13384 0.0356928 0.0470966 0.685414
0 0.993627 0.330813 0.0127174 0.037821 0.684584
0 0.939628 0.343389 0.0372204 0.0435892 0.684285
0 0.794897 0.0566055 0.0268459 0.0330606 0.682705
2 0.856836 0.803728 0.035812 0.0745864 0.682198
0 0.124591 0.525458 0.024616 0.0555106 0.680717
0 0.788369 0.250572 0.03032 0.0511695 0.679732
0 0.953233 0.627562 0.0387923 0.0517001 0.678034
0 0.746543 0.685729 0.0757652 0.0629524 0.677641
0 0.614976 0.0396806 0.0427731 0.041569 0.677475
0 0.233476 0.241043 0.0340865 0.0461076 0.677182
0 0.808325 0.350255 0.0574076 0.0588424 0.672442
0 0.19424 0.543635 0.0385657 0.0612731 0.671469
0 0.724802 0.684864 0.0335136 0.0609672 0.671281
0 0.134448 0.426605 0.0236387 0.0517362 0.66918
0 0.571072 0.423501 0.0372198 0.0672115 0.664247
0 0.970361 0.314671 0.0358959 0.0450754 0.661763
0 0.160276 0.481473 0.0455318 0.0570326 0.661454
0 0.223463 0.607427 0.029259 0.0644028 0.661373
0 0.190723 0.655466 0.0348434 0.0704736 0.661339
0 0.809109 0.169604 0.030669 0.0426208 0.660152
0 0.985411 0.579545 0.0283718 0.0508666 0.660134
0 0.894772 0.245934 0.0375328 0.041882 0.660125
0 0.950708 0.481216 0.0391766 0.052707 0.659696
0 0.890317 0.239024 0.038361 0.0392914 0.659433
0 0.826659 0.407357 0.0323483 0.0608252 0.657957
0 0.504878 0.302241 0.0381769 0.0595634 0.656641
0 0.149997 0.380785 0.0437062 0.049334 0.656477
0 0.900067 0.328887 0.0406073 0.0466801 0.652406
0 0.178497 0.487174 0.0799574 0.0624739 0.650725
0 0.947543 0.627668 0.0268784 0.0518353 0.648221
0 0.615071 0.371851 0.0506257 0.0642025 0.648201
0 0.945344 0.388117 0.0389668 0.0478548 0.647199
0 0.133374 0.289045 0.0233463 0.0443576 0.644704
0 0.963365 0.578309 0.0196993 0.0514208 0.64429
0 0.5069 0.248641 0.0357612 0.0539471 0.643407
0 0.800652 0.568658 0.0298554 0.0610664 0.643276
0 0.100119 0.571895 0.022907 0.0525815 0.64046
0 0.655252 0.171068 0.0343761 0.0468632 0.639767
0 0.154712 0.533843 0.0445948 0.0573465 0.638612
0 0.961685 0.236978 0.0339172 0.038864 0.632191
0 0.924618 0.57696 0.0227379 0.0533297 0.630854
0 0.148031 0.288815 0.0518148 0.0464025 0.625255
0 0.531674 0.478934 0.0392771 0.070122 0.624663
2 0.793226 0.814269 0.0270237 0.0784427 0.624277
0 0.93604 0.131031 0.0193332 0.0332944 0.62143
0 0.827697 0.106779 0.0302036 0.0383977 0.621243
0 0.256069 0.19248 0.054904 0.0490821 0.62019
0 0.79604 0.350664 0.032708 0.0590786 0.618144
0 0.177058 0.542557 0.0732157 0.0641264 0.617055
0 0.79802 0.0870374 0.026063 0.0378061 0.614934
0 0.977964 0.359776 0.033914 0.042908 0.614159
0 0.924346 0.525941 0.0227925 0.0549809 0.613946
0 0.905177 0.287889 0.030138 0.0463054 0.609395
0 0.805119 0.128922 0.0291981 0.0402571 0.605821
2 0.822748 0.811271 0.0335186 0.0772838 0.605793
0 0.800832 0.51173 0.0293984 0.0600881 0.601542
0 0.726204 0.624029 0.0343885 0.0631529 0.598429
0 0.984581 0.40445 0.0304045 0.0471076 0.595627
0 0.962487 0.529545 0.0185864 0.0523103 0.592004
0 0.232974 0.496463 0.0341624 0.0624651 0.589779
2 0.545946 0.111016 0.0317411 0.0438124 0.588309
0 0.220929 0.665089 0.0289288 0.0665963 0.586514
0 0.859799 0.738085 0.0346638 0.0573642 0.586292
0 0.930079 0.0985803 0.0173796 0.0355822 0.586252
0 0.988652 0.449006 0.0226965 0.047343 0.58453
0 0.988931 0.257905 0.0198332 0.0364891 0.583703
2 0.48134 0.106721 0.0374426 0.0424467 0.583129
0 0.480622 0.106881 0.03807 0.0423824 0.576722
2 0.615012 0.166092 0.0470009 0.0490542 0.562562
0 0.952445 0.577999 0.0359829 0.0517768 0.558474
0 0.924452 0.628345 0.0227985 0.0537452 0.558301
0 0.244443 0.387047 0.0335581 0.0560099 0.555634
0 0.237156 0.193687 0.0341311 0.0489535 0.549869
0 0.948194 0.432849 0.0386577 0.0515191 0.548708
0 0.737678 0.0128243 0.0327834 0.0256486 0.545824
0 0.82335 0.0719125 0.0342659 0.0389529 0.541915
0 0.962835 0.626903 0.0215034 0.0502426 0.540111
0 0.951816 0.528618 0.0365484 0.0536756 0.538326
