0 0.673499 0.559432 0.0755577 0.0665725 0.901118
0 0.673841 0.498594 0.0749996 0.0652554 0.896844
0 0.549228 0.481944 0.0732671 0.0693324 0.896175
0 0.541221 0.734902 0.0741518 0.0700918 0.895118
0 0.673244 0.620885 0.0753874 0.0671169 0.890893
0 0.672288 0.683978 0.0747826 0.0674205 0.881492
0 0.411587 0.295504 0.0719447 0.0557508 0.881314
0 0.869429 0.574893 0.0481903 0.0580649 0.878582
0 0.312475 0.190788 0.061645 0.0503695 0.876242
0 0.867741 0.467889 0.0486944 0.0567103 0.875799
0 0.393623 0.526222 0.0742572 0.0701991 0.875669
0 0.813926 0.459136 0.0585613 0.0601132 0.874886
0 0.674074 0.438687 0.0738157 0.0620135 0.874847
0 0.545264 0.606781 0.0741073 0.0703946 0.874671
0 0.868616 0.521259 0.048206 0.059345 0.87466
0 0.869244 0.630216 0.0477173 0.0591817 0.8741
0 0.551521 0.422506 0.0717362 0.066341 0.874096
0 0.542761 0.670749 0.0743635 0.0723659 0.873812
0 0.913651 0.577785 0.0423876 0.0537453 0.87362
0 0.60856 0.614526 0.0552084 0.0675078 0.873032
0 0.609905 0.552303 0.0527767 0.0670202 0.872265
0 0.760961 0.686657 0.0464231 0.0630396 0.87127
0 0.354912 0.29193 0.0450253 0.0539078 0.871034
0 0.76215 0.625491 0.0455195 0.0634116 0.870603
0 0.448691 0.59511 0.046092 0.0681211 0.869518
0 0.815412 0.514176 0.0594725 0.0617105 0.869054
0 0.547462 0.544891 0.0739216 0.0699116 0.868787
0 0.47115 0.247567 0.0423101 0.0540909 0.868658
0 0.613616 0.31725 0.0489836 0.0595965 0.865349
0 0.303076 0.289673 0.0629882 0.0508498 0.86533
2 0.481744 0.106861 0.0374908 0.0421083 0.861826
0 0.399812 0.405894 0.0726232 0.0622198 0.861529
0 0.396739 0.464558 0.0734117 0.0643732 0.861494
0 0.419853 0.191818 0.0715179 0.0537719 0.85779
0 0.415892 0.243188 0.0738992 0.0536828 0.857386
0 0.406033 0.348815 0.071944 0.0575439 0.857015
0 0.913133 0.526178 0.0421347 0.0565751 0.855568
0 0.363428 0.190322 0.0432272 0.0508246 0.855275
0 0.61376 0.263983 0.0471561 0.0543483 0.855171
0 0.463186 0.35491 0.0452929 0.0591723 0.852294
0 0.76409 0.565626 0.0439551 0.0632733 0.851649
2 0.484697 0.06602 0.0365149 0.0407458 0.85121
0 0.912841 0.630194 0.0434297 0.05572 0.848962
0 0.206735 0.336057 0.062178 0.0491281 0.848806
0 0.381867 0.708573 0.0776959 0.0788704 0.848245
0 0.607036 0.677811 0.0550093 0.0683012 0.847982
0 0.28426 0.448354 0.0643823 0.0583788 0.847665
0 0.759088 0.746433 0.0463827 0.0604451 0.846041
0 0.274966 0.561351 0.0663725 0.0604359 0.845828
0 0.466857 0.299964 0.0441204 0.0571815 0.8451
0 0.759289 0.292166 0.0420056 0.0548434 0.844724
0 0.604467 0.742229 0.0531296 0.0709624 0.844002
0 0.47788 0.150933 0.0398088 0.0465798 0.842406
0 0.612374 0.430595 0.0515896 0.0654466 0.841998
0 0.208287 0.288954 0.0708578 0.046916 0.840212
0 0.474565 0.197593 0.0413954 0.0498415 0.8399
0 0.669463 0.747747 0.0779311 0.0681035 0.839891
0 0.130232 0.380041 0.0407958 0.0473047 0.83914
0 0.459854 0.41185 0.047449 0.0641026 0.838644
0 0.944215 0.579413 0.0222027 0.0520213 0.838289
2 0.758024 0.817339 0.0431604 0.0794167 0.837059
0 0.13909 0.334625 0.0462543 0.0473678 0.836856
0 0.61324 0.372741 0.0499787 0.0600432 0.836106
0 0.723602 0.685315 0.031459 0.0631077 0.834872
0 0.452136 0.531882 0.0468429 0.0698649 0.834511
0 0.343191 0.400824 0.0467793 0.0610794 0.834409
0 0.279779 0.504719 0.0633223 0.0619119 0.834394
0 0.575856 0.159399 0.0316062 0.0485493 0.834282
0 0.911956 0.47548 0.0429657 0.0583288 0.833533
2 0.749604 0.153511 0.038353 0.0464479 0.833283
0 0.756079 0.243816 0.0406647 0.0513695 0.832967
0 0.725137 0.624223 0.0319033 0.0643753 0.832809
0 0.151897 0.247849 0.0453291 0.0455122 0.832693
0 0.325881 0.636757 0.0448029 0.066375 0.83246
0 0.812037 0.404925 0.0585453 0.0579075 0.832014
0 0.145821 0.290611 0.0473002 0.0446125 0.831818
0 0.267789 0.676569 0.0655756 0.0693668 0.831529
0 0.762943 0.396246 0.0415157 0.0576416 0.831322
0 0.489703 0.599813 0.0408371 0.0697654 0.830849
0 0.200479 0.384724 0.0601789 0.0521609 0.830729
0 0.611131 0.491497 0.0520363 0.0660528 0.830011
0 0.29653 0.340367 0.0655626 0.0537674 0.829639
0 0.761387 0.343925 0.0409738 0.0586289 0.829413
0 0.389263 0.586032 0.0754944 0.0688017 0.829254
0 0.492651 0.537068 0.0387019 0.0714319 0.829234
0 0.156993 0.203326 0.0437916 0.0481208 0.828672
0 0.338002 0.458943 0.0468864 0.0646723 0.82836
0 0.72584 0.336995 0.0333441 0.0585804 0.827929
0 0.724386 0.284257 0.0320133 0.0546371 0.827139
0 0.613721 0.214065 0.0470956 0.0511916 0.827094
0 0.86561 0.41629 0.0485004 0.0566006 0.82605
0 0.575471 0.207886 0.0321503 0.0508091 0.825922
0 0.270519 0.620835 0.0668518 0.0710769 0.825094
0 0.194636 0.435164 0.0574781 0.0530226 0.824519
2 0.486907 0.0259268 0.036828 0.0400788 0.82431
2 0.789047 0.0240082 0.0301691 0.040752 0.82358
0 0.125831 0.426644 0.0418944 0.0499632 0.822716
0 0.290431 0.39394 0.067059 0.0576944 0.821162
0 0.912935 0.682246 0.0423332 0.0539109 0.818424
0 0.984444 0.535723 0.0311125 0.0492161 0.817524
0 0.384348 0.646554 0.0758872 0.0700673 0.817094
0 0.81539 0.570039 0.06016 0.0617739 0.816623
0 0.722197 0.235145 0.0322528 0.0506666 0.815569
0 0.861986 0.366473 0.0490067 0.0557757 0.814739
0 0.121257 0.475739 0.0429514 0.0527542 0.814496
2 0.53631 0.81442 0.076277 0.0962938 0.813331
0 0.944177 0.629335 0.0222738 0.0519773 0.813227
0 0.189331 0.486606 0.0567564 0.0570378 0.81238
2 0.481295 0.798665 0.0389467 0.0887725 0.811351
0 0.32951 0.577722 0.0461111 0.0662065 0.810057
0 0.33467 0.51692 0.0470066 0.0646137 0.807155
0 0.309059 0.241046 0.0623097 0.048811 0.804549
0 0.98562 0.628441 0.0283035 0.0478063 0.804395
0 0.323177 0.697087 0.0449652 0.0676795 0.803001
0 0.45576 0.471428 0.0466675 0.0662189 0.802939
0 0.98524 0.581107 0.0293796 0.0504673 0.801327
0 0.985466 0.674201 0.0290685 0.0508773 0.801327
0 0.907898 0.292487 0.0227261 0.0482519 0.801223
0 0.184149 0.53972 0.0579835 0.0582704 0.801076
0 0.487087 0.663073 0.041453 0.0691069 0.798203
0 0.726627 0.391257 0.0336578 0.0595591 0.797844
0 0.237662 0.441372 0.0344052 0.0555583 0.796471
2 0.613553 0.121868 0.0455159 0.0457419 0.795646
0 0.349546 0.344623 0.0467443 0.0586935 0.794686
0 0.962689 0.580328 0.0191883 0.0508791 0.793462
0 0.161147 0.381747 0.0247654 0.0488013 0.792899
0 0.764379 0.449929 0.0411099 0.0600619 0.792514
0 0.552701 0.361489 0.0711129 0.0625735 0.792419
0 0.115311 0.524089 0.0444996 0.0510501 0.790981
2 0.794033 0.0589052 0.0306027 0.0398679 0.790752
2 0.518867 0.0278842 0.031465 0.0412414 0.789975
2 0.75282 0.197418 0.0390838 0.0513815 0.789967
0 0.25724 0.288949 0.0338314 0.0497148 0.789612
0 0.727553 0.444957 0.0333251 0.0613753 0.789064
0 0.719672 0.186794 0.0316856 0.0504874 0.788459
0 0.809757 0.353453 0.0584056 0.0586299 0.788175
0 0.688419 0.179636 0.0343848 0.0514093 0.787296
0 0.854471 0.272884 0.0491203 0.0474976 0.786282
2 0.600474 0.818472 0.0554742 0.086833 0.786143
0 0.858118 0.318757 0.0484574 0.0515093 0.786038
0 0.727625 0.502495 0.0338171 0.0651762 0.78463
0 0.359137 0.240895 0.0426855 0.0508368 0.782829
2 0.320256 0.76652 0.0447105 0.0876939 0.782542
0 0.765258 0.506731 0.0419386 0.0650288 0.781689
2 0.793607 0.814116 0.0292472 0.0775559 0.781196
2 0.764328 0.0174559 0.0253267 0.0349118 0.779434
0 0.544656 0.15435 0.0327866 0.0480858 0.778389
0 0.961188 0.532342 0.0194535 0.0512646 0.778194
0 0.484499 0.726365 0.0417528 0.0709536 0.778164
0 0.726979 0.562571 0.033212 0.0641274 0.777353
0 0.722009 0.746829 0.0320947 0.0615106 0.776507
0 0.156119 0.429511 0.0254048 0.0520204 0.77544
2 0.441189 0.792992 0.0460646 0.0866959 0.773935
0 0.983441 0.489919 0.033119 0.0509723 0.772723
0 0.963463 0.628739 0.0191113 0.0500526 0.771943
0 0.211434 0.242604 0.0784852 0.0468406 0.771431
0 0.909362 0.427178 0.0439944 0.0583957 0.770453
0 0.943249 0.530295 0.0216488 0.0530152 0.770415
0 0.442583 0.720697 0.0464251 0.0694348 0.770018
0 0.25022 0.338143 0.0327086 0.0514491 0.768396
0 0.980999 0.404478 0.0380016 0.0502276 0.76698
0 0.52449 0.251149 0.068956 0.054103 0.766055
2 0.576566 0.114941 0.0305911 0.0457518 0.765929
0 0.223143 0.607481 0.0314284 0.0661014 0.76396
0 0.57459 0.257439 0.0329091 0.0518231 0.763122
0 0.951584 0.727724 0.0390776 0.0541616 0.762816
0 0.178354 0.594569 0.0608646 0.0613855 0.760355
0 0.655752 0.221476 0.0377448 0.0536225 0.759696
0 0.228698 0.552574 0.0341764 0.0587796 0.75937
0 0.445784 0.658648 0.0459946 0.0721589 0.759058
0 0.220713 0.667329 0.0301673 0.0667199 0.758562
0 0.982139 0.446735 0.0357227 0.0472369 0.758012
0 0.816848 0.259319 0.031306 0.0507685 0.756048
0 0.169367 0.334956 0.0239579 0.0473821 0.754708
0 0.911158 0.731463 0.0437509 0.0551676 0.753625
0 0.9847 0.722339 0.0303284 0.0531147 0.75025
0 0.151418 0.481387 0.0257519 0.0559058 0.746062
0 0.912012 0.335555 0.0224499 0.0516513 0.745292
0 0.814214 0.686665 0.0621135 0.0609261 0.743796
0 0.950708 0.678749 0.0352612 0.0522007 0.742112
2 0.813117 0.215201 0.0311378 0.0516284 0.741828
0 0.244045 0.388195 0.0336872 0.0540111 0.74008
2 0.769061 0.0497023 0.0273712 0.0373971 0.738253
0 0.788512 0.253619 0.0304656 0.0529494 0.736951
0 0.806908 0.301946 0.0592684 0.0523713 0.732845
0 0.146457 0.531699 0.0265798 0.0550764 0.731444
0 0.521977 0.302906 0.0704382 0.0566843 0.730505
0 0.171008 0.651473 0.070013 0.0714885 0.730314
0 0.868347 0.685398 0.0472355 0.0565661 0.727466
0 0.111278 0.573547 0.0436645 0.0551468 0.726914
2 0.78524 0.204733 0.0309796 0.050811 0.7178
2 0.808495 0.171624 0.0311178 0.0465514 0.711821
0 0.913866 0.380828 0.0292747 0.053177 0.711519
0 0.512492 0.152362 0.0333737 0.0475543 0.711357
0 0.495651 0.474357 0.0350183 0.0664411 0.709954
0 0.89162 0.329324 0.0238345 0.049787 0.709879
2 0.71657 0.142618 0.0317669 0.0448502 0.70682
2 0.804159 0.130818 0.0290326 0.0415539 0.706143
0 0.232614 0.495024 0.0350708 0.060498 0.704491
0 0.200243 0.197086 0.0453265 0.0494178 0.703131
2 0.924287 0.2593 0.0244127 0.0470127 0.702563
2 0.577254 0.0732923 0.0303957 0.0424536 0.700322
2 0.612645 0.0398466 0.0425112 0.0423336 0.696528
2 0.816279 0.0371304 0.0297139 0.0406312 0.693851
0 0.932831 0.344411 0.0257634 0.0495631 0.693465
0 0.742904 0.0734134 0.0383551 0.0438893 0.692172
0 0.656455 0.271406 0.0382719 0.0539007 0.692093
0 0.865602 0.738594 0.0460914 0.0569918 0.689229
0 0.944187 0.39264 0.0384499 0.0528683 0.689082
0 0.89784 0.209759 0.0243086 0.0438861 0.687424
0 0.537354 0.359861 0.104978 0.0630578 0.684741
0 0.517301 0.0679141 0.0320608 0.0410651 0.683832
0 0.690149 0.226761 0.0352749 0.0522731 0.683416
0 0.887755 0.283447 0.0241375 0.0460355 0.679957
0 0.52056 0.200188 0.0557293 0.0500534 0.679176
2 0.686307 0.134697 0.0331652 0.0457727 0.67855
0 0.982907 0.365278 0.0338303 0.0461915 0.678051
0 0.49902 0.41556 0.0353373 0.0619567 0.677299
0 0.547323 0.0698678 0.0308554 0.04128 0.676409
2 0.74292 0.0734389 0.0382131 0.0427568 0.673441
2 0.746466 0.112643 0.0381601 0.0446633 0.668927
0 0.674745 0.38158 0.0737369 0.0615175 0.668347
2 0.514888 0.108518 0.0331795 0.0435193 0.664851
0 0.962727 0.677464 0.0190563 0.051476 0.661677
2 0.823516 0.809894 0.0341225 0.0761909 0.659418
0 0.824134 0.74358 0.0393394 0.0598039 0.657707
2 0.845926 0.0562749 0.0796354 0.0557394 0.655826
0 0.565038 0.309282 0.0507515 0.0596819 0.655673
0 0.781263 0.161898 0.0296868 0.045313 0.652697
0 0.927951 0.301045 0.0253237 0.0502674 0.650161
2 0.738625 0.0366799 0.0373293 0.0404103 0.648908
0 0.902023 0.249953 0.0250026 0.0497205 0.646012
0 0.263444 0.240788 0.0332165 0.0474699 0.645851
2 0.652451 0.0861387 0.0362934 0.0446452 0.645767
0 0.947565 0.43678 0.0386963 0.0548963 0.644933
0 0.814825 0.743895 0.0583244 0.0604918 0.642279
0 0.108655 0.623331 0.0418881 0.0537994 0.641737
0 0.95923 0.485305 0.0191982 0.0506482 0.638326
0 0.266002 0.752489 0.0650839 0.101149 0.637639
0 0.613286 0.0799566 0.0438271 0.0430468 0.635871
2 0.381492 0.786236 0.0754655 0.0957747 0.633732
0 0.548391 0.0308308 0.0309017 0.0422269 0.633382
0 0.949601 0.349526 0.0208702 0.0489253 0.631541
0 0.982021 0.324931 0.0344216 0.0445009 0.630524
0 0.21562 0.195656 0.0772541 0.0501249 0.630426
0 0.815132 0.627518 0.0618533 0.0607287 0.628986
2 0.777685 0.121513 0.0290175 0.0434186 0.622366
2 0.653789 0.128194 0.0360271 0.0464514 0.621372
2 0.717817 0.819184 0.0389729 0.0781422 0.617706
0 0.797555 0.744743 0.0324693 0.0598231 0.613897
2 0.395952 0.786993 0.0461609 0.0911913 0.612407
0 0.895911 0.377649 0.024725 0.054362 0.601638
0 0.824293 0.106208 0.0266646 0.03686 0.600686
2 0.857484 0.801614 0.0362551 0.0761177 0.59837
0 0.657662 0.379613 0.0397724 0.0599486 0.597778
0 0.714225 0.101287 0.0301764 0.0454147 0.596461
0 0.829282 0.627962 0.0329327 0.0600023 0.594178
0 0.683435 0.0547799 0.0311863 0.0415392 0.594084
2 0.655035 0.173335 0.0368069 0.050421 0.591537
0 0.693316 0.32938 0.0350122 0.0585404 0.585592
0 0.850027 0.186145 0.0563705 0.0480304 0.584302
0 0.170412 0.587622 0.0753502 0.0570416 0.583131
2 0.82035 0.0731949 0.0305992 0.0430201 0.58274
0 0.538789 0.306412 0.104522 0.0602118 0.582604
0 0.691374 0.275828 0.035683 0.0568655 0.579605
2 0.908792 0.791691 0.0466862 0.07349 0.579213
0 0.716505 0.141446 0.029961 0.0463769 0.571129
0 0.530627 0.202087 0.0586715 0.0513264 0.570019
0 0.941884 0.483058 0.0222198 0.0513409 0.56943
0 0.73615 0.0138442 0.0356587 0.0276885 0.569105
0 0.685183 0.0931291 0.0329602 0.044422 0.56869
2 0.664025 0.820975 0.0754717 0.0848819 0.567922
2 0.799055 0.0936647 0.0281081 0.0400882 0.563306
0 0.79953 0.627305 0.0312304 0.0612371 0.558861
0 0.653992 0.128235 0.0358704 0.0463534 0.557237
0 0.107208 0.672253 0.0387448 0.0512617 0.556091
2 0.651146 0.0460291 0.0368321 0.0445787 0.553049
0 0.657311 0.324544 0.0392967 0.0583443 0.552985
0 0.674276 0.325446 0.0729073 0.0599251 0.552395
2 0.773584 0.0843085 0.0278925 0.0414484 0.54686
2 0.577622 0.0321266 0.0298812 0.0433523 0.544879
0 0.518354 0.359324 0.0686475 0.061733 0.54333
0 0.949716 0.484002 0.0375557 0.0531972 0.540295
2 0.613717 0.166933 0.0467253 0.0498898 0.532339
0 0.8511 0.228881 0.0472842 0.0502687 0.532023
0 0.195968 0.242846 0.047959 0.0462075 0.52344
2 0.902464 0.0801613 0.0370815 0.0425808 0.520216
0 0.981942 0.286919 0.0352444 0.0424957 0.517619
0 0.944964 0.307381 0.0185688 0.0465862 0.506243
0 0.509837 0.200388 0.0337383 0.0503953 0.503877
2 0.613136 0.0795522 0.0437939 0.0425786 0.503807
