0 0.540891 0.736143 0.0735422 0.0733078 0.911668
0 0.815243 0.627052 0.0613372 0.0609681 0.899579
0 0.55328 0.361471 0.0699171 0.0647605 0.894386
0 0.814702 0.45849 0.0593719 0.0622881 0.893497
0 0.549725 0.481476 0.07416 0.0699861 0.892111
0 0.705513 0.684966 0.0692009 0.0651315 0.891629
0 0.709016 0.561524 0.066087 0.0682841 0.887512
0 0.658024 0.380953 0.039723 0.0586708 0.886786
0 0.816128 0.51443 0.0595814 0.0599451 0.882837
0 0.707755 0.622803 0.0668783 0.0679675 0.880393
0 0.41565 0.244637 0.0736981 0.0538483 0.879457
0 0.551277 0.420788 0.0717478 0.0693435 0.879422
0 0.213725 0.289264 0.0598574 0.0470483 0.878995
0 0.703174 0.747393 0.0713089 0.0669467 0.878273
0 0.814201 0.685572 0.063669 0.0600282 0.878085
0 0.555192 0.307715 0.0690879 0.0611382 0.876557
0 0.542589 0.66963 0.0735005 0.0720514 0.876215
0 0.763895 0.450888 0.0426254 0.063862 0.876192
0 0.548261 0.544503 0.0748651 0.0725363 0.872318
0 0.381951 0.710588 0.0778475 0.0789923 0.872303
0 0.545707 0.606774 0.0755318 0.0704538 0.871629
0 0.761169 0.685983 0.0449081 0.0619804 0.870377
0 0.406442 0.347891 0.0746359 0.0579713 0.870144
0 0.816014 0.569031 0.0595487 0.06224 0.869335
0 0.657709 0.438627 0.0408081 0.0605173 0.869197
0 0.758845 0.289853 0.0423677 0.059568 0.868768
0 0.655828 0.557851 0.042189 0.0641574 0.868032
0 0.418404 0.19323 0.072584 0.0543154 0.867868
0 0.397543 0.462794 0.0745192 0.0654326 0.867487
0 0.302625 0.289934 0.0627288 0.0509095 0.867399
0 0.614219 0.318024 0.0491413 0.0605666 0.867297
0 0.657113 0.496875 0.0417324 0.0617813 0.866761
0 0.812904 0.404787 0.0601812 0.0636899 0.866454
0 0.556632 0.254145 0.0667548 0.0564346 0.866306
0 0.76274 0.625557 0.0449152 0.0626126 0.866086
0 0.710197 0.501067 0.065775 0.0657183 0.86473
0 0.606 0.678193 0.0523887 0.064991 0.862402
0 0.759706 0.746683 0.0457088 0.066389 0.862258
0 0.206188 0.336527 0.0613384 0.0498972 0.860104
0 0.612692 0.431754 0.049502 0.0637724 0.859653
0 0.199568 0.38608 0.0599233 0.0534716 0.859598
0 0.610262 0.553047 0.0500296 0.067598 0.859532
0 0.611446 0.491439 0.0500173 0.0649956 0.858552
0 0.657985 0.325334 0.0394522 0.0592358 0.856075
0 0.608683 0.615861 0.0522606 0.0669335 0.855804
0 0.393788 0.524886 0.0751459 0.0718829 0.854728
0 0.218474 0.242881 0.0624942 0.0469961 0.85443
0 0.401216 0.404125 0.0759158 0.0622778 0.854254
0 0.710181 0.387064 0.06556 0.0603438 0.85423
0 0.329269 0.574187 0.0465429 0.0687818 0.85392
0 0.764351 0.565071 0.0452842 0.0643846 0.850222
0 0.558646 0.203452 0.0661963 0.0519584 0.850215
0 0.296598 0.339875 0.0638243 0.0534834 0.849994
0 0.388943 0.584272 0.0775007 0.0703595 0.848892
0 0.614912 0.214962 0.0483353 0.0529521 0.848356
0 0.614553 0.265333 0.0485893 0.054892 0.846672
0 0.284534 0.44786 0.0629678 0.0603987 0.845867
0 0.411997 0.295405 0.0736726 0.0551717 0.845061
0 0.384372 0.645892 0.0746675 0.0715032 0.843986
0 0.358455 0.242621 0.0443651 0.0505441 0.843978
0 0.764726 0.506826 0.0443504 0.0646384 0.843635
0 0.311845 0.191738 0.0612387 0.0494284 0.842359
0 0.657086 0.220938 0.0376109 0.0522694 0.841804
0 0.603405 0.741249 0.0519108 0.0686348 0.840892
0 0.65252 0.683136 0.0417082 0.0638522 0.840564
0 0.362295 0.192191 0.043139 0.0520878 0.839492
0 0.649095 0.745488 0.0424083 0.0668646 0.838487
0 0.27507 0.561331 0.0652264 0.0624909 0.836225
0 0.333788 0.51449 0.0463127 0.0631208 0.835681
0 0.76259 0.394794 0.0419685 0.0614138 0.834878
0 0.308366 0.240665 0.0620445 0.048902 0.83483
0 0.193508 0.436451 0.0591508 0.0548258 0.834527
0 0.353908 0.292395 0.0472722 0.0539309 0.83243
0 0.342306 0.399926 0.0464793 0.0590893 0.831395
0 0.613457 0.374221 0.0497803 0.0613482 0.830711
0 0.14442 0.430276 0.0448302 0.0506436 0.830108
0 0.755821 0.241338 0.0420441 0.0549126 0.830057
0 0.657775 0.272194 0.0377849 0.0535324 0.830056
0 0.188686 0.488171 0.0564525 0.059968 0.829639
0 0.654704 0.620493 0.0421087 0.0652379 0.829383
0 0.483759 0.0641026 0.0384789 0.039245 0.828923
0 0.984088 0.578846 0.0318236 0.0491803 0.828805
0 0.615078 0.167211 0.0469624 0.0504975 0.827195
0 0.655925 0.17332 0.035694 0.0472662 0.826273
0 0.280073 0.50347 0.0630403 0.0646343 0.825808
0 0.325202 0.634275 0.04589 0.0668052 0.824985
0 0.183707 0.541691 0.0578303 0.06193 0.823752
0 0.289958 0.392135 0.0646944 0.0580538 0.822925
0 0.266754 0.678385 0.0657513 0.0730135 0.821693
0 0.952826 0.579054 0.0323069 0.0506401 0.821366
0 0.263216 0.240874 0.0336839 0.048224 0.821232
0 0.984264 0.626794 0.0314724 0.0515434 0.82046
0 0.752071 0.194709 0.0400285 0.0523068 0.819902
0 0.130619 0.578665 0.042686 0.059633 0.819394
0 0.654404 0.129146 0.0351186 0.043892 0.81923
0 0.237371 0.441859 0.035483 0.0570761 0.818923
0 0.614228 0.0798521 0.0441416 0.0456721 0.817238
0 0.140143 0.479034 0.0440901 0.0577661 0.816946
0 0.613635 0.0386084 0.0438509 0.0421451 0.812547
0 0.267623 0.193432 0.0315106 0.0478589 0.812283
0 0.614714 0.122482 0.0454165 0.0477263 0.811166
0 0.270148 0.61966 0.0661922 0.0673393 0.811095
0 0.653339 0.0893776 0.0348429 0.0416048 0.809492
0 0.983445 0.532552 0.0330124 0.0477262 0.809104
0 0.257147 0.289332 0.0353316 0.0495312 0.808089
0 0.156228 0.3348 0.0452429 0.0493044 0.807348
0 0.109338 0.473087 0.024423 0.0507503 0.805446
0 0.337738 0.456306 0.0470616 0.0637321 0.805211
0 0.761343 0.341383 0.0425869 0.0609725 0.805136
0 0.517743 0.0661571 0.0327185 0.0382572 0.804932
0 0.249604 0.338007 0.0364525 0.0519003 0.802955
0 0.114178 0.427237 0.0232622 0.0471462 0.802291
0 0.178543 0.594463 0.0584668 0.0641571 0.80202
0 0.981626 0.442127 0.0367473 0.0457022 0.801685
0 0.176262 0.650139 0.0580542 0.06742 0.799868
0 0.485982 0.0251551 0.0370967 0.0388584 0.799381
0 0.149587 0.383246 0.0463514 0.0495923 0.798128
0 0.810725 0.352432 0.060079 0.0636064 0.797156
0 0.868473 0.46655 0.0499969 0.0593067 0.796121
0 0.700813 0.820495 0.0742085 0.0854134 0.795762
0 0.322722 0.695382 0.0471612 0.0678994 0.795114
0 0.865677 0.415952 0.0481308 0.0586871 0.794709
0 0.982774 0.486566 0.0344528 0.0529237 0.794096
0 0.135864 0.526512 0.043354 0.0547769 0.791577
0 0.862749 0.366301 0.0467583 0.0581791 0.791465
0 0.744864 0.109136 0.0363809 0.0419597 0.790809
0 0.748414 0.149347 0.0388479 0.0436285 0.788737
0 0.478113 0.411826 0.0789955 0.065614 0.78741
0 0.984149 0.674717 0.0315165 0.0505035 0.784703
0 0.099587 0.571999 0.0253217 0.0522532 0.781728
0 0.484702 0.726709 0.0412325 0.0736996 0.781648
0 0.710773 0.443687 0.065645 0.0630145 0.780764
0 0.812841 0.744832 0.064048 0.0621647 0.778965
0 0.221352 0.195971 0.0673602 0.0492777 0.775944
0 0.75812 0.817857 0.0434715 0.0826721 0.775925
0 0.443129 0.721503 0.0462456 0.0723132 0.77588
0 0.22852 0.551587 0.0353736 0.0612732 0.772009
0 0.709314 0.331891 0.0647774 0.0637171 0.771829
0 0.949536 0.481839 0.0346796 0.0535556 0.769469
0 0.477935 0.149076 0.0391881 0.0484897 0.768566
0 0.232285 0.495319 0.0372638 0.0612997 0.768482
0 0.742026 0.070271 0.036096 0.0409142 0.768478
0 0.686087 0.133889 0.0332544 0.042804 0.764546
0 0.716581 0.140735 0.0302664 0.0425572 0.764256
0 0.923276 0.577509 0.0296223 0.0517451 0.763942
0 0.223372 0.607266 0.032258 0.0647349 0.763289
2 0.481535 0.79981 0.0391457 0.0854855 0.759947
0 0.921697 0.476386 0.0249909 0.0550545 0.759687
0 0.159667 0.202904 0.0450218 0.0471373 0.75856
0 0.951523 0.528992 0.0321968 0.0528101 0.758444
0 0.689963 0.226775 0.0338266 0.0518905 0.758008
0 0.784091 0.204933 0.0304681 0.0473291 0.756345
0 0.243552 0.3884 0.0357279 0.0550224 0.755989
0 0.162921 0.289057 0.0464475 0.0462542 0.755036
0 0.220432 0.665897 0.0308862 0.0655344 0.752192
0 0.519464 0.0273843 0.0314828 0.0395303 0.751672
0 0.788846 0.24988 0.0303728 0.0543603 0.750292
0 0.103965 0.52205 0.0259959 0.0544478 0.749913
0 0.817166 0.2577 0.0312357 0.0538568 0.749595
0 0.952644 0.629498 0.032161 0.0535649 0.74531
0 0.652348 0.0508301 0.0331303 0.0394365 0.7434
0 0.348482 0.344628 0.0462989 0.057271 0.742102
0 0.943248 0.389788 0.0358425 0.0474605 0.739265
0 0.0976783 0.620679 0.0226024 0.0520807 0.735635
0 0.481039 0.104515 0.0384552 0.0428393 0.734914
0 0.848872 0.226304 0.0460836 0.0463871 0.734285
0 0.812734 0.213282 0.0307695 0.0519336 0.733121
0 0.844519 0.183271 0.0464257 0.0489459 0.732115
0 0.859535 0.685344 0.0296497 0.0579444 0.731805
0 0.947003 0.434469 0.0352951 0.0514759 0.727628
0 0.16516 0.245589 0.0514809 0.045112 0.725699
0 0.898698 0.423228 0.0241191 0.0555698 0.725515
0 0.127743 0.631847 0.0407719 0.0631094 0.723277
0 0.713778 0.100832 0.0299994 0.0406929 0.72306
0 0.767188 0.0459461 0.0266494 0.0373847 0.720057
0 0.718448 0.184406 0.0296257 0.0497986 0.717967
0 0.780322 0.162457 0.0297725 0.044347 0.717046
0 0.688683 0.179478 0.0345932 0.0491206 0.715354
0 0.854441 0.270646 0.0486058 0.0543363 0.714252
0 0.492456 0.536412 0.0398284 0.0697326 0.713462
0 0.512595 0.14992 0.0341489 0.0476126 0.710531
0 0.468065 0.299674 0.0426361 0.0585124 0.707618
0 0.11851 0.382921 0.0248218 0.0458601 0.706798
0 0.515145 0.105977 0.0333044 0.0417589 0.7059
0 0.487347 0.661079 0.0413692 0.0701793 0.701426
0 0.445739 0.656673 0.0460424 0.0723361 0.70096
0 0.793364 0.300087 0.0305481 0.0562648 0.700257
0 0.474481 0.472544 0.078718 0.071608 0.699596
0 0.861122 0.62913 0.0313995 0.0589288 0.694987
0 0.559793 0.15527 0.0638812 0.0495975 0.693545
0 0.682439 0.0561028 0.0312839 0.0404951 0.691898
0 0.820032 0.305088 0.0347099 0.0565404 0.691512
0 0.68451 0.0948297 0.033029 0.0390362 0.688143
0 0.875896 0.573725 0.0606816 0.0586222 0.685308
0 0.264595 0.753453 0.0648813 0.111626 0.685024
0 0.919488 0.42773 0.0246779 0.0552367 0.682982
0 0.979724 0.402011 0.0399429 0.0437159 0.68256
0 0.650857 0.0164387 0.0314893 0.0328774 0.673748
0 0.771281 0.0811704 0.0287729 0.0387357 0.672637
0 0.983653 0.72233 0.0323753 0.052307 0.671997
0 0.953053 0.679701 0.0325489 0.0508358 0.670084
0 0.911881 0.379934 0.034341 0.0506028 0.667789
0 0.952976 0.727578 0.0331048 0.0516993 0.667399
0 0.857213 0.740736 0.0289415 0.0580665 0.665646
0 0.798428 0.0885321 0.0287557 0.0387444 0.665413
0 0.938801 0.34089 0.033517 0.0545708 0.664794
0 0.599168 0.817625 0.0533884 0.0847141 0.663608
0 0.77624 0.120123 0.0289112 0.0424069 0.662725
0 0.489208 0.598222 0.040839 0.0701895 0.662568
2 0.853682 0.804746 0.0279917 0.0737505 0.652287
0 0.319731 0.769766 0.0477085 0.0947758 0.652258
0 0.977136 0.364259 0.042149 0.044265 0.646448
1 0.949534 0.784144 0.0341046 0.0663529 0.635078
0 0.858622 0.316467 0.0466496 0.0560967 0.632373
0 0.448559 0.593265 0.0446859 0.070963 0.631625
0 0.691736 0.276051 0.0334796 0.056267 0.624603
0 0.465036 0.354381 0.0454 0.0594244 0.619363
0 0.807555 0.168194 0.0301253 0.0438339 0.619307
0 0.889194 0.282023 0.0265171 0.0507198 0.618882
2 0.440916 0.794762 0.0473248 0.0859284 0.615246
0 0.127111 0.334949 0.0259141 0.0489643 0.612178
0 0.555759 0.0308378 0.0416256 0.0410275 0.61033
0 0.912924 0.332917 0.0234417 0.051876 0.603621
0 0.452771 0.531775 0.0447434 0.0710762 0.599822
0 0.474849 0.196637 0.0411295 0.0524213 0.595226
0 0.136082 0.289156 0.027375 0.0454796 0.595078
0 0.471262 0.246917 0.0411911 0.0554484 0.594704
0 0.509618 0.198636 0.0354985 0.0513141 0.594644
0 0.471784 0.53437 0.0804026 0.0699127 0.588787
0 0.907924 0.732955 0.0581958 0.0561756 0.588534
2 0.5376 0.813269 0.0774567 0.0956659 0.580837
0 0.479658 0.354202 0.0746855 0.0596069 0.579499
0 0.48407 0.197049 0.060075 0.0526614 0.576198
0 0.738913 0.0375013 0.0343254 0.0336911 0.574361
0 0.923183 0.526476 0.0271082 0.0549073 0.574117
0 0.613107 0.0111732 0.0445439 0.0223463 0.566189
0 0.814536 0.0353412 0.024897 0.0398404 0.565093
0 0.645399 0.818533 0.0407759 0.0835847 0.557475
0 0.907543 0.289351 0.0233207 0.0444461 0.557177
0 0.544769 0.15461 0.0340149 0.0487046 0.556488
0 0.916005 0.682279 0.0434856 0.052378 0.552657
0 0.893717 0.329124 0.0283399 0.0522976 0.547417
0 0.804178 0.127614 0.0295634 0.0408237 0.546638
0 0.763977 0.0151575 0.0253445 0.0290378 0.543617
2 0.900296 0.794632 0.0670234 0.076119 0.543175
0 0.711347 0.0611544 0.028508 0.0422641 0.538805
0 0.562432 0.069642 0.0584984 0.0404089 0.534442
2 0.396064 0.787337 0.046402 0.0944488 0.524761
0 0.721163 0.232141 0.0310746 0.052357 0.516689
0 0.905894 0.629564 0.0652122 0.0572344 0.515864
0 0.488062 0.247533 0.0742529 0.055942 0.515294
0 0.578536 0.0328263 0.0273653 0.0400603 0.514873
0 0.800276 0.298846 0.045466 0.0564457 0.513758
0 0.56115 0.110237 0.0617037 0.0428276 0.511297
0 0.565423 0.0324573 0.0536771 0.0404981 0.505821
0 0.707849 0.279101 0.0630775 0.0569174 0.505674
0 0.789098 0.0237264 0.0266085 0.0333887 0.502592
