2 0.19176 0.299063 0.0450715 0.0446066 0.879674
2 0.193273 0.253174 0.0462114 0.0440539 0.875007
2 0.228636 0.34336 0.0322217 0.044707 0.86748
2 0.195274 0.208506 0.0470528 0.0442841 0.862469
2 0.190388 0.344137 0.0451784 0.0437071 0.860132
2 0.23343 0.205079 0.0315394 0.0440397 0.856929
2 0.20238 0.119693 0.0471069 0.049357 0.850248
2 0.226534 0.388875 0.0301009 0.0452812 0.847154
2 0.0244918 0.350992 0.0489837 0.0801246 0.847154
2 0.198589 0.164296 0.0473211 0.047289 0.847097
2 0.188814 0.388612 0.0453221 0.0421807 0.833868
2 0.205647 0.0771756 0.0462997 0.0403237 0.832669
2 0.235695 0.159751 0.0311909 0.0468722 0.829584
1 0.208036 0.0415829 0.0444739 0.0427197 0.825076
2 0.230257 0.296816 0.0326561 0.0452775 0.818689
2 0.356543 0.284736 0.018315 0.0246337 0.816845
1 0.232048 0.250003 0.0318291 0.0467482 0.812709
2 0.355828 0.308583 0.0172285 0.0240658 0.812352
2 0.357124 0.260936 0.0183967 0.0240611 0.811875
2 0.357911 0.237769 0.0182205 0.0245247 0.811837
2 0.078501 0.357198 0.0522316 0.0747138 0.807687
2 0.338711 0.285135 0.0153965 0.0242932 0.807572
2 0.338368 0.308201 0.015286 0.0234879 0.802822
2 0.339307 0.261013 0.0159588 0.0255817 0.794535
2 0.358823 0.21423 0.0175165 0.0254285 0.79324
2 0.239537 0.114119 0.029449 0.0471945 0.790128
0 0.969291 0.336741 0.0267843 0.0323492 0.787242
2 0.225244 0.446333 0.0284492 0.060625 0.785495
2 0.184749 0.445996 0.0533906 0.0588579 0.779077
2 0.340317 0.236825 0.0166538 0.0247247 0.773377
1 0.243816 0.0334436 0.0277737 0.0442318 0.773081
1 0.209845 0.0131439 0.0426686 0.0262879 0.770226
1 0.0197094 0.0830125 0.0386164 0.0912785 0.769312
2 0.341489 0.213301 0.017094 0.025688 0.765752
1 0.179462 0.0141998 0.021477 0.0283996 0.76371
1 0.17653 0.0444346 0.0220098 0.040867 0.760901
2 0.127609 0.149114 0.028278 0.0701024 0.759138
1 0.0500194 0.097662 0.0303191 0.0836712 0.757333
0 0.969343 0.30291 0.0265724 0.0328118 0.754696
0 0.965664 0.203227 0.0264061 0.0328381 0.754261
2 0.242837 0.0729798 0.0280374 0.0423122 0.749665
0 0.968002 0.269618 0.0271557 0.0331276 0.747853
0 0.96498 0.171081 0.0265488 0.0321101 0.743374
1 0.0770635 0.451097 0.0515574 0.106044 0.742522
1 0.0249089 0.463472 0.0498178 0.113658 0.740579
2 0.129089 0.363667 0.0438208 0.0650718 0.734161
2 0.255045 0.444653 0.0281071 0.0606638 0.72377
0 0.96728 0.236762 0.0266754 0.0341671 0.722853
1 0.0396142 0.178122 0.0404029 0.094089 0.702473
1 0.138767 0.442644 0.0208572 0.0844209 0.697633
1 0.124333 0.217735 0.0211708 0.0776874 0.694628
2 0.258811 0.208495 0.0126067 0.0477269 0.690503
1 0.0825271 0.195886 0.0598712 0.104473 0.674943
2 0.321307 0.262204 0.012557 0.0361076 0.674785
0 0.968392 0.405155 0.0263161 0.0292487 0.673477
2 0.675529 0.403467 0.0200443 0.0217019 0.67097
2 0.294238 0.278809 0.0114985 0.0442925 0.665145
2 0.967808 0.472828 0.026194 0.0308117 0.659078
1 0.342886 0.170389 0.0185388 0.0242684 0.655475
2 0.675247 0.380009 0.0212347 0.0226378 0.654228
1 0.115855 0.445263 0.0232847 0.088404 0.653158
0 0.968789 0.371495 0.0267361 0.0325692 0.653112
1 0.102842 0.128151 0.0285118 0.0926681 0.652181
2 0.355374 0.33409 0.0154775 0.0250596 0.651206
2 0.293424 0.316982 0.0115484 0.0427372 0.649063
2 0.256731 0.253279 0.0124817 0.0450962 0.647098
2 0.252208 0.388981 0.0202585 0.0437667 0.643812
2 0.678375 0.425394 0.014908 0.0206537 0.643578
2 0.263374 0.389397 0.0110851 0.0430408 0.642893
2 0.338137 0.333244 0.0155445 0.0253805 0.633665
2 0.269382 0.217689 0.0107821 0.0460927 0.627195
2 0.254624 0.297642 0.0132447 0.0441738 0.627064
2 0.150317 0.161629 0.0239027 0.0579518 0.623046
2 0.255521 0.343863 0.0181476 0.0437957 0.61944
1 0.0152082 0.16387 0.0303424 0.106032 0.615827
2 0.334954 0.402637 0.0148606 0.0243137 0.615467
2 0.267024 0.259915 0.0102867 0.0434493 0.613529
2 0.312952 0.394635 0.0111894 0.035489 0.607404
2 0.0582756 0.0310913 0.0372838 0.0621523 0.603223
1 0.267933 0.0376316 0.0150098 0.0495402 0.596626
2 0.281833 0.26913 0.014237 0.047427 0.593603
2 0.307872 0.288006 0.0117056 0.0416413 0.587125
2 0.296647 0.240288 0.0101311 0.0465331 0.577985
1 0.301835 0.429302 0.0147454 0.0327864 0.577246
1 0.332656 0.0702702 0.0122366 0.0401762 0.572579
2 0.320265 0.396981 0.0118105 0.0327615 0.568944
2 0.281962 0.31078 0.012006 0.0432628 0.567126
1 0.359885 0.169095 0.0172229 0.0237484 0.566599
2 0.265941 0.301403 0.00948027 0.0426782 0.562017
1 0.319755 0.049248 0.0133304 0.0419427 0.558757
2 0.279259 0.227379 0.00998602 0.0497698 0.555974
1 0.332295 0.0384086 0.012802 0.0390921 0.553223
0 0.963664 0.140296 0.0269472 0.0327492 0.5532
2 0.283105 0.352154 0.0108451 0.0410071 0.551935
2 0.157971 0.384751 0.0153765 0.037326 0.548656
2 0.319635 0.157158 0.0102551 0.0441491 0.546219
2 0.260769 0.166373 0.0115218 0.050997 0.545074
1 0.140841 0.0204316 0.0265162 0.0408631 0.544691
1 0.313307 0.114849 0.0111361 0.0461432 0.540972
2 0.359451 0.190874 0.0172395 0.0247925 0.537901
2 0.320336 0.295986 0.0123797 0.0387699 0.534656
2 0.308309 0.250732 0.0112801 0.0463799 0.525792
2 0.304451 0.323696 0.0107056 0.0398041 0.52506
2 0.271622 0.17465 0.0107597 0.0496645 0.524842
1 0.32001 0.0224106 0.0129634 0.0359549 0.517099
1 0.292313 0.119979 0.00985527 0.0451069 0.515237
1 0.295556 0.0331777 0.0136069 0.0451774 0.514575
2 0.28167 0.227908 0.0151989 0.0493177 0.513535
2 0.264527 0.34445 0.0105534 0.0445722 0.512542
1 0.280921 0.0510141 0.0104054 0.0492294 0.511463
1 0.0911386 0.127848 0.0543865 0.0922339 0.510815
2 0.295255 0.355957 0.0105164 0.0394787 0.506782
2 0.30586 0.394649 0.00924384 0.034275 0.505872
2 0.283398 0.391379 0.0108948 0.0381721 0.50288
2 0.306071 0.214454 0.0112465 0.0486347 0.501879
