2 0.725585 0.630385 0.0723568 0.142185 0.907511
0 0.51938 0.169563 0.0692283 0.112879 0.903814
0 0.320201 0.204256 0.0717955 0.113892 0.886425
0 0.625732 0.270527 0.143275 0.117287 0.885546
0 0.453121 0.281824 0.0682453 0.117445 0.884617
0 0.520501 0.277443 0.0736044 0.115971 0.884122
0 0.319405 0.405225 0.0737355 0.113907 0.88332
2 0.794349 0.624218 0.0637685 0.139943 0.881027
0 0.524833 0.387749 0.0705477 0.118726 0.876484
0 0.614207 0.163817 0.118089 0.113234 0.871071
2 0.657097 0.634505 0.0643549 0.13814 0.870089
0 0.317868 0.303445 0.0746052 0.108872 0.867542
0 0.261295 0.226356 0.0570107 0.0996269 0.865375
0 0.620135 0.0617067 0.129554 0.104474 0.865017
0 0.326695 0.109883 0.0725599 0.0963761 0.864757
0 0.392732 0.0295556 0.0580785 0.0591112 0.85392
0 0.455156 0.394916 0.071496 0.122556 0.850799
0 0.451998 0.176764 0.0764955 0.111915 0.849
0 0.52073 0.0717304 0.071997 0.103433 0.846681
0 0.389498 0.402503 0.0680455 0.117485 0.839752
0 0.256167 0.32005 0.0576803 0.106132 0.839015
0 0.393583 0.0931452 0.0688045 0.0992372 0.833181
0 0.19094 0.334696 0.0779706 0.10402 0.829281
2 0.266474 0.627562 0.0558019 0.118166 0.822814
0 0.455169 0.0840092 0.0632439 0.0945828 0.818293
0 0.265845 0.136702 0.0535665 0.0967679 0.818235
0 0.196637 0.246725 0.0776164 0.10157 0.807927
0 0.217868 0.154637 0.0473145 0.0883517 0.804715
1 0.802468 0.385813 0.0515256 0.114932 0.804138
0 0.331088 0.0386462 0.0712276 0.0772924 0.798944
1 0.837892 0.087096 0.0714188 0.10358 0.797146
2 0.26135 0.514898 0.0612338 0.104031 0.797056
2 0.19804 0.625257 0.0799995 0.113428 0.791252
0 0.729894 0.382426 0.0558849 0.113361 0.774386
1 0.844131 0.28033 0.0490528 0.106867 0.771785
0 0.62692 0.382837 0.141657 0.122865 0.768243
1 0.797727 0.275477 0.0523645 0.10993 0.765435
0 0.112128 0.436608 0.0394283 0.0857773 0.764134
0 0.112767 0.519486 0.0396708 0.0838896 0.755889
0 0.189604 0.424054 0.0794141 0.0991063 0.755628
0 0.7256 0.497446 0.0742274 0.126845 0.748678
0 0.111754 0.361683 0.0359121 0.0866722 0.744343
2 0.900188 0.590927 0.0551943 0.0822223 0.741043
0 0.14332 0.271849 0.0350277 0.100571 0.737752
1 0.789827 0.170368 0.0586836 0.111925 0.726984
2 0.127647 0.618455 0.063287 0.105657 0.720187
1 0.983145 0.400592 0.03367 0.0980963 0.713004
1 0.848112 0.388449 0.0498835 0.115119 0.699308
1 0.900402 0.288276 0.0628422 0.10023 0.696517
0 0.14778 0.189002 0.0320615 0.0858526 0.687189
0 0.142947 0.349488 0.0299187 0.08668 0.686237
2 0.427824 0.641185 0.128155 0.146949 0.684714
1 0.838435 0.18075 0.0416088 0.110336 0.677312
0 0.178674 0.171793 0.036303 0.0920738 0.675147
1 0.329432 0.631212 0.0673632 0.12528 0.670966
1 0.78247 0.0749052 0.0598217 0.0901936 0.66402
0 0.718382 0.162911 0.0512552 0.108726 0.65597
0 0.388288 0.29043 0.0669159 0.115934 0.653342
2 0.558566 0.642566 0.135176 0.152119 0.645637
2 0.123514 0.141827 0.0321943 0.068752 0.632783
0 0.113346 0.283722 0.0333339 0.0850546 0.628342
1 0.386721 0.188039 0.0668293 0.112304 0.617022
0 0.190088 0.515341 0.0840542 0.0936571 0.609823
0 0.256553 0.415001 0.0579907 0.106836 0.60318
1 0.983078 0.487765 0.033844 0.0825277 0.596671
0 0.456175 0.508189 0.0712778 0.11678 0.596196
0 0.117901 0.209113 0.0333182 0.0762439 0.589371
2 0.222507 0.079809 0.0447249 0.0803861 0.589355
0 0.457018 0.0214934 0.058103 0.0429867 0.5742
0 0.15275 0.118433 0.0326076 0.0834899 0.548091
1 0.947641 0.488812 0.0302904 0.0808002 0.538611
1 0.729261 0.271187 0.0625411 0.115927 0.538286
2 0.112291 0.436554 0.0400761 0.086009 0.502384
