0 0.79003 0.27747 0.0695369 0.111587 0.895435
0 0.322027 0.205444 0.0772086 0.110875 0.882852
0 0.391823 0.095115 0.0614279 0.0995098 0.879395
0 0.929601 0.395195 0.112455 0.11105 0.877713
0 0.455077 0.0836162 0.0673195 0.102096 0.877029
0 0.389444 0.19169 0.0649719 0.110976 0.874313
0 0.45404 0.182247 0.0717299 0.110429 0.87042
0 0.390726 0.401025 0.0684079 0.112625 0.868518
0 0.847843 0.286171 0.056094 0.110062 0.863169
0 0.326333 0.116026 0.0770024 0.0977588 0.858201
0 0.69429 0.632219 0.139274 0.153642 0.855849
0 0.393184 0.0274767 0.0552845 0.0549534 0.855455
0 0.519917 0.0736655 0.0698778 0.107627 0.852401
0 0.199419 0.621526 0.0823402 0.120775 0.8495
0 0.388347 0.297181 0.0657972 0.116913 0.846884
0 0.775103 0.0819965 0.0630724 0.0841045 0.843843
0 0.840415 0.182903 0.0549271 0.113386 0.838056
0 0.783008 0.171729 0.0780252 0.118326 0.823737
0 0.928613 0.298769 0.12223 0.109274 0.820449
0 0.455987 0.396205 0.0720241 0.117566 0.819341
0 0.826853 0.0887173 0.0547853 0.0893091 0.819341
2 0.794498 0.625167 0.0651337 0.147463 0.818129
0 0.324456 0.509553 0.0797737 0.101856 0.809347
0 0.334929 0.0368892 0.0640005 0.0737784 0.805521
0 0.457559 0.502453 0.0723223 0.112475 0.803614
0 0.818098 0.0254296 0.0498568 0.0508592 0.802776
0 0.795173 0.497404 0.0671047 0.115675 0.798537
0 0.614628 0.0638254 0.128958 0.113546 0.797337
0 0.117729 0.208946 0.0343944 0.0836502 0.794559
0 0.524382 0.387854 0.0712169 0.120906 0.792533
0 0.769494 0.0241837 0.0572735 0.0483675 0.783986
0 0.487657 0.282784 0.139863 0.115656 0.780755
0 0.123042 0.519198 0.0592498 0.0933519 0.778876
0 0.850348 0.390011 0.0519478 0.113973 0.777573
0 0.265145 0.139121 0.0501155 0.0967038 0.769794
0 0.62191 0.275971 0.136579 0.114334 0.763462
0 0.143725 0.267128 0.0346175 0.0954167 0.763438
0 0.673284 0.167442 0.157482 0.11565 0.754818
0 0.391781 0.499748 0.0610515 0.0949614 0.754234
0 0.321255 0.304765 0.0739317 0.113255 0.745042
0 0.877251 0.102516 0.0567928 0.0839112 0.739706
0 0.657177 0.277759 0.202899 0.116149 0.738162
0 0.959827 0.141519 0.0461903 0.0875318 0.736108
0 0.519642 0.175773 0.0679022 0.109304 0.732854
0 0.11168 0.359081 0.0359834 0.0821912 0.723979
0 0.112191 0.438277 0.0391084 0.0920187 0.719826
0 0.191288 0.425965 0.0868401 0.106299 0.717665
2 0.26674 0.625949 0.0598751 0.127368 0.715979
0 0.14229 0.350895 0.0303096 0.0877091 0.709521
0 0.193365 0.337112 0.0813379 0.0984494 0.686976
0 0.656527 0.388017 0.202887 0.123906 0.685185
0 0.865843 0.0317417 0.0557812 0.0634835 0.669953
0 0.32045 0.409225 0.0776099 0.114183 0.643867
0 0.695518 0.498072 0.138501 0.118859 0.633699
0 0.11352 0.2839 0.035433 0.0846267 0.62749
0 0.922075 0.123637 0.0393658 0.0801447 0.625304
0 0.910768 0.0437307 0.0401688 0.0874614 0.620572
0 0.79421 0.388077 0.066626 0.118535 0.60574
0 0.519069 0.280282 0.0731003 0.112209 0.595658
0 0.633243 0.170264 0.163004 0.113431 0.594378
0 0.148214 0.190646 0.0340927 0.0819321 0.590876
0 0.12743 0.616979 0.0612578 0.111768 0.587874
0 0.215679 0.514274 0.139215 0.0986051 0.569297
0 0.918307 0.201533 0.115334 0.114748 0.567149
0 0.55844 0.637333 0.137866 0.154472 0.557206
0 0.239341 0.233627 0.0967845 0.104278 0.541992
0 0.456437 0.0213929 0.061137 0.0427859 0.520781
0 0.7212 0.277115 0.0721899 0.113187 0.515878
0 0.961042 0.0786167 0.0668644 0.0556592 0.513535
0 0.560905 0.507299 0.136948 0.124694 0.512501
0 0.237889 0.514078 0.0961433 0.101167 0.510429
0 0.668801 0.0655334 0.151177 0.109983 0.509582
