0 0.321046 0.306738 0.0766891 0.112239 0.891796
0 0.390987 0.297181 0.0674197 0.117143 0.889851
0 0.518139 0.075484 0.0668178 0.110176 0.884986
0 0.453545 0.0867295 0.0675444 0.103178 0.884342
0 0.323004 0.206829 0.0745866 0.106928 0.880595
0 0.390152 0.192003 0.0642385 0.109407 0.870198
0 0.391441 0.100452 0.0611883 0.091309 0.866014
0 0.45279 0.182521 0.0675695 0.108856 0.858912
0 0.317181 0.412852 0.0806351 0.116995 0.856143
0 0.784029 0.175142 0.0752306 0.109228 0.855614
0 0.199211 0.624435 0.0805779 0.121598 0.855294
0 0.788764 0.278216 0.0715015 0.114009 0.854538
0 0.459114 0.398133 0.0679513 0.120944 0.854338
0 0.454663 0.286663 0.0676437 0.115952 0.851172
0 0.32718 0.118404 0.0732267 0.0948571 0.850394
0 0.847008 0.284901 0.0510683 0.108847 0.845751
0 0.524189 0.393037 0.0712817 0.119922 0.845128
0 0.795546 0.389423 0.0637023 0.116116 0.844572
0 0.392752 0.406205 0.0736984 0.113938 0.841564
0 0.905866 0.291541 0.0752655 0.106065 0.838074
0 0.775978 0.0858942 0.0611919 0.0861385 0.824027
2 0.794435 0.620897 0.0659733 0.14426 0.818665
0 0.909001 0.393977 0.0751556 0.109718 0.810822
0 0.866211 0.0322179 0.0567112 0.0644358 0.810359
0 0.111454 0.362473 0.0343921 0.0805445 0.799513
0 0.334939 0.0385952 0.0611469 0.0746776 0.798507
0 0.827572 0.0934959 0.0545067 0.085681 0.793327
0 0.817628 0.0276853 0.0488369 0.0553706 0.790756
0 0.391325 0.0330753 0.0562748 0.0661506 0.788013
0 0.58278 0.0714435 0.0662678 0.100677 0.786748
0 0.769207 0.0257703 0.060198 0.0515405 0.782795
0 0.112991 0.286013 0.0338322 0.0831359 0.782334
0 0.849429 0.390098 0.0484623 0.113478 0.778286
0 0.920568 0.125101 0.0401831 0.0856631 0.768901
0 0.319814 0.515987 0.0759076 0.10711 0.767004
0 0.910714 0.044126 0.0397251 0.0882521 0.763754
0 0.876619 0.102035 0.0568747 0.0868252 0.761745
0 0.241482 0.22969 0.0985269 0.1037 0.761222
0 0.517623 0.175214 0.0658016 0.107693 0.738628
0 0.117822 0.208067 0.03369 0.0841678 0.734174
0 0.518742 0.28187 0.0645511 0.119426 0.733912
0 0.127341 0.621513 0.0640517 0.114716 0.733187
0 0.215639 0.422301 0.131006 0.112603 0.718195
0 0.192834 0.338167 0.0786814 0.0996184 0.716358
0 0.45712 0.0231644 0.0611204 0.0463289 0.707045
0 0.960311 0.139973 0.0476826 0.0754434 0.696964
2 0.725969 0.62765 0.0740304 0.144545 0.695787
0 0.966362 0.307591 0.0652218 0.0992348 0.665765
0 0.245102 0.147058 0.0965437 0.0961208 0.645008
0 0.721658 0.276189 0.0656023 0.116202 0.642294
0 0.684976 0.169941 0.133431 0.11117 0.641717
0 0.111892 0.439325 0.0375084 0.0889554 0.63587
0 0.143307 0.269444 0.0347166 0.0893693 0.634036
0 0.595447 0.395511 0.0750976 0.12413 0.631045
0 0.657985 0.636172 0.0647797 0.139921 0.62488
0 0.564241 0.506076 0.134572 0.116487 0.624836
0 0.710574 0.0698405 0.0667084 0.107889 0.61655
0 0.226954 0.32339 0.121234 0.117216 0.616297
0 0.96696 0.218127 0.0420303 0.0982023 0.612265
0 0.840441 0.185392 0.0549637 0.10807 0.599418
0 0.962828 0.0776527 0.067358 0.0673466 0.597931
0 0.125576 0.52172 0.0658034 0.0939271 0.585365
0 0.141516 0.351365 0.0316011 0.0839219 0.579221
0 0.16682 0.179503 0.0686501 0.0906952 0.567138
0 0.18591 0.51782 0.0958176 0.101707 0.563205
2 0.913045 0.596809 0.0781523 0.106594 0.549268
0 0.120341 0.439964 0.0546712 0.0907355 0.547397
0 0.929655 0.394246 0.115446 0.111818 0.525905
0 0.213501 0.516461 0.140756 0.100274 0.518628
0 0.55009 0.637214 0.156121 0.152681 0.506626
0 0.796019 0.497187 0.0658812 0.112871 0.505024
0 0.960052 0.0264011 0.0714039 0.0528022 0.504611
0 0.616068 0.172019 0.142224 0.112186 0.502142
