0 0.320796 0.205935 0.0760595 0.110619 0.901929
0 0.317705 0.305529 0.0786621 0.114708 0.891001
0 0.319539 0.408169 0.0777478 0.117766 0.880936
0 0.324993 0.112051 0.075248 0.0986883 0.879029
0 0.330645 0.0365365 0.0696362 0.073073 0.878632
0 0.390256 0.0286877 0.0544957 0.0573754 0.877946
0 0.323963 0.513716 0.0772809 0.108893 0.876007
0 0.61485 0.0653 0.122491 0.10364 0.873298
0 0.619215 0.165761 0.129792 0.113616 0.868497
0 0.388244 0.0950545 0.0573887 0.0996926 0.866523
0 0.233817 0.323976 0.095897 0.112989 0.863889
0 0.129402 0.617547 0.0625821 0.111791 0.862968
0 0.113399 0.284227 0.0337253 0.0855016 0.861097
0 0.522292 0.279491 0.0748924 0.114395 0.859912
0 0.622265 0.271862 0.130988 0.118249 0.859504
0 0.777192 0.0794061 0.0638147 0.0863735 0.859138
2 0.79472 0.62218 0.065272 0.138634 0.857617
0 0.852458 0.493785 0.0542515 0.106321 0.856466
0 0.795169 0.388648 0.0662989 0.120698 0.852318
0 0.521605 0.0708995 0.0732212 0.109419 0.852103
0 0.234479 0.419494 0.0978756 0.10838 0.848707
0 0.522029 0.172466 0.0743435 0.11246 0.844295
0 0.852958 0.389844 0.0521864 0.114271 0.841334
2 0.725831 0.627115 0.0741451 0.144974 0.840039
0 0.90354 0.494244 0.0499428 0.0981339 0.835178
0 0.175383 0.257176 0.0362297 0.0900221 0.834989
0 0.452923 0.286644 0.0706213 0.117332 0.830728
0 0.170296 0.428748 0.0371598 0.0940412 0.829546
0 0.866436 0.188511 0.102321 0.116048 0.827915
0 0.171562 0.341893 0.0373986 0.099693 0.825374
0 0.147574 0.19161 0.0365173 0.0892569 0.822976
0 0.11168 0.360967 0.0356608 0.0821493 0.822154
0 0.451672 0.0834976 0.0702808 0.102472 0.821429
0 0.784764 0.172186 0.0785933 0.115855 0.816949
0 0.186687 0.0990381 0.0402432 0.0789272 0.816768
0 0.180248 0.175802 0.03784 0.0883486 0.815815
0 0.453973 0.397009 0.0703239 0.119574 0.815794
0 0.715575 0.168056 0.0660276 0.10084 0.803477
0 0.153073 0.117746 0.035814 0.0834138 0.802513
0 0.141735 0.350913 0.0309063 0.0868602 0.799095
0 0.263668 0.136144 0.054207 0.0917003 0.796115
2 0.266881 0.628407 0.0575961 0.127243 0.795637
0 0.795472 0.497012 0.0649499 0.112372 0.79371
0 0.387646 0.294757 0.0645727 0.11755 0.792267
0 0.708578 0.0681793 0.0682657 0.109609 0.791296
0 0.116518 0.210579 0.0325048 0.0776341 0.790737
0 0.910869 0.0462611 0.0433128 0.0902866 0.789208
0 0.725888 0.4969 0.07015 0.117629 0.789009
0 0.390459 0.401691 0.0677554 0.117536 0.787291
0 0.143624 0.270009 0.0349683 0.096012 0.784812
0 0.794087 0.276024 0.0616427 0.115104 0.781887
0 0.111275 0.437574 0.0373821 0.0890459 0.772687
0 0.451161 0.182369 0.0709962 0.111522 0.770983
0 0.123663 0.518164 0.0610796 0.0866534 0.767749
0 0.12257 0.143842 0.0327716 0.072588 0.764867
0 0.921241 0.124809 0.0383572 0.0858419 0.76386
0 0.193811 0.0335043 0.0383706 0.0670086 0.757481
0 0.905524 0.394102 0.058456 0.112488 0.75354
0 0.389319 0.190815 0.0653722 0.113134 0.751726
0 0.218706 0.154599 0.0467067 0.0870059 0.740582
0 0.525218 0.390855 0.0753809 0.119344 0.718896
0 0.238819 0.514996 0.0959809 0.101013 0.716537
0 0.95682 0.138345 0.041507 0.0799548 0.715762
0 0.853099 0.0962889 0.105291 0.0975221 0.713595
0 0.222766 0.080523 0.0415917 0.0802054 0.704686
0 0.200541 0.622313 0.0825042 0.121938 0.703452
0 0.229654 0.0219302 0.0384457 0.0438604 0.688959
0 0.847944 0.286491 0.0514397 0.108208 0.685453
2 0.900309 0.589815 0.0518021 0.0873718 0.679552
0 0.887475 0.290926 0.100031 0.11277 0.668862
2 0.200047 0.622419 0.0833283 0.122264 0.668818
0 0.141692 0.434155 0.0271744 0.0921805 0.66009
0 0.457088 0.507007 0.0676147 0.113743 0.65256
0 0.526646 0.505809 0.0739706 0.121616 0.65037
2 0.329981 0.632598 0.0704943 0.130789 0.648713
0 0.866837 0.0308958 0.0586235 0.0617916 0.626044
0 0.817531 0.0232261 0.0483822 0.0464521 0.625332
0 0.877899 0.106463 0.0567307 0.0902913 0.624003
0 0.945052 0.0618681 0.0362366 0.0846045 0.609547
0 0.160734 0.0498608 0.035523 0.0660205 0.596118
0 0.260165 0.225166 0.0559262 0.0932313 0.581983
0 0.902663 0.293293 0.0662312 0.110889 0.56847
0 0.164783 0.0214254 0.0313056 0.0428508 0.562914
0 0.7179 0.271713 0.0845818 0.120944 0.557943
0 0.137779 0.0260006 0.0285232 0.0520013 0.547889
0 0.948575 0.216063 0.0722895 0.100719 0.544512
0 0.238768 0.227704 0.0983148 0.0968359 0.531321
