0 0.321571 0.3041 0.0729291 0.111338 0.907623
0 0.319613 0.409313 0.0768141 0.117504 0.904313
0 0.388704 0.296285 0.0653021 0.11599 0.896604
0 0.321403 0.204798 0.0738895 0.107568 0.892376
0 0.794791 0.389317 0.0669033 0.116449 0.882542
0 0.517675 0.072974 0.0718588 0.111154 0.879847
0 0.331169 0.0399362 0.0693831 0.0798725 0.879663
0 0.791005 0.278225 0.0660244 0.112568 0.879176
0 0.450548 0.183153 0.0709005 0.111703 0.879032
0 0.391684 0.403999 0.0706587 0.114283 0.878853
0 0.658605 0.630402 0.063463 0.149421 0.869658
0 0.389953 0.0956307 0.0601502 0.0978377 0.869477
2 0.794794 0.622161 0.0647324 0.148756 0.869271
0 0.112764 0.287355 0.0339257 0.0839061 0.867441
0 0.391577 0.0285234 0.0559799 0.0570468 0.866831
0 0.450425 0.0851902 0.0680367 0.100622 0.864435
0 0.323874 0.514334 0.0766161 0.107998 0.862891
0 0.111461 0.363027 0.0353861 0.0813278 0.861085
0 0.930898 0.395661 0.113472 0.113124 0.861
2 0.726541 0.628331 0.0743275 0.145713 0.858524
0 0.326183 0.112922 0.0718715 0.0920127 0.858311
0 0.454998 0.397903 0.067738 0.120627 0.854548
0 0.264626 0.137762 0.0566541 0.0970771 0.853338
0 0.613103 0.0682082 0.127721 0.106513 0.850564
0 0.257304 0.417559 0.0552984 0.11168 0.847295
0 0.25759 0.32203 0.0574828 0.110876 0.840354
0 0.518245 0.175057 0.0718007 0.109365 0.839191
0 0.847103 0.286155 0.0559784 0.10936 0.837717
0 0.784063 0.173514 0.0733339 0.115663 0.83581
0 0.827884 0.0931054 0.0536739 0.085753 0.835026
0 0.451749 0.28776 0.0691354 0.116401 0.834212
0 0.775537 0.0821154 0.0621971 0.0887871 0.833894
0 0.140946 0.355279 0.029805 0.0876401 0.829052
0 0.175482 0.257545 0.0367265 0.089408 0.828958
0 0.271232 0.0491582 0.0520552 0.0835878 0.82821
0 0.148458 0.194366 0.0366069 0.0936137 0.826877
0 0.154697 0.118909 0.0371638 0.0762258 0.826031
0 0.817549 0.0276009 0.0496153 0.0552017 0.821894
0 0.850793 0.391625 0.0507618 0.11507 0.816732
0 0.259647 0.229003 0.0573486 0.0998801 0.813318
0 0.18088 0.176749 0.0379894 0.0909666 0.813134
0 0.126861 0.617679 0.06342 0.110337 0.812231
0 0.615783 0.276296 0.121448 0.116449 0.806693
0 0.217866 0.154598 0.0452981 0.0840539 0.805591
0 0.191819 0.514975 0.0874457 0.0958348 0.801582
0 0.111927 0.44121 0.0378696 0.0880504 0.801273
0 0.142728 0.271302 0.0345904 0.0949022 0.796382
0 0.459195 0.50549 0.0664065 0.11056 0.795613
0 0.259901 0.5148 0.0555385 0.0980166 0.783019
0 0.710203 0.0684314 0.0717411 0.10114 0.778382
0 0.172275 0.343183 0.0370823 0.10295 0.777846
0 0.794651 0.497966 0.0644445 0.109403 0.772155
0 0.839801 0.183782 0.0545177 0.111278 0.76994
0 0.117191 0.213366 0.0331413 0.0813655 0.768772
0 0.883647 0.0314486 0.0890995 0.0628972 0.766388
0 0.212041 0.244283 0.0443912 0.100779 0.766373
0 0.770097 0.0247673 0.0591135 0.0495346 0.766081
0 0.209291 0.333992 0.0456275 0.105192 0.758793
0 0.911184 0.292905 0.0832329 0.10637 0.751008
0 0.720106 0.276683 0.0814648 0.112265 0.746632
0 0.877846 0.101716 0.0579102 0.0814198 0.742965
0 0.392674 0.509693 0.0699633 0.109672 0.733029
0 0.198799 0.622251 0.0813193 0.124647 0.715102
0 0.72638 0.500911 0.0705729 0.112129 0.71428
0 0.228963 0.0236852 0.0384956 0.0473704 0.712317
0 0.906609 0.195063 0.0922035 0.102064 0.71196
0 0.524127 0.390671 0.0713592 0.118112 0.70804
0 0.517924 0.28145 0.0658546 0.114332 0.703752
0 0.56054 0.505862 0.139859 0.120804 0.703401
0 0.223624 0.0828931 0.044097 0.0817674 0.694115
0 0.921313 0.122423 0.0381704 0.0812801 0.693771
0 0.14186 0.436482 0.0280982 0.0929341 0.692082
0 0.187577 0.0984709 0.0376874 0.0791199 0.691309
0 0.957173 0.142539 0.0409077 0.0854053 0.687072
0 0.613759 0.169835 0.120315 0.114037 0.681219
0 0.724191 0.387897 0.0725622 0.122812 0.659483
0 0.965874 0.221858 0.0413086 0.0977551 0.659197
2 0.900807 0.59341 0.0533529 0.0948905 0.658844
0 0.558316 0.638716 0.138413 0.155799 0.654216
0 0.450164 0.0228992 0.0606586 0.0457983 0.636245
0 0.192283 0.428716 0.0807863 0.0980869 0.632302
0 0.196047 0.0295379 0.0352078 0.0590757 0.61549
0 0.123266 0.521911 0.0614301 0.0872027 0.612845
1 0.330711 0.634211 0.068786 0.13781 0.59878
0 0.690002 0.169525 0.12863 0.120939 0.589329
0 0.38814 0.192039 0.0638815 0.114896 0.582465
0 0.957905 0.308242 0.0598839 0.104168 0.550294
0 0.219099 0.0248891 0.0585229 0.0497781 0.542422
2 0.267435 0.626696 0.0618847 0.129191 0.533662
0 0.123802 0.144367 0.0307921 0.0702615 0.532464
0 0.971031 0.0780563 0.0496395 0.0714655 0.521107
2 0.199052 0.623134 0.0816822 0.127482 0.50156
