2 0.72544 0.628951 0.0730073 0.143311 0.904372
0 0.520792 0.276576 0.0724762 0.114617 0.885473
2 0.794698 0.62321 0.0644548 0.139572 0.885364
0 0.519238 0.168444 0.068153 0.112014 0.88241
2 0.656968 0.635687 0.064622 0.133627 0.881544
0 0.195541 0.246286 0.0775738 0.107276 0.878313
0 0.330788 0.0385874 0.0693281 0.0771749 0.873451
0 0.520105 0.0725529 0.0713493 0.10289 0.87038
0 0.453898 0.394781 0.0706643 0.121983 0.86983
1 0.900849 0.288557 0.0629711 0.102173 0.866313
0 0.525076 0.387592 0.0730323 0.121738 0.864646
0 0.452894 0.281882 0.06777 0.118211 0.861964
0 0.392374 0.0287499 0.0581781 0.0574997 0.858543
0 0.31984 0.406885 0.0714386 0.112614 0.849069
1 0.838157 0.0871858 0.0715872 0.10142 0.836795
0 0.726206 0.49704 0.0729351 0.122722 0.827702
2 0.258405 0.514218 0.0589231 0.0993466 0.825913
0 0.452174 0.178448 0.0725607 0.107271 0.818398
2 0.900873 0.592926 0.0543163 0.0861758 0.818026
1 0.792283 0.172195 0.0564714 0.10765 0.809782
0 0.38889 0.403678 0.0678736 0.119523 0.803044
0 0.72874 0.383925 0.0629225 0.11497 0.802205
0 0.391631 0.0932064 0.0643346 0.0989037 0.80048
0 0.326755 0.110847 0.0728723 0.103612 0.793954
0 0.323414 0.511711 0.0683253 0.104365 0.793556
0 0.618053 0.271356 0.12535 0.115757 0.787354
0 0.424815 0.510684 0.133898 0.118425 0.77635
0 0.112619 0.520834 0.0394587 0.0830073 0.772502
1 0.846362 0.18361 0.0572184 0.115224 0.769072
2 0.112001 0.438936 0.0395082 0.0867781 0.764729
0 0.320667 0.203898 0.0728812 0.109212 0.755613
0 0.656383 0.500896 0.0731989 0.130491 0.750129
1 0.845226 0.282564 0.052322 0.103758 0.746235
1 0.781778 0.0773138 0.0533098 0.088948 0.745
0 0.386349 0.189103 0.0653166 0.111389 0.744534
0 0.452884 0.0845356 0.0680854 0.102086 0.743273
0 0.217335 0.157182 0.0467466 0.0918822 0.741996
0 0.319412 0.304081 0.071629 0.112532 0.734677
1 0.800529 0.386262 0.0593765 0.115717 0.73125
2 0.194165 0.518232 0.0717983 0.094824 0.724062
1 0.983741 0.400093 0.0322937 0.100161 0.718078
1 0.799347 0.275201 0.0556982 0.110574 0.715837
0 0.387975 0.290938 0.0664589 0.117734 0.715477
0 0.264867 0.137773 0.0520992 0.0984071 0.706574
1 0.328766 0.629399 0.0695915 0.129201 0.705926
2 0.558888 0.639733 0.134172 0.144307 0.703782
1 0.983775 0.484389 0.0323196 0.0757 0.700717
2 0.266182 0.62779 0.0573733 0.123119 0.687095
1 0.265932 0.627191 0.0570102 0.121604 0.684346
0 0.189478 0.425681 0.0778941 0.101464 0.683714
0 0.1423 0.272743 0.0342922 0.0997942 0.672219
0 0.180492 0.168536 0.0393175 0.0880775 0.658154
0 0.594629 0.38732 0.0729614 0.123112 0.654459
2 0.111708 0.36473 0.0361743 0.0839798 0.647922
0 0.721146 0.0636007 0.078931 0.099118 0.638297
0 0.153216 0.119824 0.0359492 0.0855783 0.635959
2 0.427805 0.640918 0.12906 0.147717 0.628207
2 0.269039 0.0558553 0.0551514 0.0876416 0.624186
1 0.847761 0.387659 0.0505043 0.113904 0.622316
0 0.257063 0.416939 0.0584924 0.107181 0.614668
0 0.117489 0.210636 0.0320219 0.0726968 0.608841
2 0.127735 0.61675 0.0634771 0.106555 0.604964
2 0.122536 0.144529 0.0315862 0.0656304 0.582896
0 0.586202 0.0661481 0.0640661 0.0996181 0.582463
0 0.259165 0.225174 0.052464 0.100452 0.569873
2 0.199286 0.624915 0.0774979 0.119666 0.565666
1 0.950292 0.485454 0.0319754 0.0729769 0.564093
0 0.651914 0.0608068 0.0694817 0.0993307 0.563245
0 0.558563 0.507321 0.136632 0.128351 0.547817
0 0.626131 0.38377 0.138891 0.123638 0.543991
0 0.190741 0.336721 0.0772323 0.102471 0.538731
0 0.142468 0.34917 0.0294506 0.0871234 0.522309
2 0.113935 0.616224 0.0365874 0.104639 0.521264
0 0.819854 0.495855 0.1125 0.115123 0.515861
0 0.112598 0.285747 0.0318782 0.087099 0.50687
