0 0.790633 0.277592 0.0670219 0.113899 0.895158
0 0.518601 0.174454 0.0729886 0.110843 0.88709
0 0.931859 0.395164 0.116462 0.109215 0.885083
0 0.387679 0.29645 0.0659943 0.114221 0.883482
0 0.51732 0.0732615 0.0760458 0.108544 0.88297
0 0.622762 0.276993 0.133136 0.117534 0.876727
0 0.616106 0.0665006 0.126628 0.108864 0.874847
0 0.319385 0.410382 0.0744755 0.114601 0.872702
0 0.454483 0.397536 0.0690496 0.121833 0.872426
0 0.324027 0.116492 0.0764944 0.0941201 0.87192
0 0.39065 0.40404 0.0704348 0.113771 0.870099
0 0.388098 0.192474 0.0678631 0.113234 0.866597
0 0.452514 0.286585 0.0693496 0.114134 0.864279
0 0.520133 0.279185 0.0719309 0.111534 0.864248
0 0.25533 0.419291 0.0597195 0.109248 0.862689
0 0.450947 0.182555 0.0680752 0.111852 0.85972
0 0.256787 0.319423 0.057836 0.113741 0.859394
0 0.524258 0.390179 0.0746326 0.122002 0.858547
0 0.263511 0.1383 0.0527646 0.098627 0.856887
0 0.774927 0.0794353 0.0620543 0.0904984 0.856584
0 0.31943 0.207291 0.0724794 0.107052 0.856214
0 0.846836 0.284785 0.0535612 0.109016 0.854604
0 0.390227 0.10042 0.0585503 0.0943258 0.853353
0 0.187293 0.516517 0.0973209 0.0983841 0.851385
0 0.190251 0.425417 0.080847 0.101909 0.849168
0 0.45069 0.0867372 0.0598004 0.0985465 0.848709
2 0.264986 0.609912 0.0569238 0.0908756 0.848623
0 0.82808 0.0836767 0.0562482 0.0885051 0.847126
0 0.392047 0.0303537 0.0528744 0.0607073 0.846242
0 0.113871 0.613376 0.0350056 0.0994978 0.845821
2 0.795315 0.621472 0.0645397 0.142417 0.845326
0 0.259886 0.227011 0.0529539 0.0971537 0.841942
0 0.191843 0.336319 0.0786876 0.0989165 0.8394
0 0.111137 0.365278 0.0348802 0.083218 0.838446
0 0.14069 0.355468 0.0300769 0.0864948 0.834184
2 0.726509 0.62839 0.0741091 0.143582 0.833598
0 0.112629 0.520695 0.0393296 0.0856127 0.831849
0 0.147588 0.196338 0.0350882 0.0902758 0.830102
0 0.110938 0.441689 0.0367838 0.0890901 0.8269
0 0.837648 0.181087 0.0547337 0.113389 0.821159
0 0.819043 0.497329 0.11304 0.114346 0.820977
0 0.331759 0.0386948 0.0699064 0.0773896 0.818519
0 0.711014 0.0701551 0.0674094 0.100974 0.807534
0 0.724895 0.275839 0.0717734 0.114822 0.805929
0 0.933462 0.49262 0.120986 0.101133 0.805784
0 0.142573 0.271853 0.0339413 0.0962327 0.798009
0 0.81767 0.0227996 0.0506275 0.0455991 0.796307
0 0.184044 0.623146 0.107659 0.120831 0.795153
0 0.319282 0.306199 0.0757472 0.113609 0.794246
0 0.259736 0.516459 0.0600102 0.100779 0.788176
0 0.783166 0.173342 0.0754606 0.114428 0.783439
0 0.849688 0.390213 0.0501648 0.115248 0.778085
0 0.86547 0.0305426 0.0575726 0.0610852 0.770464
0 0.117742 0.210264 0.0332949 0.0804507 0.766239
0 0.140904 0.435185 0.0283738 0.0945346 0.763611
0 0.323191 0.514893 0.0734654 0.107376 0.752782
0 0.527658 0.508196 0.0756767 0.120485 0.751079
0 0.616534 0.170338 0.123358 0.114593 0.750847
0 0.878899 0.103645 0.0546604 0.0949328 0.750245
0 0.922639 0.294307 0.108588 0.109627 0.745927
0 0.795362 0.497337 0.0653122 0.114888 0.741601
0 0.113035 0.28707 0.0330343 0.0881657 0.736298
0 0.911164 0.0458225 0.0419174 0.0876301 0.73607
0 0.217146 0.157637 0.044473 0.0895284 0.732827
0 0.960814 0.139802 0.0453913 0.0811131 0.711301
0 0.923558 0.12443 0.0401552 0.0871918 0.709655
0 0.45872 0.507545 0.0648718 0.112416 0.708903
0 0.391249 0.513436 0.0680991 0.114331 0.703309
0 0.17951 0.176108 0.0376846 0.088544 0.694734
0 0.152836 0.127073 0.0326671 0.0726317 0.688321
0 0.212286 0.245362 0.0448599 0.0945533 0.682988
0 0.174912 0.254441 0.0364369 0.0895441 0.66857
0 0.625698 0.387705 0.13158 0.123167 0.662741
0 0.794474 0.387919 0.0678123 0.117273 0.656801
0 0.195279 0.248525 0.0771744 0.0944876 0.65664
0 0.68503 0.169673 0.136103 0.11862 0.652339
0 0.124783 0.141804 0.0339223 0.0723381 0.645462
0 0.4512 0.0227851 0.0531149 0.0455701 0.621012
0 0.906952 0.197575 0.0882788 0.101281 0.619753
0 0.596061 0.504046 0.0622923 0.120692 0.612865
0 0.594458 0.390827 0.0688721 0.124278 0.612737
0 0.90211 0.292818 0.0674393 0.108976 0.608538
0 0.770611 0.0227656 0.0598038 0.0455312 0.597227
0 0.222733 0.0760046 0.0403865 0.063645 0.587983
0 0.726764 0.499844 0.0748638 0.115538 0.578685
0 0.556908 0.643627 0.139743 0.155535 0.573983
0 0.72367 0.386742 0.0725986 0.116807 0.571135
0 0.221204 0.0896818 0.041021 0.0630864 0.53805
2 0.818738 0.622483 0.111309 0.142445 0.523168
