0 0.320949 0.407925 0.0768304 0.115457 0.903431
0 0.320673 0.303841 0.0770329 0.11704 0.900329
2 0.726576 0.627963 0.0741884 0.144882 0.897395
0 0.323964 0.509251 0.0740737 0.100529 0.882888
0 0.923614 0.394486 0.0974449 0.111204 0.882532
0 0.322131 0.204691 0.0771168 0.108507 0.88249
0 0.847738 0.284885 0.0555454 0.11128 0.877987
0 0.920093 0.49368 0.0887699 0.102745 0.876256
2 0.795092 0.622956 0.0643522 0.144097 0.875758
0 0.332042 0.0383061 0.0690705 0.0766122 0.872285
0 0.327469 0.112044 0.0742752 0.0988563 0.872
0 0.791885 0.278393 0.065274 0.111515 0.871984
0 0.795064 0.497287 0.0643032 0.116119 0.871755
0 0.387234 0.0951431 0.0530459 0.102642 0.869332
0 0.452879 0.285635 0.0752954 0.118186 0.868993
0 0.522415 0.0719781 0.0747109 0.108009 0.862145
0 0.450398 0.0840057 0.0721804 0.102879 0.860734
0 0.918406 0.293815 0.0977163 0.110442 0.860532
1 0.32923 0.627774 0.0684899 0.129438 0.858513
0 0.390206 0.0272441 0.0508804 0.0544883 0.855372
0 0.111508 0.438513 0.0378053 0.0875711 0.854029
0 0.237087 0.321143 0.0966095 0.108301 0.850748
0 0.110938 0.361331 0.0355164 0.0884064 0.850552
0 0.387134 0.294467 0.0624965 0.117019 0.846061
0 0.11294 0.282459 0.0345526 0.08374 0.845596
0 0.14107 0.349735 0.0319271 0.087713 0.834935
0 0.453204 0.394938 0.0752417 0.11785 0.834177
2 0.267136 0.627107 0.0578135 0.123599 0.829114
0 0.11249 0.518866 0.0394729 0.0820156 0.829059
0 0.774129 0.0788575 0.0661793 0.0908083 0.827897
0 0.148041 0.189608 0.0354617 0.0881361 0.822982
0 0.524007 0.277538 0.0731316 0.112618 0.821919
2 0.916566 0.596995 0.0843227 0.100306 0.819554
0 0.217286 0.418685 0.133111 0.108709 0.817307
0 0.522353 0.172776 0.0716492 0.114749 0.813538
0 0.867026 0.0307415 0.0551712 0.0614829 0.808569
0 0.388607 0.401056 0.0634098 0.11749 0.804824
0 0.818091 0.0246509 0.0512394 0.0493018 0.803476
0 0.526493 0.386499 0.074305 0.119286 0.801695
0 0.175691 0.255609 0.0365686 0.0947268 0.801009
0 0.910772 0.0436203 0.0425135 0.0872406 0.798876
0 0.143516 0.268202 0.035197 0.100773 0.797641
0 0.18066 0.174947 0.0381083 0.0918607 0.795536
0 0.154496 0.116194 0.0361533 0.0799486 0.791709
0 0.620863 0.273903 0.132599 0.114536 0.784168
0 0.264899 0.134224 0.0569647 0.0902078 0.773825
0 0.45149 0.181554 0.0737755 0.111949 0.77113
0 0.117063 0.210568 0.0333393 0.0791739 0.769225
0 0.172856 0.338424 0.0381085 0.0976604 0.766888
0 0.841586 0.181659 0.0549728 0.115112 0.765483
0 0.828284 0.0873275 0.0533321 0.08602 0.765026
0 0.851197 0.494566 0.0527044 0.108508 0.763275
0 0.781623 0.173109 0.0797903 0.117119 0.757766
0 0.186836 0.10086 0.0395009 0.0763133 0.748919
0 0.923345 0.124226 0.0407375 0.0926718 0.747391
0 0.614477 0.0651994 0.123052 0.105969 0.742081
1 0.849886 0.621574 0.047258 0.141399 0.739328
0 0.658218 0.631833 0.0637986 0.145068 0.739173
0 0.726206 0.499262 0.0744881 0.115838 0.737249
0 0.9569 0.138294 0.0399075 0.0836159 0.737061
0 0.141341 0.430356 0.0287978 0.0976395 0.734862
0 0.200749 0.622355 0.0774113 0.120629 0.734148
0 0.686841 0.167327 0.137136 0.121765 0.728857
0 0.45587 0.50676 0.0711598 0.11415 0.725966
0 0.850724 0.390401 0.0519989 0.113567 0.725111
0 0.123661 0.141273 0.0315046 0.0727154 0.723499
0 0.794334 0.387912 0.0664756 0.119704 0.72309
0 0.222776 0.0834473 0.0424192 0.0791376 0.722994
0 0.425715 0.510118 0.132415 0.121023 0.718671
0 0.981491 0.492362 0.0368607 0.0929314 0.715919
0 0.769717 0.0244035 0.0625586 0.0488071 0.713971
0 0.721445 0.277883 0.0811476 0.113178 0.687204
0 0.218156 0.152334 0.0459784 0.0794731 0.682342
0 0.387164 0.189406 0.0589258 0.111914 0.666748
0 0.229068 0.0217858 0.0380651 0.0435717 0.645653
0 0.528122 0.506812 0.0748329 0.123266 0.643877
0 0.55884 0.63841 0.139138 0.146117 0.640317
0 0.218685 0.513805 0.138026 0.0994814 0.638074
0 0.903652 0.198681 0.0766365 0.107227 0.636801
0 0.161847 0.0453562 0.0359451 0.074864 0.636796
0 0.892376 0.196731 0.0543262 0.103656 0.628055
2 0.657968 0.632495 0.0638418 0.145565 0.624005
0 0.982868 0.400979 0.0342634 0.1036 0.610837
0 0.87746 0.0998014 0.0558279 0.0918184 0.609884
0 0.240624 0.514622 0.0947367 0.100927 0.607315
0 0.14188 0.516622 0.0250477 0.0856037 0.602289
0 0.658985 0.501257 0.0709318 0.117239 0.598359
0 0.391012 0.509581 0.0643772 0.111853 0.594808
0 0.13016 0.617794 0.065364 0.114238 0.581545
0 0.559573 0.506469 0.139029 0.12398 0.580302
0 0.82271 0.495594 0.110173 0.113152 0.570378
0 0.186088 0.0354221 0.0521101 0.0708442 0.568475
0 0.192528 0.513238 0.0843533 0.0942837 0.537833
