0 0.321747 0.303822 0.0735361 0.113956 0.90513
0 0.321837 0.407852 0.0755722 0.115014 0.901728
2 0.72629 0.627428 0.0750132 0.142933 0.89592
0 0.923293 0.394223 0.0977673 0.11139 0.895529
0 0.321798 0.20549 0.0732546 0.107687 0.894364
2 0.795102 0.622418 0.0645876 0.143525 0.892089
0 0.8476 0.284375 0.0554848 0.110246 0.885784
0 0.790999 0.277827 0.0658716 0.112369 0.883299
0 0.389936 0.0288673 0.0517211 0.0577346 0.878209
0 0.523005 0.172403 0.0724592 0.114103 0.877658
0 0.331657 0.0386927 0.0691135 0.0773854 0.876386
0 0.452474 0.286615 0.0766635 0.116834 0.873584
0 0.324453 0.508776 0.0733791 0.0995146 0.871265
0 0.386427 0.0949317 0.053213 0.101139 0.867405
0 0.32742 0.111892 0.0724429 0.0990526 0.866748
0 0.620126 0.275227 0.1293 0.116638 0.862396
0 0.386459 0.294326 0.060938 0.115282 0.861965
0 0.524297 0.27872 0.0732759 0.112477 0.860815
0 0.919663 0.294392 0.100249 0.112575 0.859219
0 0.725906 0.499418 0.0732794 0.117369 0.858579
1 0.329691 0.632025 0.069128 0.134107 0.857486
0 0.849868 0.389875 0.0524248 0.112523 0.856176
0 0.521424 0.0710339 0.0734213 0.109369 0.854611
0 0.389505 0.401273 0.064072 0.118471 0.850119
0 0.850531 0.494819 0.05343 0.109766 0.84832
0 0.793635 0.497643 0.0642012 0.114617 0.846083
0 0.450102 0.182425 0.0770912 0.112618 0.843748
0 0.218716 0.417687 0.135099 0.110797 0.839855
0 0.384817 0.190778 0.0553134 0.109546 0.838708
0 0.111346 0.437373 0.0372294 0.0870195 0.833125
0 0.454224 0.395797 0.0768984 0.119056 0.833092
0 0.147193 0.190216 0.0355227 0.0885058 0.831094
0 0.450214 0.0839082 0.0736213 0.100606 0.828592
0 0.113319 0.282227 0.0333965 0.083678 0.824853
0 0.180467 0.174124 0.0390436 0.0914487 0.82321
2 0.916096 0.599034 0.0833382 0.108223 0.818758
0 0.793497 0.388098 0.0666965 0.119515 0.816882
0 0.614375 0.0644775 0.125919 0.107209 0.816022
0 0.264646 0.132802 0.0565692 0.0914773 0.814444
0 0.775001 0.0788721 0.065414 0.0918792 0.812236
0 0.141843 0.346804 0.0319229 0.0842645 0.806357
0 0.175673 0.253401 0.0366692 0.093646 0.803981
0 0.526227 0.387853 0.0732385 0.118469 0.802167
0 0.186069 0.100305 0.0398598 0.0752563 0.801682
0 0.110941 0.358607 0.0341997 0.0843723 0.795068
0 0.912121 0.0455421 0.0423672 0.0910843 0.788082
0 0.153924 0.117365 0.0361292 0.0820348 0.788022
0 0.143539 0.267796 0.0343704 0.100364 0.787387
0 0.818019 0.0248682 0.0504395 0.0497365 0.786924
0 0.112227 0.519974 0.0382084 0.0826589 0.78655
0 0.867196 0.0288939 0.0564453 0.0577878 0.776906
0 0.623351 0.386814 0.130776 0.125503 0.774701
0 0.657931 0.631591 0.0631526 0.143807 0.769661
0 0.117538 0.210643 0.0314007 0.0778858 0.763342
0 0.923545 0.125845 0.0410009 0.088531 0.760585
0 0.457158 0.509104 0.0694653 0.116882 0.760479
0 0.72138 0.278338 0.0797396 0.114208 0.759644
0 0.840254 0.180401 0.0543934 0.111445 0.756063
0 0.780361 0.172675 0.0784165 0.117154 0.753483
0 0.161953 0.0462746 0.0361311 0.0730491 0.752069
0 0.237249 0.320329 0.101984 0.108161 0.746328
0 0.770997 0.024118 0.0599186 0.048236 0.746252
0 0.617091 0.167235 0.134386 0.118058 0.74467
0 0.956859 0.140555 0.0408276 0.0861036 0.739838
0 0.219578 0.51613 0.140433 0.103006 0.73598
0 0.919654 0.492032 0.0877777 0.103226 0.73386
0 0.194488 0.0334614 0.0355712 0.0669228 0.731341
0 0.21737 0.15501 0.0444332 0.0826703 0.728131
1 0.850447 0.621109 0.0467136 0.142586 0.724157
0 0.260817 0.223137 0.0603723 0.0976772 0.716741
0 0.123874 0.140066 0.0304621 0.0728256 0.703648
0 0.39196 0.509345 0.0658212 0.111006 0.699931
0 0.141088 0.430223 0.0279214 0.0956644 0.690474
0 0.827036 0.0874689 0.0535582 0.0890374 0.689534
0 0.853369 0.0950888 0.105123 0.0938038 0.681763
0 0.904981 0.198441 0.0817003 0.104855 0.676384
0 0.221344 0.0847639 0.0402842 0.0795956 0.669288
0 0.17255 0.336861 0.0380538 0.100594 0.669184
0 0.559735 0.507865 0.138902 0.123604 0.651406
0 0.527943 0.5084 0.0736727 0.12088 0.644339
0 0.228318 0.0218065 0.0366039 0.043613 0.642779
0 0.876519 0.102964 0.0589624 0.0918971 0.637811
0 0.430931 0.510879 0.122338 0.118084 0.631532
0 0.72183 0.386726 0.075103 0.116521 0.621445
0 0.688663 0.167203 0.129982 0.118867 0.616526
0 0.213036 0.240521 0.0453547 0.0976875 0.613774
0 0.559428 0.638236 0.138065 0.145395 0.609006
2 0.559363 0.637066 0.134637 0.147771 0.596918
2 0.11304 0.582433 0.0332767 0.0337497 0.529328
0 0.982311 0.490964 0.0353783 0.0912394 0.528164
0 0.985202 0.157752 0.0294659 0.0885947 0.527086
0 0.966589 0.220775 0.0428558 0.102097 0.515146
0 0.707617 0.067561 0.0726194 0.105223 0.501971
