0 0.321826 0.206957 0.0745585 0.109932 0.905462
0 0.320933 0.408936 0.0768325 0.114932 0.89834
0 0.847223 0.285648 0.0541412 0.108311 0.891418
0 0.391983 0.0283992 0.0562437 0.0567984 0.88829
2 0.794974 0.622344 0.0643363 0.145786 0.882247
0 0.31961 0.305188 0.0747789 0.112079 0.882119
2 0.7266 0.628167 0.0743786 0.144264 0.88075
2 0.266835 0.627413 0.0574017 0.127739 0.878644
0 0.324773 0.513595 0.0777184 0.107409 0.875328
0 0.792122 0.277137 0.0662632 0.113531 0.871906
0 0.657617 0.632555 0.0648213 0.14433 0.869316
0 0.330709 0.0403874 0.0700831 0.0807747 0.866273
0 0.327203 0.11292 0.0708116 0.0971082 0.863432
0 0.452442 0.18324 0.0757349 0.114376 0.861377
0 0.775762 0.0774814 0.0651251 0.0916859 0.860807
0 0.520799 0.0726108 0.0712363 0.105347 0.860155
0 0.391102 0.402851 0.0686931 0.113725 0.856634
0 0.389287 0.096765 0.057846 0.098053 0.855457
0 0.388373 0.29557 0.0663924 0.117702 0.854768
0 0.932741 0.396468 0.11702 0.111333 0.853519
0 0.235231 0.417146 0.0994252 0.106716 0.852738
0 0.389014 0.192357 0.0660599 0.11247 0.852542
0 0.122554 0.518664 0.0595829 0.0859445 0.849499
0 0.454463 0.288626 0.0718536 0.116006 0.844964
0 0.866585 0.0314917 0.0572412 0.0629834 0.841811
0 0.170861 0.428356 0.0385189 0.0931246 0.836833
0 0.522934 0.173821 0.0724639 0.115051 0.834725
0 0.456459 0.398103 0.071348 0.11782 0.832576
0 0.148934 0.192915 0.0363027 0.0884081 0.832133
0 0.453663 0.0853296 0.0676942 0.101739 0.831019
0 0.828828 0.0863833 0.0550625 0.0892144 0.82708
0 0.787349 0.172364 0.0690145 0.117322 0.825939
0 0.112983 0.285494 0.0334744 0.0805705 0.821283
0 0.141404 0.350902 0.0326585 0.0871852 0.817948
0 0.176623 0.25775 0.0355551 0.0938243 0.816777
0 0.172536 0.343137 0.0371114 0.0949934 0.815534
0 0.181279 0.173188 0.0367449 0.0903869 0.814983
0 0.111066 0.36046 0.0341991 0.0816472 0.813965
0 0.522781 0.280845 0.0759771 0.113361 0.805594
0 0.622857 0.274915 0.131336 0.113652 0.804983
0 0.15416 0.119209 0.0363506 0.0758611 0.803708
0 0.850558 0.390001 0.0508743 0.113481 0.801534
0 0.79497 0.49701 0.0656973 0.112811 0.795049
0 0.144082 0.270085 0.0357174 0.0946698 0.791938
0 0.199808 0.623229 0.0814352 0.120997 0.791011
0 0.240156 0.514583 0.0961081 0.101758 0.789462
0 0.393399 0.512154 0.0657495 0.116407 0.783563
0 0.614832 0.0675509 0.129559 0.099262 0.783472
0 0.817911 0.0239441 0.0496828 0.0478881 0.78283
0 0.839658 0.181354 0.0537666 0.114005 0.779855
0 0.117437 0.211539 0.032261 0.0783118 0.774761
0 0.265395 0.137291 0.0526469 0.0931492 0.772278
0 0.123682 0.143813 0.0319414 0.0664627 0.752043
0 0.910279 0.0462842 0.0408676 0.0860149 0.748261
0 0.558924 0.507213 0.138091 0.121557 0.74666
0 0.559477 0.638981 0.136309 0.147504 0.745186
0 0.235849 0.324486 0.0967742 0.108908 0.744592
0 0.218506 0.157472 0.0455048 0.0885177 0.743037
0 0.194432 0.0337181 0.0373607 0.0674363 0.738788
0 0.686721 0.167258 0.138191 0.118194 0.736206
1 0.851174 0.620584 0.0488668 0.143186 0.73447
0 0.922081 0.125656 0.0383903 0.0865665 0.729797
0 0.725712 0.500308 0.0743952 0.114963 0.728965
0 0.22948 0.0233723 0.0388619 0.0467446 0.72814
0 0.111226 0.437541 0.0368484 0.0880862 0.71597
0 0.458067 0.506695 0.069659 0.117749 0.711989
0 0.222515 0.0827035 0.0415181 0.0799399 0.71109
0 0.18723 0.0987797 0.0375818 0.076955 0.703917
0 0.956545 0.139562 0.0401035 0.082187 0.688518
0 0.526538 0.389467 0.0752964 0.118842 0.675089
0 0.72399 0.387343 0.0771823 0.121917 0.674405
0 0.160022 0.0535268 0.0337644 0.0669696 0.67183
0 0.915141 0.293476 0.0922707 0.108637 0.666237
0 0.137668 0.0256257 0.0264977 0.0512513 0.658715
0 0.852237 0.494286 0.0514292 0.107455 0.654567
2 0.199606 0.623653 0.0817044 0.120011 0.64553
0 0.616234 0.169895 0.122194 0.118496 0.644196
0 0.878977 0.102769 0.0561892 0.0874899 0.634792
0 0.127691 0.616161 0.0647298 0.109844 0.628525
0 0.912111 0.493858 0.0743084 0.102093 0.626778
2 0.328615 0.632092 0.0694205 0.134642 0.626594
0 0.223377 0.0673763 0.0408068 0.0538132 0.623966
0 0.269314 0.0531752 0.0521845 0.0795517 0.621058
0 0.141215 0.434303 0.0283761 0.0922392 0.60295
0 0.452409 0.021536 0.0673821 0.043072 0.594022
0 0.172309 0.514649 0.044202 0.0973748 0.593398
0 0.260588 0.229999 0.0560741 0.0999313 0.581219
0 0.214121 0.242855 0.0467802 0.100429 0.581049
0 0.23995 0.231508 0.0970468 0.100985 0.556809
0 0.978937 0.490442 0.0410858 0.0915319 0.550774
0 0.945192 0.0653851 0.0371977 0.0813795 0.530621
2 0.128244 0.616469 0.0634453 0.106154 0.507791
0 0.710596 0.0696577 0.0700617 0.0972963 0.506974
