0 0.318926 0.304807 0.0764016 0.113143 0.908659
0 0.31939 0.406824 0.0774363 0.114667 0.900149
0 0.320477 0.20484 0.0734991 0.11261 0.896505
2 0.657203 0.634531 0.0655119 0.139492 0.895439
2 0.725819 0.629012 0.0742872 0.141812 0.892908
0 0.388199 0.292946 0.0660258 0.114993 0.888749
0 0.392651 0.0284197 0.0596441 0.0568394 0.883141
0 0.390052 0.403421 0.0678228 0.121103 0.879505
0 0.256276 0.416489 0.0558031 0.108807 0.876355
0 0.326069 0.110299 0.0732291 0.0979343 0.875015
0 0.453364 0.283267 0.0688728 0.117587 0.872968
0 0.192712 0.422109 0.0752027 0.100861 0.872169
0 0.725092 0.496504 0.0724823 0.124251 0.870479
2 0.199087 0.625394 0.0790795 0.114731 0.868436
0 0.454218 0.395255 0.0715273 0.121502 0.865505
0 0.388099 0.18943 0.0669497 0.112296 0.864512
0 0.329453 0.0385702 0.0707284 0.0771404 0.86196
0 0.261057 0.225627 0.055251 0.0996715 0.861487
2 0.266603 0.627724 0.0569885 0.122148 0.858016
0 0.558583 0.507144 0.137405 0.129115 0.855274
1 0.328548 0.629635 0.0688602 0.128142 0.852649
0 0.391189 0.0936874 0.0649197 0.100652 0.849363
2 0.900602 0.59198 0.0522781 0.0815035 0.847729
0 0.520702 0.0705317 0.0697021 0.104604 0.839271
0 0.552481 0.16653 0.13646 0.115355 0.838362
0 0.192353 0.335448 0.0775277 0.103723 0.832974
0 0.453944 0.179431 0.0697941 0.110066 0.832135
0 0.656406 0.501276 0.0720774 0.126738 0.831894
0 0.256409 0.31832 0.0565341 0.10632 0.829647
0 0.265888 0.134983 0.0520249 0.0959942 0.824551
0 0.719539 0.162831 0.0566307 0.111266 0.820543
0 0.728509 0.383601 0.0578218 0.11626 0.819503
0 0.113823 0.284 0.0349197 0.0843866 0.81849
0 0.325271 0.512319 0.0719021 0.110731 0.810358
0 0.454292 0.0852538 0.0683161 0.102545 0.796981
2 0.794548 0.624719 0.0627384 0.137777 0.796359
0 0.142296 0.349538 0.0314337 0.0858523 0.791616
0 0.728803 0.271538 0.0609114 0.115172 0.787901
0 0.193477 0.514683 0.0759467 0.0933507 0.78618
0 0.217781 0.15344 0.0477815 0.0904951 0.785032
0 0.144347 0.270546 0.0335439 0.101375 0.784595
0 0.212086 0.245962 0.0479146 0.0981704 0.775493
0 0.179747 0.169908 0.0365194 0.0907331 0.764022
2 0.558834 0.642704 0.13418 0.149124 0.762411
0 0.111395 0.36208 0.0363568 0.088353 0.76228
0 0.124535 0.518196 0.0627765 0.0854253 0.761995
0 0.111017 0.43691 0.0372662 0.0869347 0.75329
2 0.26032 0.515478 0.0603456 0.104207 0.751695
0 0.148324 0.188743 0.0346742 0.087934 0.750409
0 0.554098 0.275634 0.138477 0.117843 0.747468
2 0.129314 0.61718 0.0652739 0.106024 0.747272
1 0.788958 0.171212 0.0689173 0.111273 0.740491
0 0.117238 0.211011 0.0315993 0.0742612 0.735002
0 0.45509 0.0223613 0.0640348 0.0447227 0.718175
1 0.836847 0.0863261 0.0690674 0.103941 0.711762
0 0.586205 0.065553 0.0653305 0.0995789 0.707718
1 0.799262 0.386299 0.056889 0.116413 0.706268
0 0.558437 0.388446 0.139226 0.125142 0.699066
0 0.79547 0.274923 0.0589211 0.11352 0.688953
0 0.646013 0.162491 0.0517857 0.115028 0.688948
0 0.122709 0.143338 0.0316436 0.0685507 0.686933
2 0.427382 0.640448 0.130199 0.145713 0.685752
1 0.84272 0.183029 0.0522446 0.110927 0.681783
0 0.425069 0.51047 0.13377 0.118714 0.673985
0 0.66101 0.383249 0.0684893 0.123421 0.672357
0 0.175177 0.251481 0.0350499 0.0968169 0.655571
0 0.89223 0.190172 0.0577183 0.10685 0.645048
2 0.22943 0.0228713 0.0397655 0.0457426 0.636897
0 0.268919 0.0502365 0.0517851 0.0891175 0.624353
1 0.898641 0.288393 0.0568916 0.101616 0.621652
0 0.153062 0.115894 0.0334562 0.0829036 0.621101
0 0.850273 0.388353 0.0510489 0.110513 0.591235
0 0.722022 0.0649689 0.0777715 0.101292 0.585706
1 0.903122 0.39148 0.057476 0.108621 0.580668
0 0.185666 0.0942741 0.0385555 0.0804162 0.57673
0 0.956685 0.135326 0.0432341 0.0861976 0.570255
0 0.456225 0.507927 0.0707814 0.117551 0.560452
0 0.851038 0.492622 0.0516026 0.105522 0.542503
0 0.14252 0.432368 0.0289923 0.0918713 0.537168
0 0.114912 0.519679 0.0435216 0.084592 0.524526
0 0.526066 0.388402 0.0749872 0.12062 0.517805
0 0.390496 0.512604 0.0634699 0.113573 0.50959
1 0.428402 0.639267 0.129423 0.142314 0.508454
0 0.193593 0.0308979 0.0376869 0.0617958 0.500182
