0 0.32081 0.408949 0.0781428 0.116936 0.90505
0 0.321846 0.305222 0.0755125 0.114713 0.897286
0 0.791987 0.278018 0.0655198 0.111492 0.887776
0 0.32251 0.205477 0.0768292 0.105877 0.874441
0 0.521002 0.0718373 0.0750818 0.106953 0.87066
0 0.331616 0.0362801 0.070251 0.0725601 0.870085
0 0.388074 0.0951679 0.0558182 0.100623 0.868888
0 0.523641 0.278652 0.0762316 0.11462 0.868868
0 0.522821 0.172764 0.0734741 0.113534 0.861371
0 0.326815 0.111567 0.0750774 0.0986971 0.860958
0 0.847723 0.284656 0.0564701 0.108814 0.856888
0 0.391357 0.0278901 0.0541741 0.0557801 0.856222
0 0.795031 0.497054 0.0655166 0.116236 0.856053
2 0.726572 0.627386 0.0736603 0.143381 0.856019
0 0.451672 0.182135 0.0758199 0.113419 0.852273
0 0.113242 0.284448 0.0337728 0.0836867 0.851035
0 0.38806 0.19021 0.0602101 0.111235 0.850798
2 0.266436 0.626592 0.0589077 0.125115 0.850017
0 0.452169 0.286603 0.0749817 0.117539 0.847565
0 0.38699 0.295306 0.0613065 0.117869 0.843481
0 0.925857 0.393763 0.104077 0.111342 0.842797
0 0.391846 0.511216 0.0655739 0.110928 0.83819
0 0.389184 0.402542 0.0644106 0.11713 0.837859
0 0.620822 0.275176 0.128816 0.115303 0.836158
0 0.850487 0.38955 0.0523319 0.112913 0.835398
0 0.772689 0.0807913 0.0669373 0.0849886 0.834029
0 0.11176 0.359716 0.0358314 0.0836816 0.833667
0 0.191366 0.514185 0.0840592 0.0964388 0.831653
0 0.264957 0.132848 0.0549576 0.090481 0.831302
0 0.525846 0.388066 0.0747787 0.118909 0.827332
0 0.323627 0.510055 0.0739406 0.0989721 0.825835
0 0.79398 0.388704 0.0668437 0.11758 0.825151
0 0.453421 0.398121 0.0746323 0.119875 0.825066
0 0.450998 0.0824799 0.068979 0.104591 0.823271
2 0.90095 0.588016 0.0536266 0.0814335 0.821105
0 0.118599 0.209216 0.0341658 0.0786723 0.816579
0 0.842517 0.0279268 0.102103 0.0558536 0.814392
0 0.141099 0.349571 0.0294043 0.086134 0.806801
0 0.149025 0.190479 0.0344976 0.0860731 0.801794
0 0.175812 0.2558 0.0373539 0.094618 0.7993
0 0.781345 0.172006 0.0813097 0.117493 0.796008
0 0.181485 0.174532 0.0389978 0.0925857 0.795078
0 0.615882 0.0655652 0.126276 0.106343 0.792043
0 0.770089 0.0239556 0.0599649 0.0479111 0.79007
1 0.328699 0.628281 0.0687763 0.132333 0.79002
0 0.456469 0.507435 0.0684216 0.115658 0.78821
0 0.144059 0.268733 0.0338961 0.101881 0.787977
0 0.257309 0.317668 0.0612411 0.110932 0.782124
0 0.111961 0.437934 0.0387254 0.0898251 0.781345
0 0.173017 0.338654 0.0402705 0.0971362 0.779698
2 0.794793 0.62124 0.0637079 0.141919 0.771294
2 0.96047 0.586585 0.0647215 0.0842394 0.757108
0 0.726744 0.499975 0.07324 0.116946 0.755785
0 0.154429 0.118927 0.0342202 0.0759748 0.75455
0 0.721034 0.277534 0.0796062 0.114165 0.728613
0 0.617998 0.168881 0.122028 0.113243 0.726429
0 0.124538 0.138495 0.0323388 0.0713001 0.72335
0 0.258525 0.514667 0.0583731 0.100869 0.714235
0 0.91035 0.0457458 0.0437439 0.0914917 0.70992
0 0.90212 0.491451 0.0528353 0.101272 0.709464
0 0.218326 0.150542 0.0440817 0.0793011 0.702397
0 0.526882 0.506875 0.0738561 0.120903 0.701277
0 0.687364 0.166743 0.134785 0.119157 0.700685
0 0.128712 0.616359 0.0658679 0.111445 0.700326
0 0.84166 0.18052 0.0548588 0.110451 0.694408
0 0.925644 0.294082 0.110062 0.110372 0.687621
0 0.121737 0.518261 0.0581883 0.0855769 0.686455
0 0.628423 0.388135 0.13576 0.123242 0.68515
0 0.113485 0.519425 0.041715 0.0853926 0.6757
0 0.707798 0.068274 0.0709523 0.0995987 0.660662
0 0.187002 0.0970418 0.0382154 0.0808003 0.650877
0 0.222686 0.0784694 0.0390844 0.0734903 0.6485
0 0.141986 0.432072 0.0268124 0.0966644 0.6474
0 0.228958 0.021096 0.0366761 0.0421919 0.64492
0 0.892644 0.197328 0.0540808 0.0981414 0.642503
0 0.8092 0.497816 0.0946965 0.1157 0.621164
0 0.259069 0.227451 0.0595922 0.100613 0.620785
0 0.835055 0.0898548 0.0695568 0.0881078 0.610481
2 0.198772 0.621846 0.0813024 0.120698 0.596877
0 0.140651 0.0260833 0.0277457 0.0521667 0.577505
0 0.199706 0.62206 0.0791722 0.121528 0.573376
0 0.923294 0.124469 0.0387823 0.0830831 0.569173
0 0.851804 0.494682 0.0511864 0.111756 0.566763
0 0.21367 0.238915 0.0443313 0.0933372 0.56373
0 0.957083 0.135937 0.0390957 0.0826576 0.540725
0 0.194418 0.029025 0.0370549 0.05805 0.526932
0 0.907628 0.393219 0.0671379 0.111206 0.52287
0 0.557967 0.640381 0.13782 0.155272 0.50331
