0 0.12421 0.518376 0.0622211 0.0821069 0.889803
2 0.725549 0.627215 0.071619 0.136799 0.889351
2 0.199569 0.620258 0.0772025 0.112485 0.887737
2 0.265563 0.620885 0.0574913 0.113211 0.881913
0 0.123944 0.434707 0.0611461 0.0948661 0.880869
0 0.847752 0.388309 0.0507507 0.11392 0.875616
0 0.614343 0.170382 0.12648 0.10806 0.875064
0 0.391158 0.401092 0.0663273 0.10796 0.871125
0 0.321394 0.409213 0.0774003 0.113255 0.870705
0 0.32246 0.509904 0.0753683 0.105598 0.864154
0 0.321974 0.304442 0.0755285 0.11173 0.863839
0 0.51865 0.0738286 0.0679668 0.109294 0.851082
0 0.389471 0.294834 0.061607 0.119395 0.84914
0 0.454021 0.0830646 0.0703245 0.101689 0.84909
0 0.194483 0.423972 0.083466 0.102734 0.847389
0 0.19876 0.24309 0.0799975 0.103773 0.845179
0 0.615113 0.0675176 0.130584 0.107303 0.841562
0 0.61479 0.276645 0.124189 0.11257 0.834659
2 0.131034 0.618917 0.0675111 0.110026 0.834589
0 0.658023 0.632615 0.0622737 0.138518 0.83397
0 0.193824 0.513614 0.0830735 0.0917273 0.832713
0 0.846154 0.282066 0.050976 0.105491 0.831686
0 0.1096 0.360679 0.0300756 0.0825074 0.827658
0 0.3237 0.203832 0.0761124 0.108954 0.818752
0 0.519892 0.280061 0.0699261 0.114808 0.816744
0 0.153631 0.118548 0.0324765 0.0740822 0.809502
0 0.118407 0.208541 0.031962 0.0814018 0.806148
0 0.1418 0.269448 0.0356278 0.0976119 0.795954
0 0.455422 0.393912 0.0687277 0.117154 0.794819
0 0.826776 0.0925948 0.0490843 0.0963303 0.789798
0 0.147837 0.191219 0.032408 0.0760653 0.786942
0 0.262039 0.221353 0.0512526 0.0975263 0.784711
0 0.391653 0.0945753 0.0610277 0.100822 0.781335
0 0.895644 0.112271 0.0958681 0.108563 0.777916
0 0.264527 0.134782 0.0507961 0.0978025 0.777871
0 0.775162 0.0799294 0.0639359 0.0925403 0.773716
0 0.797312 0.390297 0.0530087 0.119967 0.771346
0 0.777535 0.175074 0.07958 0.112647 0.769309
0 0.836562 0.183454 0.0495525 0.111821 0.761668
0 0.193805 0.3319 0.0782365 0.101065 0.760833
0 0.1394 0.350409 0.0328731 0.0895231 0.756866
0 0.112179 0.28573 0.0305224 0.0828883 0.753509
0 0.181017 0.0413083 0.0655016 0.0826166 0.749426
0 0.393366 0.0269096 0.0616074 0.0538192 0.747872
0 0.818833 0.0263306 0.0496025 0.0526613 0.740361
0 0.201215 0.159661 0.0762503 0.0947025 0.738331
0 0.923757 0.204489 0.133859 0.120372 0.737016
0 0.519766 0.639389 0.0546724 0.138237 0.720856
2 0.267548 0.0461549 0.0528684 0.0873704 0.720404
0 0.559794 0.637272 0.135175 0.149222 0.717546
0 0.451997 0.181523 0.0724419 0.113473 0.712882
0 0.674245 0.169604 0.128853 0.108639 0.703338
2 0.900304 0.61284 0.0556602 0.133464 0.684227
0 0.82246 0.493301 0.104457 0.0986624 0.682484
0 0.525535 0.386981 0.0745001 0.114989 0.677149
0 0.785042 0.278561 0.0739595 0.110514 0.673224
0 0.139916 0.0265935 0.0335618 0.053187 0.67181
0 0.212322 0.42037 0.120496 0.109258 0.670675
2 0.426719 0.638601 0.13106 0.143672 0.660353
0 0.770227 0.0226075 0.0561144 0.0452149 0.63696
0 0.959762 0.149265 0.03943 0.0937099 0.624498
2 0.329113 0.0394052 0.0741055 0.0788105 0.618641
0 0.675326 0.0688378 0.137055 0.11166 0.602057
2 0.325969 0.111388 0.0757837 0.101676 0.601727
0 0.520007 0.174294 0.0655162 0.109422 0.600803
2 0.657755 0.634818 0.0623283 0.136067 0.596886
0 0.229378 0.320852 0.114522 0.110562 0.594581
0 0.186152 0.10566 0.0400508 0.0673299 0.593795
0 0.909885 0.198501 0.102224 0.110874 0.580112
0 0.95807 0.397837 0.0621662 0.110172 0.570332
2 0.394126 0.0268018 0.0623646 0.0536037 0.568656
0 0.596901 0.636867 0.0589043 0.143589 0.565878
0 0.45319 0.28516 0.0670916 0.113567 0.560277
0 0.991441 0.240457 0.0171179 0.0876662 0.55382
0 0.986296 0.163454 0.0272396 0.0833505 0.549208
0 0.393368 0.507384 0.0706025 0.113218 0.548207
0 0.817026 0.389817 0.093022 0.118938 0.544246
0 0.712185 0.277807 0.0707434 0.114586 0.5439
0 0.921906 0.294724 0.108522 0.113072 0.530887
0 0.390592 0.189398 0.0602212 0.106771 0.52916
0 0.259144 0.513651 0.0520959 0.10034 0.508518
0 0.202234 0.11516 0.0751936 0.0772517 0.504273
1 0.32788 0.62586 0.069766 0.127386 0.501213
