0 0.320417 0.40917 0.0778537 0.113778 0.908136
0 0.790367 0.277732 0.0678722 0.112594 0.892751
0 0.320646 0.30602 0.0765928 0.114878 0.891105
0 0.794888 0.497349 0.0658665 0.117383 0.891096
0 0.323113 0.511887 0.075669 0.104641 0.883681
0 0.3909 0.0283575 0.0531765 0.056715 0.879862
0 0.32208 0.204666 0.0760872 0.107185 0.878655
0 0.33128 0.0381221 0.070436 0.0762442 0.878074
2 0.79468 0.62284 0.0650716 0.144523 0.877719
0 0.520235 0.0722379 0.0693149 0.109101 0.872154
2 0.726225 0.62698 0.0731649 0.142506 0.870084
0 0.521544 0.174135 0.0699354 0.11319 0.868592
0 0.326823 0.111266 0.0744251 0.0971683 0.863928
2 0.26668 0.627688 0.060242 0.1277 0.862859
0 0.451085 0.0854466 0.0735077 0.104475 0.862132
0 0.621219 0.275881 0.131624 0.118087 0.854541
0 0.388385 0.09532 0.0561749 0.101353 0.852403
0 0.614274 0.0642642 0.123588 0.107146 0.849336
0 0.783001 0.173298 0.0743816 0.113981 0.847114
0 0.846145 0.285184 0.0524271 0.110116 0.845469
0 0.181074 0.173058 0.0388104 0.0888456 0.838966
0 0.52205 0.279178 0.0723799 0.111791 0.83806
0 0.111571 0.359356 0.0359446 0.0850093 0.837731
0 0.113423 0.283896 0.0342338 0.0815693 0.837234
0 0.454106 0.395324 0.0730081 0.121742 0.830898
0 0.175883 0.253941 0.0379686 0.0941096 0.829556
0 0.909762 0.0441113 0.0441544 0.0880264 0.827306
0 0.866667 0.0312948 0.0564445 0.0625895 0.819684
0 0.77415 0.0793155 0.0661419 0.090039 0.818354
0 0.193707 0.5148 0.0805634 0.0990801 0.813852
0 0.173423 0.338981 0.0389598 0.099678 0.813528
0 0.149138 0.189636 0.033657 0.0836628 0.811755
0 0.14449 0.266979 0.0329195 0.099596 0.810689
0 0.452405 0.286115 0.0727147 0.114392 0.810036
0 0.141476 0.349711 0.0307077 0.0874976 0.806413
0 0.817893 0.0251514 0.0508326 0.0503027 0.804842
0 0.79375 0.389168 0.0667828 0.117632 0.802846
0 0.118221 0.209652 0.0333981 0.0767231 0.799554
0 0.851177 0.495042 0.0509205 0.110529 0.796503
0 0.839496 0.181506 0.0549284 0.107063 0.792385
0 0.186713 0.0961731 0.0399325 0.0817012 0.791642
0 0.123925 0.518552 0.0614214 0.0870416 0.790217
0 0.154925 0.117487 0.0358326 0.0770729 0.776766
0 0.923661 0.12478 0.0411667 0.0938175 0.776451
0 0.450573 0.182624 0.0766006 0.11003 0.76922
0 0.901034 0.293333 0.0679434 0.110689 0.762709
0 0.923885 0.394976 0.102512 0.111757 0.761399
0 0.708892 0.06808 0.0736998 0.104892 0.759939
0 0.424277 0.506633 0.133137 0.118697 0.758349
0 0.123767 0.141709 0.031512 0.0650008 0.749872
0 0.891083 0.196664 0.0571041 0.102559 0.747925
0 0.770949 0.0234628 0.0598249 0.0469255 0.743427
0 0.525377 0.38937 0.073959 0.120141 0.742987
0 0.688718 0.16823 0.130126 0.116738 0.737256
0 0.195625 0.0320275 0.0366051 0.064055 0.736769
0 0.726954 0.501284 0.0720622 0.115073 0.735684
0 0.110827 0.436322 0.0353825 0.0883951 0.732887
0 0.827558 0.0890311 0.0559662 0.0901648 0.729476
0 0.217776 0.41874 0.131264 0.107703 0.728583
0 0.849493 0.389918 0.0511496 0.112585 0.728137
0 0.902774 0.493487 0.0564217 0.104453 0.720741
0 0.615456 0.169063 0.121572 0.115297 0.713441
0 0.721378 0.277152 0.0728373 0.114961 0.708837
0 0.263564 0.133233 0.0576089 0.0893884 0.705188
0 0.558705 0.506566 0.139909 0.125088 0.704521
0 0.424033 0.288151 0.128763 0.117536 0.70157
0 0.658319 0.633333 0.064633 0.145318 0.698553
0 0.390808 0.401349 0.0674949 0.116635 0.697471
0 0.141159 0.433003 0.0300316 0.0922547 0.696836
2 0.329349 0.632366 0.0679255 0.133566 0.695054
2 0.12712 0.590911 0.0657865 0.0618988 0.693487
0 0.957654 0.136755 0.0423706 0.0850948 0.673137
0 0.123745 0.436313 0.0617595 0.0890172 0.669325
0 0.951983 0.217769 0.0758514 0.103204 0.669071
0 0.25298 0.0478625 0.0922414 0.0784256 0.66645
0 0.258383 0.51535 0.058131 0.104935 0.655372
0 0.388176 0.293933 0.0628118 0.11793 0.647413
0 0.238147 0.323263 0.0976944 0.112401 0.639407
0 0.558072 0.638522 0.138578 0.151523 0.637662
0 0.878506 0.102188 0.0565868 0.0905961 0.628811
0 0.594933 0.390537 0.0694168 0.124404 0.61689
0 0.527429 0.507278 0.0758255 0.122744 0.603996
0 0.162915 0.0411325 0.0367287 0.0814892 0.600935
0 0.90256 0.394582 0.0601746 0.109872 0.592746
0 0.218521 0.514519 0.129454 0.102124 0.592269
0 0.965366 0.491764 0.0674568 0.0944468 0.587321
0 0.240625 0.227779 0.0976421 0.101136 0.568638
0 0.9621 0.309304 0.0699234 0.103728 0.567886
0 0.256623 0.320378 0.0585302 0.110399 0.551714
0 0.449861 0.0216627 0.0670063 0.0433254 0.550837
0 0.218564 0.15492 0.0444004 0.0813421 0.546581
0 0.624442 0.387505 0.132497 0.123028 0.534975
0 0.982695 0.491616 0.0345451 0.0902352 0.51904
0 0.386238 0.190067 0.056806 0.107222 0.510151
