0 0.924059 0.394615 0.104096 0.114195 0.900672
0 0.321285 0.304564 0.078248 0.114155 0.899861
0 0.320893 0.410652 0.0791711 0.119163 0.89744
0 0.791418 0.27807 0.0681581 0.113854 0.881517
0 0.331742 0.0376039 0.0696991 0.0752078 0.881029
0 0.321987 0.20403 0.0787441 0.107617 0.879624
2 0.726063 0.628511 0.0732466 0.145483 0.875982
0 0.521469 0.0735364 0.0727025 0.108484 0.873003
0 0.326502 0.111099 0.0756455 0.0954434 0.872003
0 0.451014 0.0849211 0.0727449 0.104432 0.871062
0 0.388273 0.0931898 0.0562535 0.101171 0.868928
0 0.238732 0.320123 0.093401 0.109254 0.868911
0 0.919435 0.494576 0.0906391 0.102861 0.866563
0 0.39021 0.028348 0.0513355 0.056696 0.8649
0 0.847114 0.284387 0.0527512 0.110139 0.863287
0 0.113441 0.286285 0.0334212 0.079989 0.862351
0 0.917855 0.292652 0.0977539 0.107749 0.858233
0 0.391293 0.400873 0.0670679 0.114815 0.852176
0 0.239999 0.231184 0.0949726 0.10323 0.842769
0 0.111945 0.361018 0.0352607 0.084441 0.838901
0 0.24566 0.139024 0.0947134 0.0973677 0.83879
0 0.523372 0.278848 0.0722915 0.111821 0.838447
0 0.323362 0.509107 0.0763134 0.0995936 0.833928
0 0.457585 0.396165 0.0746984 0.120029 0.832637
0 0.522934 0.17476 0.0704711 0.111419 0.830698
0 0.794945 0.390716 0.0662697 0.118602 0.825721
0 0.219549 0.41756 0.130517 0.112664 0.823029
0 0.121019 0.520448 0.0557671 0.0832345 0.819549
0 0.618898 0.277353 0.123951 0.10994 0.819066
0 0.118716 0.209461 0.0347383 0.0793277 0.818108
0 0.176343 0.253785 0.0375701 0.0921168 0.816908
0 0.181704 0.173513 0.0394552 0.0886605 0.814674
0 0.775679 0.0822713 0.0635879 0.0819756 0.814503
0 0.141632 0.35112 0.0308186 0.0903952 0.813376
0 0.144006 0.268566 0.0341565 0.0984137 0.810387
2 0.917038 0.594567 0.0868763 0.0971246 0.806825
0 0.112186 0.440927 0.0382585 0.0929708 0.802321
0 0.149559 0.191532 0.0342508 0.0822395 0.796088
0 0.77114 0.0247534 0.0607296 0.0495068 0.795297
2 0.795253 0.621603 0.0663577 0.145087 0.793796
0 0.817722 0.0249545 0.0488966 0.049909 0.792971
0 0.45568 0.284982 0.0695507 0.117149 0.787459
0 0.216163 0.513687 0.140973 0.102811 0.781621
0 0.850022 0.390365 0.0482956 0.114475 0.778971
0 0.155352 0.119359 0.0355185 0.0730829 0.76895
0 0.390649 0.294363 0.0646123 0.116971 0.766151
1 0.329425 0.627474 0.0721757 0.13556 0.765073
0 0.782307 0.172409 0.0786701 0.114595 0.761171
0 0.240083 0.513712 0.0931581 0.101089 0.758196
0 0.657766 0.631606 0.0659586 0.148323 0.755324
0 0.839743 0.180717 0.0527805 0.111886 0.746212
0 0.923521 0.125244 0.0394537 0.0869429 0.739453
0 0.174184 0.340491 0.0410807 0.100974 0.732925
0 0.124676 0.138051 0.033123 0.0683305 0.729366
2 0.223051 0.624532 0.1457 0.131381 0.729083
0 0.685587 0.168046 0.132189 0.118612 0.726343
0 0.908273 0.198027 0.088459 0.102238 0.724605
0 0.982434 0.4957 0.0351328 0.0966196 0.717232
0 0.91068 0.0447874 0.0412197 0.0895748 0.716619
0 0.453429 0.181807 0.0733793 0.111716 0.715722
0 0.388693 0.189551 0.0610608 0.11161 0.715358
0 0.560361 0.506455 0.137472 0.123356 0.700413
0 0.828748 0.0891613 0.0559357 0.087941 0.699379
0 0.252768 0.0505662 0.0953723 0.0857047 0.696913
0 0.450666 0.0212971 0.0730164 0.0425942 0.696003
0 0.866329 0.0291402 0.0544678 0.0582804 0.684495
0 0.142329 0.43643 0.0269381 0.0982157 0.680369
0 0.187707 0.0958314 0.0385899 0.0808492 0.668042
0 0.526564 0.388414 0.0712747 0.116749 0.659929
0 0.558849 0.640314 0.136817 0.152155 0.654832
0 0.716054 0.278844 0.0824883 0.112991 0.635985
0 0.818922 0.497194 0.113951 0.115853 0.616768
0 0.795637 0.499057 0.0652828 0.110272 0.603823
0 0.974513 0.22127 0.0509748 0.0936405 0.588713
0 0.182021 0.0268156 0.0622432 0.0536311 0.585254
0 0.224206 0.623319 0.142786 0.12727 0.566689
0 0.983917 0.404838 0.0321653 0.113196 0.561883
2 0.127467 0.616859 0.0593285 0.106861 0.554388
0 0.666713 0.390067 0.170696 0.128722 0.546942
0 0.881242 0.105014 0.0531775 0.0863693 0.542427
0 0.61512 0.0671982 0.117833 0.108295 0.534283
0 0.139927 0.0258391 0.0288357 0.0516782 0.533367
0 0.682322 0.277799 0.147969 0.113197 0.529365
0 0.460496 0.509618 0.0635382 0.112336 0.511186
2 0.818674 0.623923 0.113316 0.145336 0.508734
0 0.435838 0.182666 0.109781 0.114202 0.506676
