0 0.32156 0.303878 0.0757666 0.114965 0.912194
0 0.320931 0.407385 0.0767458 0.116191 0.907464
2 0.726266 0.627556 0.0741746 0.1442 0.891881
0 0.925093 0.393896 0.102893 0.111394 0.886628
0 0.79091 0.277959 0.0663243 0.111513 0.884466
0 0.324149 0.509676 0.0738415 0.10183 0.87566
0 0.322438 0.20563 0.0757198 0.107013 0.874429
0 0.331593 0.0390499 0.0685149 0.0780997 0.873628
0 0.846768 0.284319 0.0553524 0.111015 0.87258
0 0.387236 0.0955079 0.054651 0.102602 0.869561
0 0.795698 0.49736 0.0669848 0.117271 0.868081
0 0.920406 0.294089 0.104496 0.110951 0.865456
0 0.524313 0.277936 0.0728327 0.111772 0.861641
0 0.520157 0.0723182 0.0694954 0.106425 0.861627
0 0.327635 0.113582 0.0722247 0.0974817 0.86144
0 0.113127 0.282287 0.0344549 0.0859139 0.858758
0 0.522698 0.172164 0.0721288 0.114258 0.857289
0 0.111535 0.36061 0.0357672 0.0870017 0.852104
0 0.111753 0.437613 0.0381937 0.0890427 0.850683
0 0.390945 0.0283996 0.0543347 0.0567992 0.850612
2 0.795355 0.623393 0.0660194 0.144501 0.850487
2 0.266624 0.62704 0.0578853 0.124029 0.84242
0 0.451255 0.0837489 0.073802 0.101292 0.840151
0 0.452559 0.285565 0.0763872 0.117065 0.834495
0 0.141377 0.349157 0.0308619 0.087146 0.833855
0 0.147539 0.190215 0.0356476 0.0894914 0.833797
0 0.176259 0.251482 0.0376774 0.0930776 0.832592
0 0.180868 0.173916 0.0393126 0.0912723 0.829332
0 0.91093 0.0463996 0.0415173 0.0910607 0.828522
0 0.618201 0.273941 0.124986 0.115807 0.825369
0 0.774727 0.0794062 0.064561 0.0886185 0.822436
0 0.52665 0.386347 0.0748419 0.116546 0.821609
0 0.172907 0.338268 0.0386403 0.0988127 0.81323
0 0.528358 0.507039 0.0745014 0.122006 0.811883
0 0.781834 0.173244 0.076708 0.11735 0.811361
0 0.1438 0.267602 0.0346481 0.10146 0.806897
0 0.454256 0.396502 0.0749804 0.120294 0.806218
0 0.112357 0.517882 0.0391778 0.0834495 0.805799
0 0.117204 0.209931 0.0334184 0.0804871 0.804621
1 0.32923 0.628592 0.0685793 0.131007 0.803354
0 0.186392 0.101037 0.0403262 0.0757249 0.802548
0 0.153777 0.118686 0.0363229 0.0803761 0.800676
0 0.818225 0.0246733 0.0509343 0.0493466 0.798451
0 0.264892 0.134399 0.0564184 0.0915739 0.795826
0 0.82726 0.0881143 0.0519939 0.0915042 0.794403
0 0.451117 0.182791 0.0750844 0.114644 0.792644
0 0.726824 0.499177 0.0730608 0.116914 0.786008
0 0.867011 0.0306088 0.055386 0.0612176 0.782611
0 0.839888 0.182344 0.0535725 0.115663 0.778487
0 0.388007 0.294335 0.0621732 0.117073 0.774223
0 0.922919 0.124373 0.0394802 0.0878026 0.771108
0 0.194454 0.0347037 0.0362822 0.0694074 0.767301
0 0.161816 0.0438774 0.0371195 0.0770334 0.765555
0 0.81681 0.497592 0.110299 0.116185 0.763858
0 0.386096 0.190778 0.057065 0.110663 0.762418
0 0.191106 0.513719 0.0814861 0.0949239 0.761236
0 0.456052 0.505699 0.0714754 0.10909 0.756586
0 0.123331 0.136004 0.0328467 0.0798722 0.747981
0 0.877314 0.101687 0.0577536 0.0908581 0.746591
0 0.849611 0.389416 0.0522797 0.112193 0.742864
0 0.141371 0.429886 0.027969 0.0968007 0.738716
0 0.688019 0.167283 0.132369 0.118277 0.736793
0 0.907608 0.1978 0.0898056 0.105961 0.73137
0 0.770689 0.0232816 0.0599796 0.0465632 0.727479
0 0.200253 0.622304 0.0779423 0.120791 0.725904
0 0.981855 0.491725 0.0362902 0.0905396 0.711991
0 0.919505 0.491293 0.0885555 0.102832 0.702773
0 0.228847 0.0208711 0.0376425 0.0417423 0.700742
0 0.222149 0.0851685 0.042012 0.0775484 0.699245
0 0.218477 0.154162 0.0451553 0.0855871 0.696532
0 0.626116 0.386178 0.133568 0.125479 0.690994
0 0.234497 0.417254 0.101182 0.109096 0.690574
0 0.957339 0.138676 0.0401173 0.0871151 0.688949
0 0.390191 0.401489 0.0643284 0.117798 0.680673
0 0.679206 0.0675988 0.129778 0.1063 0.660997
0 0.391224 0.509399 0.0642126 0.109663 0.641942
0 0.128446 0.616586 0.0666114 0.111565 0.639568
0 0.966886 0.220997 0.0385059 0.0970695 0.639255
0 0.793579 0.387692 0.0677044 0.118859 0.634767
0 0.271991 0.0443592 0.0572109 0.0860844 0.625166
0 0.612781 0.0669084 0.121733 0.106968 0.6216
0 0.172351 0.424678 0.0416199 0.102713 0.608057
0 0.658325 0.631629 0.0636877 0.143603 0.606336
0 0.426217 0.509449 0.132289 0.116567 0.602823
0 0.616016 0.168519 0.119448 0.114367 0.599088
0 0.141631 0.516378 0.0241948 0.0867109 0.593665
0 0.260168 0.224554 0.0597706 0.0943734 0.592643
2 0.918015 0.597132 0.0875237 0.103887 0.582798
0 0.716829 0.277551 0.0860495 0.113349 0.579098
0 0.237929 0.326075 0.0979649 0.103277 0.552863
0 0.59626 0.504611 0.0652763 0.120576 0.537386
0 0.256901 0.316485 0.0598022 0.107005 0.532055
0 0.675965 0.275502 0.16495 0.115773 0.532054
0 0.945208 0.0562599 0.0378723 0.0855763 0.526316
0 0.22278 0.069767 0.0409886 0.0553888 0.522148
1 0.980363 0.589144 0.0357529 0.0997643 0.514421
0 0.213696 0.236693 0.0438492 0.0917121 0.510157
0 0.851479 0.494429 0.051 0.110278 0.501225
