0 0.911074 0.235829 0.0684715 0.12535 0.904644
2 0.753157 0.557069 0.164586 0.210358 0.875872
0 0.897044 0.115239 0.0657211 0.11574 0.865505
0 0.153411 0.333181 0.0248665 0.0655311 0.851729
0 0.886379 0.0307217 0.0636181 0.0614435 0.845216
2 0.560899 0.106912 0.0494917 0.0763925 0.83378
0 0.153045 0.269836 0.0244624 0.0644214 0.831522
2 0.572801 0.331889 0.0437605 0.0744753 0.823162
2 0.568547 0.257105 0.0460857 0.078367 0.818287
0 0.155342 0.397062 0.0252095 0.0646163 0.815302
0 0.176024 0.33638 0.0225912 0.0634345 0.810551
0 0.177418 0.397042 0.0231979 0.0606641 0.80936
0 0.15336 0.208967 0.0234526 0.0657473 0.803883
0 0.0557127 0.169517 0.0286939 0.0743091 0.795686
2 0.55956 0.0386711 0.0443579 0.0654941 0.783995
1 0.476495 0.959131 0.0663818 0.0620375 0.783722
0 0.175557 0.275073 0.0210662 0.0621468 0.776832
0 0.0519576 0.397516 0.0315306 0.0763558 0.768754
0 0.738673 0.246085 0.169644 0.139599 0.767609
0 0.0830786 0.176476 0.0269522 0.0745464 0.761149
1 0.531894 0.954958 0.0391838 0.0677514 0.75757
0 0.800716 0.11144 0.138083 0.122706 0.754809
0 0.175342 0.21776 0.0209887 0.0604037 0.752817
0 0.918457 0.362016 0.0645783 0.123764 0.74058
0 0.0536304 0.242367 0.0312667 0.0826777 0.737002
1 0.0174899 0.402065 0.0349797 0.0823691 0.728262
1 0.12158 0.396842 0.0471162 0.0705331 0.726695
1 0.0179647 0.480278 0.0358765 0.0809736 0.724783
0 0.0522361 0.321385 0.0307421 0.0791697 0.72076
0 0.175291 0.162282 0.0211547 0.0585689 0.715872
1 0.574084 0.952564 0.0430761 0.0682691 0.712978
0 0.848501 0.236366 0.0628828 0.128542 0.711418
0 0.154554 0.152647 0.0236104 0.0587529 0.711369
2 0.535263 0.335719 0.0315344 0.0741772 0.70952
2 0.0841659 0.114991 0.0255916 0.05751 0.684694
1 0.0176691 0.319241 0.0353382 0.0910005 0.67738
0 0.0821482 0.322365 0.029738 0.076892 0.674448
2 0.854639 0.366986 0.0646181 0.125899 0.668592
0 0.744003 0.386524 0.167185 0.146304 0.649061
1 0.143655 0.54804 0.0420032 0.105329 0.647443
2 0.565975 0.18037 0.0450396 0.0777299 0.646334
0 0.0824212 0.248111 0.0280042 0.0808353 0.638846
1 0.0940046 0.575488 0.0462179 0.125 0.629897
2 0.0833371 0.395185 0.0316859 0.0729011 0.628747
0 0.687643 0.0253441 0.0794549 0.0506882 0.621256
0 0.193938 0.172984 0.0165819 0.054248 0.620991
0 0.199588 0.454255 0.0199265 0.062156 0.617261
0 0.952916 0.188927 0.040292 0.0360355 0.609577
0 0.824469 0.0278071 0.0650625 0.0556143 0.603194
0 0.17956 0.457042 0.0232498 0.0612733 0.59748
0 0.977473 0.356518 0.0185547 0.0450905 0.582156
0 0.199563 0.397189 0.0231075 0.0584451 0.569004
2 0.9604 0.357133 0.0228394 0.0454515 0.567073
0 0.243531 0.346866 0.0162305 0.0515253 0.563675
0 0.0779101 0.0292079 0.0492049 0.0584159 0.545926
0 0.0528806 0.479494 0.0334495 0.0896783 0.545879
0 0.15531 0.105767 0.0232862 0.0457702 0.531917
2 0.085324 0.475491 0.0344337 0.090546 0.530708
0 0.126173 0.194735 0.0320338 0.0764882 0.527335
0 0.732697 0.113963 0.162353 0.132426 0.526111
0 0.0834469 0.11366 0.0262823 0.0573517 0.52409
2 0.988537 0.271291 0.0228153 0.0463096 0.52093
0 0.203971 0.284551 0.0354401 0.0596142 0.520888
2 0.990283 0.314208 0.0192741 0.0454199 0.508903
0 0.193851 0.122303 0.0169899 0.0546797 0.507179
