1 0.552072 0.223561 0.0755279 0.101678 0.896452
1 0.613031 0.223209 0.0421291 0.106986 0.89594
1 0.553875 0.331837 0.0747268 0.1183 0.894468
2 0.215125 0.0857774 0.0666214 0.0614434 0.888126
1 0.614607 0.335507 0.0417261 0.120113 0.884131
1 0.656633 0.220831 0.0412324 0.111165 0.878751
2 0.215266 0.145429 0.0673264 0.0631275 0.877703
2 0.279026 0.0274647 0.0602684 0.0533612 0.876614
2 0.608767 0.126639 0.0432969 0.0822941 0.871478
2 0.548719 0.131462 0.0757703 0.0748872 0.871065
2 0.546896 0.0545793 0.0775589 0.0865376 0.868712
2 0.215546 0.0288711 0.0650766 0.0554046 0.867257
1 0.163454 0.152404 0.0336374 0.0622791 0.866102
1 0.657916 0.336172 0.0420111 0.11922 0.86528
1 0.656876 0.453546 0.0431835 0.106558 0.860387
1 0.736489 0.224325 0.0258823 0.0979749 0.858704
2 0.652901 0.122702 0.041637 0.0840685 0.857185
2 0.692772 0.121215 0.0321707 0.0855386 0.854416
2 0.27944 0.137182 0.0584504 0.0571974 0.851117
1 0.614817 0.451977 0.0416208 0.113769 0.850185
1 0.55393 0.444799 0.0762717 0.104787 0.844923
2 0.608408 0.0441286 0.0435818 0.0837725 0.836716
1 0.165677 0.0306759 0.0369683 0.0558496 0.834463
2 0.652648 0.0396473 0.0402597 0.0792506 0.83427
2 0.279429 0.0815901 0.0605238 0.0547324 0.802695
1 0.736868 0.317448 0.0250982 0.0863136 0.801805
2 0.692876 0.0399336 0.0336222 0.0798673 0.798055
1 0.694161 0.331844 0.0286642 0.111598 0.783472
2 0.759031 0.15025 0.0201153 0.0705065 0.766141
2 0.056717 0.131617 0.0127656 0.0353646 0.750656
2 0.324745 0.0287181 0.0278814 0.0509106 0.747159
1 0.353963 0.083111 0.0268383 0.0361939 0.74327
2 0.279379 0.179991 0.0557328 0.0326491 0.742044
2 0.0590825 0.0739443 0.0129638 0.0287489 0.741783
2 0.0574946 0.101668 0.0125768 0.0279265 0.73418
2 0.0528959 0.178429 0.0168463 0.0524022 0.707902
2 0.693006 0.221323 0.0296338 0.11444 0.707106
2 0.755115 0.0844967 0.0165543 0.0663263 0.706218
1 0.487663 0.447216 0.0554556 0.0866062 0.70235
1 0.163865 0.0906089 0.0333272 0.0629123 0.701374
2 0.0446319 0.105961 0.0131137 0.0325449 0.691037
1 0.760554 0.309739 0.0207317 0.0807561 0.649597
0 0.0718877 0.321559 0.0182104 0.0354374 0.646401
2 0.00748078 0.0953413 0.0134169 0.0307528 0.643693
1 0.485957 0.347912 0.0566643 0.0674823 0.636993
2 0.735387 0.138066 0.0254452 0.0847911 0.63138
2 0.715505 0.131371 0.0167025 0.0862791 0.629466
1 0.353816 0.0461373 0.0287294 0.0414451 0.6227
2 0.025712 0.0882568 0.0228472 0.0320659 0.622105
2 0.325527 0.175934 0.0318475 0.0307218 0.620746
2 0.727727 0.0605975 0.0198486 0.0772976 0.620486
0 0.027712 0.234288 0.0329434 0.0405437 0.617153
2 0.621063 0.971629 0.0189369 0.0567424 0.605347
0 0.0279876 0.268727 0.0334106 0.0366383 0.58875
0 0.00516261 0.152758 0.0102313 0.0316998 0.568489
2 0.0454751 0.077413 0.0139728 0.0310874 0.56564
0 0.067267 0.253893 0.0210856 0.0372661 0.565425
2 0.0360267 0.18563 0.0164179 0.0586874 0.563839
0 0.0696376 0.219113 0.0164714 0.0381316 0.560706
0 0.024648 0.142995 0.027314 0.0409595 0.560449
1 0.162987 0.292454 0.0323852 0.0835715 0.558495
2 0.74182 0.0720176 0.0136278 0.073019 0.548818
1 0.716312 0.224154 0.0162313 0.105397 0.538833
2 0.325868 0.132939 0.0310412 0.0510608 0.538182
1 0.0725914 0.357465 0.0165065 0.0384401 0.536649
0 0.0306392 0.302832 0.0293508 0.0375053 0.536118
1 0.484882 0.225584 0.0561851 0.0788884 0.529429
0 0.0489675 0.029265 0.0147063 0.0284415 0.528361
1 0.0134475 0.0141091 0.0141542 0.0282182 0.527991
0 0.0630309 0.0224365 0.016317 0.02618 0.527695
0 0.325603 0.0797327 0.0292804 0.0508245 0.526969
0 0.0045991 0.184337 0.00894078 0.0366183 0.520582
