0 0.608151 0.0704892 0.0236044 0.0355784 0.823001
0 0.603565 0.038591 0.0258749 0.0327263 0.80994
0 0.617483 0.174712 0.0230999 0.0377902 0.805914
0 0.624495 0.244302 0.0233303 0.0359275 0.780942
0 0.620802 0.209609 0.0228489 0.0376337 0.78048
0 0.98515 0.312436 0.0287489 0.038059 0.76073
0 0.982965 0.275721 0.0286492 0.0398153 0.748266
0 0.614513 0.139686 0.0246178 0.0400651 0.741218
0 0.323235 0.286997 0.118928 0.192858 0.729449
0 0.978006 0.238273 0.028175 0.0404535 0.724046
0 0.627114 0.281748 0.0246954 0.0397592 0.717649
2 0.501876 0.30551 0.03184 0.110106 0.699914
0 0.97384 0.203206 0.0296615 0.0415488 0.699528
0 0.599925 0.0121885 0.0271973 0.0243771 0.662122
0 0.393639 0.435456 0.0460463 0.137287 0.650529
0 0.6272 0.0358687 0.0240501 0.0372434 0.628522
0 0.961557 0.313637 0.0207211 0.0367945 0.626795
0 0.689037 0.089259 0.031871 0.0380385 0.620206
0 0.68363 0.0557487 0.0349184 0.0391038 0.617585
0 0.629151 0.318525 0.0250348 0.0401858 0.614279
0 0.611415 0.104686 0.0247607 0.0355412 0.613237
0 0.697879 0.158567 0.0264814 0.0389363 0.604755
0 0.971512 0.167034 0.0288301 0.0423852 0.595369
2 0.535684 0.389121 0.0167307 0.0734365 0.586519
2 0.453451 0.417701 0.0772543 0.118265 0.582494
0 0.443436 0.29241 0.0730345 0.142189 0.579537
0 0.701125 0.19342 0.0276235 0.0365828 0.578287
0 0.647267 0.0623596 0.0399752 0.0399875 0.553306
0 0.644337 0.0977059 0.0394101 0.039906 0.543472
0 0.65114 0.0310037 0.0297431 0.035495 0.543253
2 0.549551 0.384274 0.0183351 0.0701686 0.537538
0 0.497104 0.216544 0.0275543 0.101453 0.519753
0 0.638675 0.0655339 0.0402941 0.0368189 0.504034
2 0.434366 0.166732 0.0750504 0.145243 0.503545
