1 0.849344 0.390125 0.0472717 0.111805 0.887152
2 0.322951 0.207178 0.0770228 0.113388 0.874604
0 0.455272 0.0822904 0.067929 0.102158 0.864701
2 0.324584 0.115462 0.0762426 0.106416 0.859398
2 0.266454 0.62702 0.0594339 0.122493 0.853369
0 0.523574 0.073961 0.0729958 0.105674 0.842524
2 0.320333 0.305803 0.0777412 0.111637 0.839511
0 0.321781 0.510151 0.0812383 0.101904 0.838709
0 0.237676 0.320641 0.0903765 0.109135 0.831428
1 0.849493 0.620938 0.0499681 0.150386 0.823352
0 0.559602 0.639402 0.136142 0.150249 0.817274
1 0.329929 0.62878 0.0713102 0.142071 0.814404
0 0.184505 0.513154 0.0881684 0.0880973 0.811328
0 0.424976 0.51275 0.129959 0.122915 0.808625
0 0.117019 0.20763 0.0343509 0.0885805 0.794743
0 0.110503 0.43679 0.0354203 0.0820787 0.788207
0 0.658048 0.635767 0.0638424 0.136842 0.784035
2 0.913868 0.293757 0.0922188 0.114688 0.776515
0 0.11604 0.518578 0.046428 0.0838737 0.769836
0 0.460195 0.395582 0.0601544 0.114744 0.769473
2 0.392915 0.028302 0.0583343 0.056604 0.745271
2 0.326895 0.0364466 0.0776932 0.0728933 0.738251
0 0.176542 0.424326 0.103069 0.10139 0.733129
0 0.393212 0.402139 0.0656805 0.108803 0.724053
0 0.23916 0.224757 0.0920795 0.102858 0.720464
0 0.109058 0.36261 0.0300286 0.0774156 0.704775
2 0.199805 0.624903 0.0781768 0.115642 0.702026
0 0.112304 0.288391 0.0322463 0.0768055 0.695245
2 0.130497 0.618503 0.0648531 0.104045 0.690648
1 0.791707 0.389295 0.0731688 0.114937 0.690142
0 0.619904 0.0650624 0.134206 0.105358 0.684712
0 0.923072 0.495436 0.0988308 0.102867 0.664646
0 0.559792 0.509286 0.137176 0.128814 0.66134
0 0.68525 0.167129 0.141281 0.114462 0.660602
0 0.522936 0.279917 0.0723936 0.115943 0.660145
2 0.234036 0.0241149 0.0544784 0.0482297 0.644358
1 0.922304 0.393499 0.0997475 0.10985 0.643718
1 0.429327 0.638747 0.130315 0.148117 0.626504
2 0.783814 0.173436 0.0727058 0.112021 0.625823
0 0.553323 0.171564 0.133116 0.116443 0.597302
0 0.428339 0.637357 0.130123 0.148199 0.596465
0 0.391827 0.0931143 0.0621244 0.104936 0.592752
0 0.123248 0.128039 0.0317465 0.0840528 0.578567
2 0.90545 0.203345 0.101251 0.115592 0.577579
0 0.424566 0.288535 0.12809 0.120903 0.575751
0 0.320412 0.409366 0.0821401 0.11425 0.575113
0 0.587567 0.39106 0.0577925 0.123951 0.572938
0 0.554674 0.278794 0.134897 0.118977 0.55871
2 0.391894 0.0939974 0.0611457 0.104171 0.547076
0 0.254076 0.416905 0.0542821 0.106105 0.540821
1 0.850924 0.494988 0.0496563 0.104861 0.537118
0 0.39125 0.293149 0.0638001 0.118386 0.529893
