2 0.0449017 0.252271 0.0897721 0.109773 0.900916
0 0.240842 0.471019 0.0878188 0.1362 0.886141
0 0.399614 0.470245 0.0875721 0.132501 0.874295
0 0.239856 0.347194 0.0883017 0.121794 0.862451
0 0.242506 0.229221 0.0864497 0.124528 0.861634
0 0.171518 0.473603 0.0570105 0.129574 0.857839
2 0.0594224 0.600651 0.0568142 0.139498 0.851214
2 0.116499 0.607057 0.0643175 0.147699 0.846596
0 0.321754 0.469369 0.0784126 0.132831 0.837309
0 0.578971 0.346799 0.0850834 0.129264 0.836532
0 0.114974 0.474502 0.0630395 0.118724 0.817459
0 0.400546 0.344557 0.0879338 0.127413 0.802607
0 0.681261 0.47039 0.128161 0.123449 0.791114
2 0.0479086 0.159422 0.0925272 0.113808 0.78553
0 0.364452 0.222713 0.162109 0.126713 0.783642
0 0.401009 0.220255 0.0870758 0.125501 0.773251
0 0.369508 0.107249 0.157492 0.113607 0.754673
0 0.683561 0.233106 0.1283 0.11843 0.736787
0 0.487161 0.344625 0.0999147 0.127413 0.731009
0 0.577002 0.469626 0.0868585 0.125296 0.724998
0 0.683426 0.129561 0.126163 0.135694 0.708388
0 0.578455 0.222255 0.0868486 0.119042 0.701798
2 0.70623 0.602784 0.180341 0.145873 0.697178
0 0.325116 0.617848 0.0764281 0.168542 0.688739
0 0.686686 0.351901 0.133526 0.129695 0.683037
0 0.573199 0.611535 0.0886813 0.158639 0.663539
2 0.042598 0.363335 0.0851959 0.118583 0.659749
0 0.489506 0.46787 0.0989405 0.128095 0.656075
0 0.172879 0.350785 0.0559642 0.122118 0.639105
0 0.818269 0.597061 0.0559299 0.138464 0.584055
0 0.581329 0.114052 0.0859198 0.107644 0.56376
0 0.173686 0.230787 0.059073 0.120646 0.545692
2 0.529354 0.221201 0.18181 0.127897 0.543531
