0 0.540995 0.736984 0.0744259 0.0722689 0.904977
0 0.814216 0.627149 0.0627235 0.0614672 0.904359
0 0.709188 0.561121 0.0668705 0.0678245 0.889818
0 0.657992 0.380975 0.0390061 0.0586627 0.888294
0 0.704776 0.685835 0.0689665 0.0649481 0.884598
0 0.815772 0.568531 0.0605286 0.0628931 0.883628
0 0.707359 0.62334 0.0667465 0.0676908 0.882209
0 0.657809 0.438237 0.0398663 0.0609531 0.881151
0 0.816087 0.51362 0.0601722 0.0601426 0.880577
0 0.542892 0.670123 0.0754314 0.0718711 0.87909
0 0.703289 0.747915 0.0698473 0.0655289 0.874308
0 0.655819 0.557814 0.0422231 0.0639434 0.873948
0 0.65732 0.496747 0.0409409 0.0618811 0.87148
0 0.710513 0.500772 0.0669429 0.0664584 0.870773
0 0.381672 0.709127 0.075855 0.0802393 0.867683
0 0.199918 0.385659 0.0607682 0.0528928 0.866772
0 0.206 0.33655 0.0615776 0.0491171 0.865928
0 0.302346 0.288999 0.0620267 0.0506417 0.865355
0 0.214086 0.28961 0.0603457 0.0477564 0.86468
0 0.760511 0.686478 0.0446486 0.0621556 0.863502
0 0.614648 0.318222 0.0490811 0.0614518 0.862439
0 0.397782 0.463786 0.0764105 0.0683857 0.861709
0 0.610216 0.553182 0.0502996 0.0662967 0.860988
0 0.761983 0.62545 0.0441296 0.0633671 0.860766
0 0.611219 0.491521 0.0511941 0.0653723 0.860127
0 0.758912 0.747795 0.044899 0.0655454 0.858316
0 0.65796 0.325383 0.0387743 0.0602823 0.855997
0 0.219534 0.243296 0.0626937 0.0472399 0.854955
0 0.329553 0.575027 0.0463867 0.0682281 0.854444
0 0.700767 0.820948 0.0741398 0.0826074 0.853068
0 0.614524 0.265316 0.0485452 0.0552076 0.850947
0 0.764115 0.451014 0.0426971 0.064325 0.850628
0 0.546069 0.606117 0.0762573 0.0713734 0.849662
0 0.764158 0.56478 0.0445688 0.0651191 0.84735
0 0.612755 0.431496 0.0504666 0.0651627 0.847212
0 0.28485 0.447805 0.0637126 0.0626271 0.845765
0 0.22232 0.19638 0.0659495 0.0495273 0.845426
0 0.448751 0.594435 0.046576 0.0693218 0.844857
0 0.333819 0.51468 0.0458596 0.0640214 0.844705
0 0.308719 0.240206 0.0622136 0.0490443 0.844149
0 0.605871 0.67884 0.050601 0.0670148 0.841676
0 0.657119 0.220626 0.0379559 0.0519114 0.840574
0 0.296332 0.338967 0.063519 0.0524168 0.840189
0 0.275064 0.562707 0.0655864 0.0651157 0.840042
0 0.764923 0.506254 0.0431959 0.0634035 0.839949
0 0.604044 0.742644 0.0518177 0.0685752 0.839559
0 0.614639 0.214435 0.0485861 0.0538354 0.839505
0 0.384048 0.645538 0.0732599 0.0721421 0.839436
0 0.337749 0.456663 0.0458889 0.0625529 0.838673
0 0.194177 0.436447 0.0595808 0.0543567 0.838189
0 0.358978 0.241369 0.0445037 0.0502048 0.837901
0 0.814807 0.457702 0.0603174 0.0631949 0.837885
0 0.657586 0.271517 0.0379467 0.0536521 0.836612
0 0.608278 0.615827 0.0501587 0.067951 0.836582
0 0.613953 0.37388 0.0495422 0.0615836 0.836542
0 0.393305 0.525099 0.0743803 0.0726386 0.835939
0 0.649286 0.746957 0.0418617 0.0680684 0.835465
0 0.342329 0.399753 0.0466287 0.0614256 0.834771
0 0.280458 0.504224 0.0633532 0.0637011 0.831605
0 0.651849 0.683489 0.0421273 0.0650008 0.830922
0 0.353326 0.291261 0.0470944 0.0537127 0.830856
0 0.38856 0.584755 0.0755121 0.0679718 0.830767
0 0.614906 0.166245 0.0476122 0.0502174 0.828985
0 0.184137 0.541167 0.0579551 0.0617368 0.827651
0 0.312335 0.191649 0.0617603 0.0500348 0.824937
0 0.362994 0.191495 0.0430717 0.0523538 0.824825
0 0.158635 0.247598 0.0593535 0.0461518 0.824495
0 0.188997 0.488363 0.0562098 0.0589443 0.824259
0 0.654597 0.128681 0.0342169 0.0431452 0.823913
0 0.267066 0.677917 0.0663246 0.0717423 0.823889
0 0.653887 0.620895 0.0427473 0.0666214 0.822194
0 0.32559 0.634735 0.0466693 0.0674343 0.822188
0 0.270452 0.621293 0.0665502 0.0701153 0.822114
0 0.486864 0.663756 0.0393267 0.0687106 0.821548
0 0.289946 0.391459 0.064374 0.0584653 0.821532
0 0.543058 0.202729 0.0349121 0.0507415 0.820749
0 0.656063 0.172928 0.0357931 0.0481187 0.820413
0 0.756199 0.241547 0.0421883 0.0546396 0.820032
0 0.443087 0.721114 0.0474148 0.0734197 0.819551
0 0.143015 0.430823 0.0481355 0.0506995 0.818871
0 0.614111 0.0792476 0.0454239 0.0445413 0.815894
0 0.709769 0.388994 0.0662122 0.0627493 0.81569
0 0.751647 0.194494 0.0402184 0.0525611 0.815595
0 0.433807 0.194011 0.0438559 0.0542607 0.814236
0 0.4847 0.72791 0.0407714 0.0727894 0.812931
0 0.139547 0.479097 0.0459463 0.0566322 0.81248
0 0.237659 0.44155 0.0353633 0.057173 0.812198
0 0.812952 0.686341 0.0652487 0.0599512 0.810954
0 0.322681 0.695091 0.0459403 0.0665139 0.810672
0 0.484787 0.0636173 0.0360344 0.038302 0.80978
0 0.614415 0.121465 0.0467771 0.0468485 0.807247
0 0.26396 0.240567 0.0321107 0.0466861 0.807032
0 0.487029 0.0246281 0.0352184 0.0387174 0.805556
0 0.65332 0.0891413 0.033808 0.0418298 0.804953
0 0.176735 0.650903 0.0580764 0.0680025 0.804622
0 0.179748 0.595808 0.0593143 0.0657604 0.804425
0 0.983525 0.579792 0.0329496 0.0495311 0.804346
0 0.613348 0.0384448 0.0446542 0.0426551 0.804116
0 0.517436 0.0657734 0.0328045 0.0386137 0.803612
0 0.745461 0.109079 0.038167 0.0423036 0.803565
0 0.489464 0.599362 0.0398253 0.0704879 0.803041
0 0.76329 0.397014 0.0420208 0.06164 0.80165
0 0.348006 0.343379 0.046164 0.0573395 0.800955
0 0.40174 0.404433 0.0777906 0.0643532 0.798132
0 0.759474 0.290244 0.042824 0.0591691 0.795916
0 0.983751 0.627267 0.0324986 0.0501117 0.79582
0 0.397948 0.192817 0.0300372 0.053554 0.795059
0 0.789361 0.251018 0.0309037 0.0552889 0.792958
0 0.14957 0.336002 0.0588504 0.0480652 0.789605
0 0.798739 0.0931922 0.0318722 0.0413408 0.789552
0 0.25036 0.337273 0.0353071 0.0514902 0.787946
0 0.257694 0.288151 0.0351053 0.0484782 0.787374
0 0.817523 0.259552 0.0305916 0.0559622 0.787297
0 0.445672 0.657185 0.047888 0.0722542 0.78691
0 0.981423 0.444486 0.0371531 0.045364 0.785777
0 0.68675 0.134665 0.0346291 0.0432239 0.78576
0 0.790484 0.02399 0.0301985 0.0387197 0.785031
0 0.784262 0.205437 0.0313239 0.0501884 0.784733
0 0.74834 0.148657 0.0394072 0.0437324 0.784576
0 0.982835 0.533823 0.0343302 0.0477121 0.784186
0 0.519021 0.0270419 0.0309989 0.0388897 0.784138
0 0.431483 0.244821 0.0433762 0.0527612 0.782186
0 0.982532 0.487956 0.0349367 0.0511484 0.781649
0 0.716806 0.140787 0.0299794 0.0428118 0.77994
0 0.515143 0.105591 0.0330206 0.0413449 0.779561
0 0.4684 0.298896 0.0422891 0.0586988 0.779358
0 0.776933 0.120852 0.0277094 0.0424316 0.779278
0 0.481403 0.104111 0.0379873 0.0429937 0.779113
0 0.983686 0.674878 0.0322811 0.0500239 0.779037
0 0.159504 0.203662 0.0450092 0.0468971 0.778907
0 0.135734 0.525471 0.0442406 0.0527192 0.777793
0 0.148429 0.383624 0.0494724 0.0486932 0.772102
0 0.942055 0.390278 0.0340887 0.047216 0.771901
0 0.544845 0.154288 0.0339037 0.0489008 0.771196
0 0.0998249 0.571177 0.0248007 0.0522544 0.77009
0 0.395243 0.24262 0.0325527 0.0498961 0.769816
0 0.232766 0.49532 0.0365168 0.0610654 0.769738
0 0.461959 0.410858 0.0461372 0.0652245 0.769668
0 0.78069 0.161532 0.0302795 0.0454636 0.768142
0 0.154811 0.290934 0.0633948 0.0462042 0.767992
0 0.688963 0.179798 0.0349725 0.0500917 0.764698
0 0.812935 0.214622 0.0308082 0.0511812 0.764296
0 0.793389 0.298683 0.0304916 0.0560788 0.764222
0 0.713908 0.100952 0.0297546 0.0407944 0.763157
0 0.223813 0.606937 0.0309248 0.065159 0.762993
0 0.807685 0.17033 0.0319349 0.047146 0.762813
0 0.267349 0.193019 0.0295917 0.0482922 0.762095
0 0.492164 0.537087 0.0381597 0.0702138 0.761521
0 0.821038 0.306017 0.0309093 0.0552488 0.760922
0 0.229012 0.551129 0.0344723 0.0603027 0.760663
0 0.684306 0.0942307 0.0334623 0.0399748 0.759481
0 0.803751 0.130219 0.0321361 0.0422716 0.755762
0 0.79409 0.0581086 0.0318762 0.0351319 0.755493
0 0.541117 0.253245 0.0349986 0.0549441 0.754641
0 0.652106 0.0503395 0.0325233 0.0397088 0.754211
0 0.690463 0.22701 0.0343695 0.0521122 0.750382
0 0.951938 0.579677 0.0324341 0.0512466 0.749874
0 0.244046 0.387829 0.0350082 0.0543118 0.743145
0 0.854262 0.272662 0.0491662 0.0535685 0.739085
0 0.811793 0.745398 0.0652641 0.063809 0.737107
0 0.92409 0.577804 0.0268477 0.0527869 0.736571
0 0.572689 0.310405 0.0368015 0.0595283 0.735992
0 0.477916 0.149107 0.0390626 0.0479534 0.735422
0 0.710403 0.444346 0.0667362 0.0643368 0.733869
0 0.76147 0.341379 0.0416966 0.0620321 0.733767
0 0.948326 0.481269 0.0346345 0.0543248 0.733159
0 0.220718 0.665374 0.0300487 0.0655077 0.732203
0 0.742252 0.0689665 0.0364261 0.0435749 0.727454
0 0.86349 0.364713 0.0482724 0.0582054 0.726974
0 0.796636 0.350476 0.0314998 0.0609275 0.726544
0 0.682194 0.0556506 0.0310871 0.039698 0.723912
0 0.718588 0.185084 0.0295452 0.0505074 0.721245
0 0.5741 0.255597 0.03495 0.0549596 0.718311
0 0.530192 0.541842 0.0396581 0.071139 0.714673
0 0.13095 0.57583 0.0438235 0.056631 0.714333
0 0.813355 0.404013 0.060639 0.0638911 0.712662
0 0.490853 0.196404 0.072991 0.051919 0.712108
0 0.850581 0.228233 0.0485897 0.0515959 0.711648
0 0.875925 0.573945 0.0607614 0.0601897 0.710674
0 0.979586 0.404352 0.039654 0.0469744 0.709323
0 0.921128 0.475969 0.0248734 0.0566478 0.708015
0 0.265625 0.75753 0.0654173 0.112738 0.707291
0 0.46507 0.353997 0.0447647 0.0608018 0.705944
2 0.481451 0.801488 0.0393953 0.0868246 0.704586
0 0.711549 0.0613287 0.0283636 0.0426502 0.694459
0 0.708925 0.332153 0.0657954 0.0644731 0.693977
0 0.103487 0.522034 0.0243792 0.0509191 0.693607
0 0.538682 0.305953 0.0356354 0.0584781 0.689293
0 0.412953 0.295614 0.0740649 0.0563952 0.68912
2 0.901267 0.794756 0.0670883 0.0746874 0.685564
0 0.865731 0.416562 0.0482349 0.0586886 0.682373
0 0.547662 0.0695831 0.0295191 0.0396303 0.681945
0 0.54645 0.109189 0.0320927 0.0412074 0.680646
0 0.946277 0.434631 0.035421 0.0514556 0.678167
0 0.452179 0.532088 0.0456341 0.0715832 0.675586
0 0.977151 0.364259 0.0412381 0.0446591 0.673869
0 0.423851 0.349132 0.04321 0.0566088 0.673522
0 0.772598 0.0823345 0.0274668 0.0441788 0.673381
0 0.320447 0.77002 0.0468964 0.0955603 0.670187
0 0.846939 0.184368 0.0498862 0.0508737 0.663703
0 0.0977911 0.620365 0.0225749 0.0538495 0.661907
0 0.391594 0.293261 0.0344654 0.0533963 0.661075
0 0.645788 0.820029 0.040676 0.0848501 0.658018
0 0.950407 0.528827 0.0327088 0.0533697 0.657238
0 0.512538 0.149721 0.0330107 0.0477687 0.654415
0 0.938198 0.348884 0.0361879 0.0493452 0.654021
2 0.809163 0.810502 0.0615867 0.0757616 0.653579
2 0.575994 0.156929 0.0320612 0.0495098 0.653404
0 0.825478 0.35502 0.0321167 0.0616163 0.65263
0 0.494146 0.14923 0.0716072 0.0483556 0.651795
0 0.854451 0.317167 0.0404831 0.0526155 0.651545
0 0.90577 0.37902 0.0423036 0.053778 0.649325
0 0.391791 0.346857 0.0481259 0.0578177 0.647231
0 0.568263 0.484722 0.0368183 0.066578 0.639632
0 0.108242 0.475197 0.0217377 0.0491944 0.637455
0 0.87405 0.62925 0.0569971 0.0601706 0.636868
0 0.922874 0.526914 0.0252441 0.0551689 0.635803
0 0.575222 0.206082 0.0331187 0.0520462 0.634191
0 0.951858 0.629903 0.0319366 0.0534254 0.632398
0 0.119422 0.383403 0.0237589 0.0460251 0.632125
0 0.114014 0.428536 0.0218202 0.046918 0.631245
0 0.650964 0.0161319 0.03269 0.0322637 0.628715
0 0.548318 0.544755 0.075381 0.0704114 0.627406
0 0.692495 0.276048 0.0349174 0.0574548 0.624575
0 0.42807 0.295711 0.0445503 0.0555966 0.622983
0 0.128404 0.62702 0.0410565 0.0586128 0.615135
0 0.471174 0.246097 0.0390167 0.0540746 0.614332
0 0.57673 0.0720508 0.0302179 0.0402856 0.612002
0 0.72132 0.232223 0.0311119 0.0527452 0.606616
0 0.900585 0.472438 0.0212538 0.0595038 0.602019
0 0.549601 0.482852 0.0749169 0.0708046 0.598354
0 0.900053 0.42412 0.0267479 0.0568975 0.598053
0 0.576912 0.0337978 0.0286654 0.0393884 0.590725
0 0.566273 0.546471 0.0387626 0.0662441 0.590573
0 0.408236 0.348765 0.0742355 0.0583711 0.589163
0 0.474888 0.196335 0.0407436 0.0516731 0.578259
0 0.868817 0.468097 0.049422 0.0610335 0.577292
0 0.556561 0.365505 0.0661225 0.0648733 0.566983
0 0.254028 0.755973 0.0895592 0.11816 0.564214
2 0.441038 0.795 0.0469352 0.0896812 0.563981
0 0.456532 0.472327 0.0449355 0.0708568 0.560478
0 0.473296 0.472816 0.0774677 0.0721753 0.559287
0 0.57104 0.363811 0.0371101 0.0649576 0.556085
0 0.507766 0.247576 0.0349005 0.0538923 0.55607
0 0.931748 0.292925 0.0321895 0.0387594 0.547603
0 0.90166 0.333519 0.0424114 0.0565979 0.546174
0 0.576527 0.112457 0.0309918 0.0431742 0.544332
0 0.895835 0.282381 0.0382581 0.0538538 0.536502
0 0.506577 0.301971 0.0363739 0.0590346 0.531142
0 0.531408 0.479277 0.0389786 0.0707747 0.527868
0 0.519948 0.358574 0.0690181 0.0646907 0.523871
0 0.167325 0.201868 0.0592429 0.0484051 0.516919
0 0.379704 0.784514 0.0785589 0.0976137 0.509771
0 0.857126 0.740622 0.0300338 0.0602946 0.507166
0 0.509997 0.198321 0.0342918 0.0501517 0.503454
