0 0.736498 0.352849 0.108279 0.124854 0.904309
0 0.362098 0.46782 0.160646 0.124401 0.896863
0 0.821079 0.469838 0.0621797 0.109339 0.888976
0 0.814237 0.159858 0.0572355 0.103881 0.888429
1 0.361575 0.617177 0.148619 0.169724 0.888271
0 0.132608 0.0448976 0.0710524 0.0897952 0.888108
0 0.818071 0.256408 0.058841 0.106361 0.8822
0 0.113021 0.353674 0.0648822 0.127198 0.880378
0 0.367704 0.108018 0.151472 0.114004 0.879546
0 0.570543 0.465214 0.0928512 0.128356 0.879174
0 0.244894 0.231569 0.0854126 0.119421 0.878165
0 0.359043 0.345324 0.157214 0.131636 0.875144
1 0.912508 0.507253 0.0235329 0.0372928 0.873553
0 0.256248 0.0287479 0.0873669 0.0574957 0.873366
0 0.646466 0.122282 0.0690757 0.113332 0.872648
0 0.819189 0.363372 0.0615242 0.115352 0.870339
0 0.175807 0.234001 0.0591706 0.119886 0.867196
0 0.0589557 0.256621 0.0547252 0.112607 0.864593
0 0.0575544 0.466697 0.0542299 0.110044 0.864081
2 0.0607319 0.595198 0.0518457 0.151284 0.861609
0 0.114475 0.467731 0.0654751 0.114507 0.860546
0 0.122878 0.138966 0.0701571 0.111114 0.857957
0 0.647014 0.23271 0.0736408 0.116266 0.855991
0 0.0198851 0.263797 0.039712 0.107986 0.855831
0 0.115653 0.243013 0.0716648 0.117416 0.852642
1 0.956308 0.511331 0.013735 0.0390287 0.849675
0 0.482896 0.464836 0.090498 0.124523 0.84937
1 0.889182 0.505927 0.0227106 0.0366947 0.849283
0 0.362571 0.222433 0.157196 0.126104 0.849269
0 0.647821 0.347887 0.074044 0.128672 0.848959
0 0.806712 0.0667728 0.059835 0.0996508 0.847687
0 0.0167687 0.46728 0.0335373 0.109809 0.84626
0 0.726403 0.0452869 0.107524 0.0905738 0.844856
0 0.190885 0.0377475 0.0544017 0.075495 0.841611
0 0.565042 0.223439 0.0973295 0.116708 0.83975
0 0.0670664 0.153414 0.0531274 0.108272 0.835943
0 0.0165887 0.364744 0.0331774 0.118591 0.835599
0 0.643714 0.0368927 0.0672246 0.0737853 0.835431
0 0.56281 0.343979 0.10045 0.132473 0.832463
0 0.212756 0.466617 0.144207 0.125369 0.830496
0 0.240622 0.345511 0.0858548 0.121828 0.824638
1 0.968815 0.512719 0.0125484 0.0389323 0.82277
0 0.735669 0.242101 0.109849 0.121574 0.822136
0 0.478386 0.343351 0.0798445 0.131918 0.817292
0 0.737597 0.465188 0.109257 0.11515 0.815666
0 0.170317 0.350152 0.0592905 0.125294 0.812004
1 0.936968 0.509135 0.0215967 0.0373585 0.811276
0 0.116763 0.597355 0.0640452 0.152524 0.80545
0 0.249782 0.115591 0.0897512 0.119414 0.754494
0 0.565307 0.0296314 0.104176 0.0592627 0.749769
0 0.732994 0.136256 0.110119 0.109972 0.745121
0 0.181442 0.125408 0.056567 0.112121 0.743187
2 0.480577 0.614436 0.0885737 0.173667 0.728066
0 0.477481 0.22369 0.082281 0.117943 0.720742
0 0.527518 0.107997 0.17523 0.124785 0.718159
1 0.982333 0.515393 0.0150634 0.041557 0.714568
1 0.872106 0.503116 0.0124771 0.0335758 0.702784
1 0.994994 0.519946 0.00998788 0.0455122 0.669665
0 0.369611 0.0285306 0.150285 0.0570613 0.667823
0 0.013581 0.0270452 0.0271061 0.0540903 0.653468
0 0.816351 0.595211 0.057535 0.13807 0.644964
0 0.0230005 0.164064 0.0445251 0.0969082 0.641148
2 0.0200504 0.59279 0.0401008 0.14549 0.634164
0 0.218103 0.607332 0.141784 0.162243 0.600005
0 0.763116 0.594961 0.0520887 0.142018 0.593963
0 0.00981518 0.0888218 0.0196304 0.0794295 0.579553
0 0.0751116 0.0543818 0.0525753 0.0964842 0.579383
0 0.566485 0.112428 0.0966889 0.11217 0.570759
0 0.569132 0.612321 0.0875008 0.16397 0.554342
0 0.240464 0.465443 0.0875921 0.125705 0.550799
0 0.762098 0.248118 0.0558245 0.115973 0.531821
1 0.860713 0.50304 0.0129147 0.0342575 0.517088
0 0.65043 0.465088 0.0742515 0.114818 0.508895
