0 0.141479 0.467399 0.115655 0.120461 0.909473
0 0.24472 0.227403 0.0850329 0.119671 0.900001
0 0.819035 0.358401 0.0588112 0.113751 0.899111
0 0.81371 0.156498 0.0557934 0.104983 0.898605
0 0.364432 0.342506 0.164397 0.135292 0.888105
0 0.822224 0.468155 0.0585159 0.110603 0.887843
0 0.240536 0.342191 0.0842315 0.123891 0.884479
0 0.240097 0.463476 0.0870036 0.13145 0.882241
0 0.700964 0.0430201 0.0630996 0.0860401 0.879473
0 0.648284 0.343005 0.0680351 0.123882 0.876449
0 0.647516 0.121289 0.0694294 0.113549 0.875585
0 0.0593157 0.25412 0.0574693 0.111238 0.875109
0 0.739216 0.464831 0.108958 0.11824 0.875044
0 0.646342 0.229064 0.0732351 0.116563 0.874444
0 0.362619 0.463968 0.161166 0.126911 0.873774
0 0.25304 0.1114 0.0920933 0.120638 0.867364
0 0.817336 0.253012 0.0558632 0.105645 0.867055
0 0.255396 0.0278366 0.0796967 0.0556731 0.864985
2 0.816491 0.59504 0.0575917 0.140635 0.863684
0 0.0578438 0.358378 0.0566453 0.116763 0.856596
1 0.936622 0.508128 0.0239849 0.0382175 0.854547
0 0.807254 0.0657735 0.0585764 0.0935901 0.849711
0 0.642706 0.0365007 0.0707861 0.0730015 0.849429
0 0.582692 0.463458 0.0742003 0.124872 0.849127
0 0.75442 0.05122 0.0528073 0.0958692 0.845127
0 0.141446 0.351323 0.118602 0.128507 0.84195
0 0.0574163 0.468889 0.0561794 0.11651 0.838404
0 0.761909 0.143319 0.0533579 0.105629 0.833713
0 0.0671418 0.154409 0.0561262 0.108799 0.830303
0 0.364884 0.21801 0.162025 0.12243 0.828474
0 0.0184072 0.264814 0.0367924 0.103874 0.826474
1 0.955756 0.509047 0.0158081 0.0390357 0.823382
0 0.371061 0.103307 0.152549 0.118622 0.811984
0 0.190783 0.0326285 0.0571172 0.0652571 0.804688
0 0.709338 0.130369 0.0628238 0.115706 0.803838
0 0.562888 0.0316648 0.104618 0.0633296 0.802579
0 0.0158966 0.364279 0.0317933 0.114327 0.794121
0 0.133712 0.0444886 0.072009 0.0889772 0.793888
0 0.735566 0.239562 0.110321 0.123587 0.79199
1 0.913039 0.506346 0.0228107 0.0370476 0.791041
1 0.482466 0.615281 0.085962 0.167834 0.786235
0 0.484102 0.452971 0.0860353 0.104723 0.76896
0 0.0225481 0.166056 0.0450687 0.0995738 0.768846
0 0.143161 0.236209 0.121841 0.125644 0.76274
2 0.14369 0.602956 0.115754 0.161689 0.760379
0 0.737034 0.350169 0.111154 0.12658 0.755164
2 0.568702 0.607425 0.0882536 0.161664 0.749709
0 0.123635 0.13768 0.072278 0.103496 0.747692
2 0.0595133 0.596952 0.0529115 0.144933 0.733894
1 0.889277 0.504127 0.0244606 0.0349794 0.710076
0 0.566099 0.110383 0.100148 0.112886 0.708396
0 0.0154032 0.470933 0.0308064 0.113218 0.70625
0 0.573312 0.221382 0.0845429 0.115592 0.704716
0 0.652941 0.461391 0.0722801 0.11538 0.703483
0 0.582347 0.343094 0.0699806 0.131816 0.697796
0 0.763077 0.600815 0.0522322 0.140584 0.68619
0 0.763388 0.24454 0.0544218 0.117945 0.685849
1 0.871441 0.500628 0.0111738 0.0327831 0.683999
2 0.243608 0.612179 0.0877824 0.158889 0.661353
0 0.762142 0.352286 0.0585454 0.122021 0.658458
0 0.530629 0.104916 0.169071 0.12171 0.635803
2 0.0428538 0.597447 0.0857075 0.147079 0.632273
0 0.674959 0.600377 0.124986 0.146975 0.629211
2 0.361952 0.616525 0.15145 0.173311 0.611429
0 0.183207 0.120391 0.0609101 0.115758 0.578299
0 0.0763333 0.0546143 0.055679 0.099084 0.553778
0 0.0122519 0.0239216 0.0244965 0.0478431 0.546772
0 0.531578 0.222088 0.170354 0.121957 0.546654
0 0.530876 0.341963 0.170527 0.134898 0.531927
0 0.117881 0.238904 0.0689469 0.120143 0.531879
1 0.861676 0.499374 0.0155497 0.0326514 0.527306
0 0.362343 0.615091 0.152529 0.171523 0.515354
