0 0.816779 0.256258 0.059802 0.108365 0.893698
0 0.678358 0.466583 0.127978 0.116673 0.891949
0 0.359757 0.344337 0.158772 0.133297 0.887355
0 0.811878 0.160678 0.0582173 0.104594 0.883986
0 0.113441 0.359298 0.0635372 0.126784 0.881971
0 0.360914 0.46804 0.160273 0.123647 0.880418
0 0.82053 0.466566 0.0610095 0.103428 0.8782
0 0.806138 0.0643978 0.0588344 0.0996173 0.877819
0 0.0554767 0.473055 0.0584641 0.109629 0.877599
0 0.818554 0.363691 0.0623203 0.116911 0.875558
0 0.05811 0.257242 0.0573491 0.112852 0.874389
0 0.117568 0.243902 0.0701483 0.116124 0.872409
0 0.3615 0.221299 0.156566 0.124987 0.872279
0 0.175036 0.23694 0.0592564 0.121005 0.871922
0 0.674964 0.349838 0.131263 0.130642 0.869762
0 0.123319 0.13907 0.0718787 0.108842 0.869619
0 0.369432 0.108814 0.152624 0.118883 0.862231
0 0.238686 0.345974 0.087291 0.122207 0.860282
0 0.568145 0.466268 0.103412 0.12289 0.858234
0 0.256879 0.0304341 0.0865273 0.0608682 0.854896
0 0.243257 0.230851 0.0854261 0.12191 0.854221
0 0.018006 0.266139 0.0359431 0.107089 0.851336
0 0.0662147 0.154371 0.0554395 0.102679 0.851141
0 0.0545807 0.366566 0.0589513 0.123223 0.844485
0 0.753232 0.0527624 0.0543157 0.0986393 0.840316
0 0.676188 0.234024 0.133331 0.119492 0.837941
0 0.566831 0.22538 0.100155 0.118103 0.829908
1 0.887425 0.505025 0.0225319 0.0374882 0.82808
0 0.014686 0.369457 0.0293612 0.115882 0.827909
0 0.565918 0.0329591 0.110178 0.0659182 0.823031
0 0.189821 0.0333056 0.0544482 0.0666112 0.820317
0 0.676391 0.126557 0.119913 0.116461 0.810424
0 0.132342 0.0413864 0.0676449 0.0827727 0.804984
0 0.758707 0.146242 0.052593 0.116216 0.797418
0 0.370827 0.0300116 0.148487 0.0600232 0.793237
0 0.528683 0.110115 0.179588 0.121993 0.792938
0 0.481432 0.462239 0.0851318 0.116999 0.782406
2 0.568516 0.608637 0.0904625 0.167143 0.774098
0 0.0137953 0.47262 0.0275905 0.108305 0.772498
1 0.910702 0.505888 0.0240349 0.0363611 0.772408
0 0.0741139 0.0577569 0.0518603 0.0968088 0.759689
1 0.864334 0.502769 0.0231857 0.0376484 0.753107
0 0.674579 0.0417894 0.115157 0.0835787 0.748076
0 0.225757 0.118379 0.139161 0.122244 0.736494
0 0.48142 0.343041 0.085601 0.134541 0.725885
0 0.169698 0.352075 0.0599292 0.124463 0.724912
0 0.479583 0.223177 0.0866283 0.123119 0.712909
0 0.238772 0.466936 0.0895411 0.125158 0.709654
2 0.362856 0.618599 0.151101 0.173472 0.682848
1 0.929583 0.50771 0.0122299 0.0370421 0.664777
0 0.0223431 0.165971 0.0443711 0.100532 0.661535
2 0.481584 0.613876 0.0868613 0.16942 0.659914
1 0.953944 0.509658 0.0136537 0.0399852 0.648545
0 0.0322172 0.079659 0.0379967 0.0765803 0.632727
0 0.526557 0.224811 0.178672 0.123087 0.628055
0 0.0127891 0.0257602 0.0254876 0.0515205 0.612732
0 0.760682 0.243456 0.0556526 0.122254 0.595059
0 0.0389077 0.0240365 0.0329321 0.0480729 0.593483
0 0.764396 0.465179 0.0524509 0.108202 0.579076
0 0.11345 0.473022 0.0617928 0.112246 0.573045
2 0.0597686 0.597154 0.0533697 0.148294 0.560887
0 0.76294 0.598172 0.0515518 0.147177 0.553895
0 0.141291 0.471588 0.117367 0.117878 0.552907
0 0.00889751 0.0893708 0.0177588 0.078099 0.545196
0 0.362889 0.617655 0.150918 0.173983 0.525245
1 0.816192 0.593654 0.0586257 0.143648 0.515372
