0 0.361672 0.467905 0.159591 0.123339 0.896124
0 0.132653 0.0443631 0.0705253 0.0887261 0.893613
0 0.367995 0.107975 0.153894 0.111454 0.885865
0 0.82044 0.469391 0.0620689 0.108416 0.883338
0 0.112655 0.353848 0.0639248 0.126151 0.882098
0 0.0575526 0.467671 0.0539515 0.110306 0.881029
0 0.36012 0.345942 0.15722 0.130224 0.88071
0 0.244276 0.231578 0.0854823 0.118896 0.880285
0 0.175636 0.236061 0.0597044 0.117714 0.878292
0 0.572031 0.465111 0.0925305 0.126191 0.877595
0 0.249189 0.114801 0.0902641 0.120709 0.876579
0 0.255532 0.0284233 0.0859641 0.0568466 0.868792
0 0.814406 0.160835 0.0578386 0.10889 0.868488
0 0.646733 0.121972 0.067948 0.10948 0.867836
0 0.700998 0.0431565 0.0625494 0.0863129 0.863241
1 0.911902 0.507583 0.0219846 0.0384158 0.862567
2 0.0603294 0.59513 0.0519736 0.149145 0.861027
0 0.116295 0.242678 0.0697816 0.116949 0.858357
0 0.81805 0.257382 0.0587125 0.104742 0.857725
0 0.362579 0.222016 0.155909 0.127372 0.856574
0 0.122726 0.138713 0.0697298 0.110323 0.85607
0 0.647612 0.348428 0.0705147 0.128491 0.854543
0 0.114198 0.467744 0.0642175 0.113264 0.852997
1 0.888908 0.505989 0.0233207 0.0376635 0.850529
0 0.819221 0.362336 0.061057 0.116057 0.846772
0 0.646607 0.232458 0.0720488 0.117227 0.846563
0 0.806684 0.0681562 0.0600796 0.0957651 0.846228
0 0.763382 0.248599 0.0546526 0.112875 0.845897
1 0.362102 0.617505 0.150422 0.171373 0.84423
0 0.0164598 0.468413 0.0329195 0.108877 0.843841
0 0.710284 0.13519 0.0635155 0.108404 0.843782
0 0.482652 0.464997 0.0921758 0.123888 0.842967
0 0.0190554 0.264747 0.0380326 0.107636 0.839183
0 0.239935 0.345834 0.0870738 0.122676 0.837693
0 0.0591358 0.256598 0.0567973 0.113538 0.836924
0 0.0660162 0.152595 0.0519968 0.107282 0.834672
0 0.180886 0.12763 0.0561714 0.113862 0.831678
0 0.1911 0.0382537 0.0542075 0.0765074 0.829305
0 0.0164409 0.365893 0.0328819 0.119937 0.827315
0 0.481504 0.343307 0.0847822 0.133951 0.826333
0 0.645048 0.0377526 0.0629566 0.0755052 0.823478
0 0.169894 0.350946 0.0596395 0.125468 0.819236
0 0.21267 0.465817 0.144704 0.124129 0.81648
0 0.761893 0.147034 0.051861 0.110439 0.811267
1 0.937833 0.509826 0.0233302 0.0386018 0.807722
0 0.715877 0.465217 0.0684738 0.11481 0.806516
2 0.480619 0.614869 0.0887121 0.176055 0.800157
0 0.735043 0.353889 0.110684 0.125397 0.796654
0 0.569184 0.0309582 0.104186 0.0619164 0.786349
0 0.568641 0.34513 0.0933241 0.129578 0.78605
0 0.116675 0.597348 0.064006 0.152161 0.78525
0 0.753961 0.0512909 0.0531992 0.0964986 0.77495
1 0.956641 0.51181 0.0138122 0.0402373 0.764136
0 0.765594 0.466152 0.051774 0.113208 0.745191
0 0.0222989 0.165746 0.0445978 0.0954984 0.734297
0 0.710334 0.238334 0.0618931 0.116544 0.729625
0 0.567169 0.224121 0.0955893 0.118418 0.72523
0 0.528866 0.107203 0.176176 0.123194 0.719424
0 0.649192 0.464218 0.070889 0.112637 0.710803
2 0.816242 0.595042 0.0582768 0.136683 0.678654
0 0.0754344 0.0541265 0.0521201 0.0964143 0.676203
0 0.816139 0.594001 0.0576789 0.137012 0.671496
0 0.569052 0.609416 0.0871248 0.164557 0.662516
2 0.762811 0.596085 0.0514991 0.140853 0.661076
0 0.0130087 0.0261004 0.0259546 0.0522008 0.64738
0 0.218058 0.605812 0.14166 0.16182 0.645298
0 0.565955 0.111346 0.101659 0.113585 0.64362
0 0.701193 0.352118 0.0828741 0.127509 0.632519
1 0.982606 0.51646 0.0145083 0.0439592 0.628763
1 0.966769 0.512785 0.0164946 0.0407431 0.624005
1 0.871821 0.503083 0.011149 0.0342996 0.622633
0 0.52639 0.224163 0.178191 0.121499 0.618587
1 0.961543 0.51225 0.0241333 0.0404814 0.615665
2 0.0189532 0.592563 0.0379063 0.144239 0.578613
0 0.67507 0.599165 0.127283 0.154406 0.574625
2 0.116408 0.597671 0.0627215 0.154173 0.555719
0 0.362729 0.617915 0.151678 0.174912 0.552993
0 0.0339285 0.0757488 0.0384096 0.0806101 0.519018
0 0.00973241 0.0878884 0.0194648 0.0808992 0.512816
