0 0.679266 0.464411 0.128842 0.115744 0.90073
0 0.362243 0.467612 0.162336 0.125279 0.896555
0 0.817984 0.25542 0.058475 0.107925 0.885953
0 0.678302 0.348673 0.133567 0.128711 0.885452
0 0.113326 0.356527 0.0653678 0.126463 0.883146
0 0.818915 0.360948 0.0622253 0.115322 0.882462
0 0.17597 0.235382 0.0542633 0.1204 0.881711
1 0.243889 0.61062 0.0897788 0.167047 0.880793
0 0.123745 0.137987 0.0706409 0.108778 0.880346
0 0.360646 0.344926 0.160349 0.134358 0.87775
0 0.676857 0.234546 0.13032 0.118283 0.875336
0 0.368034 0.110114 0.153429 0.116164 0.872907
0 0.117096 0.243718 0.0712202 0.120029 0.872819
0 0.821029 0.467441 0.0621457 0.107793 0.87123
0 0.813921 0.160032 0.0577076 0.109373 0.869562
0 0.765753 0.465822 0.0508589 0.109886 0.866842
0 0.0579184 0.25521 0.0576318 0.113943 0.866071
1 0.888678 0.504191 0.0242947 0.0376228 0.865496
0 0.569781 0.466328 0.0993479 0.125063 0.864292
0 0.806827 0.0646258 0.0568113 0.0991531 0.862808
0 0.6767 0.126548 0.122062 0.119748 0.862544
0 0.019096 0.265801 0.0380942 0.108915 0.855195
0 0.0672827 0.153633 0.0568399 0.108192 0.855006
0 0.363331 0.222488 0.157372 0.122974 0.854486
0 0.23925 0.344797 0.0854079 0.122925 0.854349
1 0.936562 0.508036 0.0228943 0.0390883 0.852445
0 0.482525 0.466122 0.0897857 0.122063 0.850411
0 0.0571081 0.471424 0.0525048 0.108705 0.848826
0 0.764085 0.354239 0.0538177 0.122772 0.848057
0 0.75425 0.0542901 0.0525419 0.102157 0.846554
0 0.254549 0.0306872 0.085522 0.0613744 0.842382
0 0.133016 0.0427971 0.07204 0.0855942 0.836252
0 0.760762 0.148049 0.0534658 0.111855 0.835261
0 0.113543 0.468373 0.0634855 0.1122 0.831553
0 0.763387 0.595717 0.0521757 0.148828 0.830922
0 0.484293 0.34423 0.0829355 0.128708 0.830111
0 0.244582 0.230178 0.0846881 0.118158 0.830109
0 0.56589 0.346649 0.0960516 0.12606 0.825016
0 0.70094 0.043319 0.0634275 0.086638 0.820783
1 0.912394 0.505526 0.0229912 0.0376495 0.818414
2 0.569127 0.608473 0.0885289 0.163519 0.816028
2 0.0608952 0.596861 0.0536406 0.150637 0.811515
0 0.239624 0.464709 0.0892505 0.122276 0.808515
0 0.171294 0.349512 0.058 0.122669 0.803215
0 0.0151473 0.368914 0.0302342 0.12144 0.794131
0 0.763512 0.249037 0.0541706 0.114889 0.787429
0 0.171334 0.463764 0.0564314 0.109389 0.784754
0 0.567779 0.225797 0.0949731 0.116084 0.778556
2 0.817864 0.595265 0.0599166 0.14568 0.776607
0 0.0162649 0.471511 0.0325298 0.107513 0.768748
0 0.646686 0.0371373 0.0563949 0.0742747 0.767225
0 0.225186 0.118128 0.138124 0.119148 0.764261
0 0.481092 0.223817 0.0879316 0.115449 0.759081
0 0.527596 0.108843 0.177591 0.123153 0.750647
0 0.675929 0.596267 0.123769 0.153036 0.746937
1 0.955287 0.509786 0.0139217 0.0394591 0.726746
2 0.481445 0.616025 0.0857285 0.176762 0.701347
0 0.567187 0.0316807 0.108076 0.0633614 0.687069
0 0.0755584 0.039644 0.0506848 0.0682152 0.682365
0 0.0226783 0.167415 0.0450282 0.100351 0.679604
0 0.0321701 0.0822688 0.0386499 0.0793695 0.659923
0 0.117211 0.598394 0.0631384 0.158139 0.640871
0 0.0139172 0.0259384 0.0277482 0.0518767 0.638364
0 0.0402831 0.0241075 0.0329631 0.0482149 0.630916
1 0.868246 0.503053 0.0157631 0.0369912 0.615021
2 0.191149 0.0352416 0.0524335 0.0704831 0.613457
0 0.0738336 0.0843601 0.0512444 0.0509447 0.56172
0 0.81759 0.5945 0.0594829 0.144818 0.550029
0 0.00931201 0.0896989 0.018624 0.0824056 0.546819
0 0.0554915 0.365774 0.0539501 0.126227 0.54077
0 0.526419 0.226798 0.178092 0.119239 0.530694
1 0.362919 0.616103 0.150098 0.171624 0.507668
0 0.0758208 0.0517689 0.0515913 0.0969275 0.505777
