0 0.821614 0.467077 0.0594698 0.1058 0.891313
0 0.817459 0.258237 0.059446 0.109347 0.890427
0 0.818771 0.363795 0.0615169 0.113921 0.887915
0 0.806657 0.0680337 0.0579461 0.0954654 0.884196
0 0.175999 0.235747 0.0562794 0.117864 0.883665
0 0.361215 0.468292 0.160546 0.120993 0.881433
0 0.677521 0.469211 0.126655 0.121238 0.87975
0 0.813415 0.162792 0.0584762 0.106581 0.879167
0 0.113352 0.469082 0.061672 0.109735 0.876587
0 0.0573552 0.254636 0.0577209 0.113259 0.873639
0 0.257423 0.0284276 0.0861454 0.0568552 0.868983
0 0.360035 0.347914 0.153658 0.128452 0.866341
0 0.0185756 0.265902 0.0370907 0.10724 0.865878
0 0.0573292 0.469252 0.0525427 0.107915 0.86266
0 0.700864 0.0432948 0.0634232 0.0865895 0.859258
0 0.132329 0.0438894 0.0713593 0.0877788 0.857965
0 0.648289 0.12342 0.066107 0.114414 0.856072
0 0.362159 0.223913 0.153505 0.128962 0.854155
0 0.239118 0.348608 0.0840882 0.125281 0.853468
0 0.24392 0.230738 0.0857075 0.121068 0.852425
0 0.367502 0.108195 0.149953 0.118426 0.850209
0 0.112702 0.356292 0.0635969 0.129542 0.845209
0 0.0165215 0.468091 0.0330429 0.110644 0.84333
0 0.0670308 0.154575 0.0527558 0.10495 0.842776
0 0.115827 0.242434 0.0724787 0.118206 0.842441
0 0.0561878 0.363698 0.053249 0.11619 0.84199
2 0.0602528 0.594305 0.0529778 0.149805 0.840369
0 0.190737 0.033825 0.052989 0.06765 0.840192
0 0.015526 0.365309 0.031052 0.115593 0.835798
0 0.170194 0.352131 0.0588894 0.127706 0.83435
0 0.123605 0.137612 0.0708929 0.107419 0.833258
0 0.24963 0.11413 0.0945529 0.127847 0.830552
0 0.762901 0.600097 0.0538816 0.146098 0.824128
0 0.643389 0.03644 0.065101 0.0728801 0.821502
0 0.734509 0.352976 0.111674 0.125038 0.818119
0 0.566169 0.0299866 0.104055 0.0599732 0.813052
0 0.760808 0.147738 0.0517022 0.110942 0.805714
0 0.181707 0.126099 0.057669 0.117399 0.797933
1 0.3617 0.61816 0.150977 0.171269 0.796545
0 0.753876 0.0523959 0.0537291 0.100168 0.795091
0 0.568188 0.468635 0.0965073 0.122491 0.794889
0 0.568503 0.224271 0.0951147 0.116849 0.779321
2 0.116361 0.599409 0.062031 0.156214 0.778194
0 0.239275 0.468695 0.0860979 0.117105 0.770785
0 0.815975 0.59293 0.0571324 0.144335 0.770181
1 0.91316 0.507626 0.0209475 0.0386108 0.757873
0 0.734473 0.242381 0.110369 0.124914 0.753711
0 0.646796 0.233024 0.0691061 0.120988 0.743635
0 0.47963 0.226328 0.089188 0.114784 0.737752
1 0.955251 0.509847 0.0159882 0.0384759 0.731376
0 0.708936 0.135268 0.0629863 0.108307 0.727322
1 0.481951 0.615199 0.0871374 0.177504 0.71586
0 0.527531 0.10951 0.179117 0.127514 0.715858
0 0.4839 0.3435 0.0836447 0.135206 0.691501
2 0.0171546 0.587349 0.0343092 0.139983 0.690675
0 0.483316 0.464648 0.0870034 0.119355 0.687912
0 0.646134 0.350101 0.0692215 0.129775 0.665715
0 0.0133122 0.025715 0.0265986 0.05143 0.659111
2 0.568856 0.606932 0.0887343 0.159991 0.65286
0 0.0408322 0.0222225 0.0329617 0.0444451 0.642032
1 0.96938 0.510193 0.0139105 0.0351945 0.62986
0 0.0223579 0.166528 0.0444899 0.097826 0.627251
0 0.362246 0.618175 0.150801 0.172109 0.619136
1 0.940621 0.508408 0.0147213 0.0381375 0.61587
0 0.765131 0.466674 0.0554971 0.112348 0.59965
0 0.00961813 0.0862468 0.0192363 0.0790673 0.59044
2 0.244178 0.608422 0.0883526 0.163765 0.576398
2 0.173844 0.602448 0.0545917 0.162415 0.568203
0 0.762316 0.355885 0.0553867 0.121963 0.567193
1 0.929235 0.507907 0.0118288 0.0379546 0.56184
0 0.565705 0.346738 0.0910917 0.132358 0.559918
0 0.170469 0.469729 0.0589042 0.110941 0.554782
0 0.074408 0.0595411 0.0517078 0.0975409 0.554443
1 0.872162 0.503997 0.0114401 0.0333254 0.553453
0 0.676124 0.238009 0.128622 0.122145 0.548405
2 0.675158 0.601864 0.125506 0.153453 0.546712
0 0.674495 0.601736 0.124898 0.150697 0.534411
0 0.0329799 0.0772547 0.0369035 0.0802369 0.520404
1 0.859104 0.503563 0.0141474 0.0341028 0.512612
