0 0.735655 0.240141 0.111294 0.124727 0.907402
0 0.244477 0.226777 0.0861484 0.122232 0.90471
0 0.813333 0.156167 0.0563377 0.101392 0.896773
0 0.141861 0.468111 0.11423 0.12043 0.895611
0 0.143025 0.234329 0.120357 0.121536 0.892904
0 0.818826 0.359129 0.059252 0.112066 0.892771
0 0.241304 0.342226 0.08551 0.12436 0.887172
0 0.817547 0.252462 0.0575378 0.106396 0.886123
0 0.254792 0.0278652 0.0850978 0.0557304 0.885606
0 0.822179 0.465711 0.0577339 0.108672 0.881446
0 0.649347 0.344294 0.0687267 0.121489 0.878789
0 0.365122 0.341406 0.161536 0.134933 0.877793
0 0.0588572 0.251943 0.0564656 0.11338 0.874743
0 0.249793 0.111645 0.089226 0.118228 0.870194
0 0.366254 0.463122 0.162834 0.132278 0.868331
0 0.64615 0.229787 0.0722717 0.117813 0.862862
0 0.807355 0.0652917 0.0593256 0.101402 0.858144
0 0.64677 0.121772 0.0676817 0.115542 0.857974
2 0.81671 0.592589 0.0574011 0.141178 0.854713
0 0.14104 0.350174 0.116022 0.129542 0.853028
0 0.24125 0.463052 0.0878981 0.128185 0.852994
0 0.0178555 0.262292 0.0356724 0.10581 0.846587
0 0.700216 0.0402521 0.0634655 0.0805042 0.839228
0 0.640195 0.0360544 0.068985 0.0721087 0.832179
1 0.482941 0.616894 0.0858681 0.176575 0.830411
2 0.363716 0.618074 0.154204 0.180464 0.827481
0 0.365851 0.217288 0.162597 0.122266 0.82452
0 0.732674 0.133753 0.110419 0.125221 0.820145
0 0.739744 0.46479 0.104793 0.115494 0.810457
0 0.724173 0.0450097 0.110733 0.0900194 0.791781
0 0.562305 0.030949 0.102643 0.0618979 0.7902
0 0.0682931 0.150641 0.0598901 0.108349 0.78892
1 0.0576862 0.358514 0.0544038 0.115771 0.783961
2 0.0594885 0.596049 0.0521322 0.144402 0.769039
0 0.580796 0.222156 0.0665093 0.117005 0.765844
0 0.499714 0.454806 0.102865 0.116797 0.764571
0 0.0217949 0.164086 0.0435899 0.0981759 0.747868
2 0.243582 0.612125 0.087105 0.155477 0.736786
0 0.535265 0.105335 0.157287 0.121396 0.716084
1 0.0155823 0.366522 0.0311645 0.114002 0.708625
0 0.761238 0.144236 0.0543445 0.108703 0.702696
0 0.735591 0.350199 0.108868 0.122403 0.702663
0 0.371178 0.10406 0.165191 0.117241 0.692692
0 0.577108 0.0304121 0.0718647 0.0608243 0.670636
2 0.048268 0.596472 0.074489 0.148435 0.668712
0 0.564517 0.109046 0.100684 0.116424 0.663851
1 0.0576904 0.46937 0.0549816 0.11274 0.660263
1 0.954684 0.509646 0.0139866 0.040736 0.657505
2 0.143542 0.603214 0.116292 0.16303 0.624786
1 0.888374 0.502523 0.0258709 0.0331119 0.623597
1 0.968547 0.510717 0.015176 0.0404483 0.601597
0 0.327569 0.0272924 0.0667426 0.0545849 0.592427
0 0.506668 0.340815 0.109336 0.133489 0.564486
0 0.243759 0.611936 0.0869365 0.156279 0.537996
0 0.125537 0.137208 0.0694861 0.104114 0.529907
2 0.0256908 0.0787695 0.0512438 0.0802437 0.528672
1 0.49962 0.455146 0.104175 0.114951 0.521725
0 0.0155151 0.472278 0.0310301 0.11112 0.520467
0 0.324864 0.106676 0.0693153 0.114343 0.512399
