0 0.680291 0.465998 0.128305 0.114178 0.903354
0 0.363238 0.467503 0.159201 0.127056 0.897328
0 0.175375 0.236128 0.0551378 0.119286 0.894397
0 0.676185 0.348373 0.130803 0.129912 0.89243
0 0.812568 0.157903 0.0582839 0.104973 0.891373
0 0.24839 0.115472 0.0925803 0.118462 0.88847
0 0.817668 0.254906 0.0591658 0.107519 0.887985
0 0.244483 0.229762 0.0870173 0.121381 0.883694
0 0.0575034 0.470307 0.0515252 0.1098 0.882631
0 0.240671 0.344975 0.0868699 0.122848 0.882203
0 0.818972 0.359529 0.0603078 0.113951 0.881254
0 0.567722 0.346654 0.0876129 0.130104 0.878905
0 0.763689 0.354075 0.055068 0.124034 0.878824
0 0.677143 0.232218 0.129586 0.118371 0.878295
0 0.113926 0.469061 0.0641353 0.112572 0.877057
0 0.113064 0.357343 0.0645021 0.125082 0.87665
0 0.115224 0.243646 0.0736813 0.122781 0.874438
0 0.367995 0.107267 0.152153 0.11864 0.87421
0 0.822076 0.466537 0.0602726 0.107068 0.873874
0 0.358422 0.345105 0.149669 0.128538 0.87377
0 0.762998 0.247345 0.0528981 0.114796 0.873718
0 0.181196 0.129475 0.0543584 0.104796 0.873105
0 0.240994 0.466382 0.0889907 0.12764 0.87209
0 0.572923 0.466945 0.0980696 0.120536 0.871271
0 0.131231 0.0425677 0.0710287 0.0851353 0.869843
0 0.363751 0.222258 0.15556 0.126009 0.866912
0 0.256757 0.0297045 0.0904143 0.059409 0.864406
0 0.80692 0.0618184 0.0593355 0.0963983 0.864201
0 0.483605 0.467019 0.0913958 0.122863 0.860794
0 0.123486 0.137793 0.0687642 0.107415 0.860239
0 0.67698 0.125372 0.124807 0.120113 0.859586
0 0.0187764 0.265228 0.0374845 0.108365 0.857428
0 0.482511 0.344773 0.090041 0.125725 0.856343
0 0.189765 0.0400033 0.0551458 0.0800067 0.856245
0 0.754241 0.0520629 0.0525519 0.0975038 0.84839
0 0.760029 0.145908 0.0526234 0.112275 0.84715
0 0.491213 0.105492 0.10526 0.115007 0.846906
1 0.362581 0.61825 0.152508 0.166853 0.845049
1 0.912022 0.506132 0.0228371 0.0376723 0.8441
1 0.888573 0.504367 0.0240673 0.0369125 0.842454
0 0.057269 0.257276 0.0554665 0.110539 0.841718
0 0.56913 0.223498 0.0923319 0.119241 0.837892
0 0.767831 0.466336 0.0519657 0.107743 0.837335
0 0.170904 0.469318 0.057526 0.119765 0.834948
0 0.170315 0.349745 0.0595572 0.124389 0.834427
0 0.0168837 0.470361 0.0337673 0.108879 0.819178
1 0.936277 0.508474 0.0245923 0.039422 0.815727
0 0.577381 0.111679 0.076536 0.111406 0.811239
0 0.700473 0.0427892 0.0634329 0.0855785 0.781329
0 0.578813 0.0321061 0.0856934 0.0642121 0.770705
0 0.0159093 0.367511 0.0318187 0.121646 0.768165
0 0.117426 0.597961 0.0651919 0.151024 0.764553
0 0.0644333 0.15502 0.0518854 0.108061 0.735008
0 0.645701 0.0354281 0.0576114 0.0708563 0.734682
0 0.762447 0.60033 0.0520632 0.145732 0.729096
0 0.483037 0.224933 0.0916389 0.12306 0.717398
0 0.0564381 0.365073 0.0526135 0.124026 0.704422
0 0.816597 0.593942 0.059055 0.143934 0.694632
2 0.675695 0.600822 0.125142 0.155867 0.69277
0 0.0133953 0.0261622 0.0267091 0.0523244 0.657349
0 0.0221288 0.166381 0.044091 0.0977384 0.650424
2 0.0599878 0.595315 0.0546267 0.149545 0.625361
2 0.117521 0.598777 0.0638589 0.153067 0.618381
1 0.867083 0.501502 0.0186722 0.0343704 0.603819
0 0.00885729 0.092111 0.0177019 0.086096 0.603795
0 0.371145 0.0290162 0.145255 0.0580324 0.594462
1 0.954982 0.509853 0.0142136 0.0412025 0.590401
2 0.243905 0.612195 0.0879927 0.158665 0.586899
1 0.48164 0.612453 0.0863166 0.17238 0.568368
2 0.04397 0.595759 0.086926 0.150296 0.541482
2 0.568956 0.608373 0.0901306 0.165296 0.529582
0 0.0177557 0.590318 0.0355113 0.143931 0.512238
