0 0.821687 0.466257 0.0599464 0.104156 0.887714
0 0.13294 0.043984 0.0720176 0.0879679 0.881142
0 0.81693 0.256503 0.0595001 0.10544 0.879618
0 0.113581 0.471096 0.0637226 0.116896 0.879
0 0.113037 0.355735 0.0637219 0.127746 0.87659
0 0.678674 0.464822 0.129803 0.117922 0.874413
0 0.818246 0.363379 0.0611655 0.115823 0.874203
0 0.812874 0.161539 0.0572542 0.105336 0.873221
0 0.35903 0.464567 0.164079 0.121114 0.868535
0 0.211557 0.468489 0.140484 0.123928 0.868469
0 0.057565 0.470682 0.0524648 0.113227 0.867649
0 0.675004 0.234716 0.135157 0.119263 0.864854
0 0.0575378 0.257159 0.0569277 0.112577 0.863845
0 0.0187344 0.265612 0.0373876 0.110393 0.861134
0 0.124297 0.137742 0.0696836 0.108484 0.860827
0 0.358447 0.34647 0.15655 0.131764 0.85888
0 0.806414 0.0678483 0.058669 0.0973328 0.858844
0 0.567586 0.0299892 0.102332 0.0599784 0.856237
1 0.912047 0.507467 0.0234749 0.0378908 0.853596
0 0.567226 0.466134 0.0999975 0.125135 0.852936
0 0.76039 0.146232 0.051533 0.111701 0.852164
0 0.0664067 0.153672 0.0541222 0.107588 0.850615
0 0.362125 0.222448 0.157581 0.128058 0.8504
0 0.254876 0.0292585 0.0863223 0.0585171 0.850169
0 0.114801 0.242644 0.0741806 0.117741 0.848893
0 0.368518 0.106652 0.154304 0.116028 0.842696
0 0.75388 0.0511436 0.0536842 0.0964079 0.838735
0 0.0565627 0.364335 0.0531246 0.120306 0.837366
0 0.0164864 0.46967 0.0329727 0.115678 0.834791
0 0.0158835 0.365276 0.031767 0.115783 0.832036
0 0.766352 0.464515 0.0535244 0.111023 0.829216
0 0.565609 0.34582 0.0955313 0.131784 0.822038
0 0.217953 0.231601 0.137453 0.127961 0.816685
0 0.676828 0.350915 0.129327 0.130447 0.812436
0 0.224916 0.116787 0.138506 0.122271 0.809998
0 0.762638 0.248977 0.0526218 0.114815 0.794539
0 0.211912 0.349835 0.138757 0.12647 0.765005
0 0.0220595 0.166088 0.044119 0.095403 0.764379
0 0.701238 0.0420976 0.0629628 0.0841952 0.763712
1 0.936954 0.508867 0.0242023 0.0375575 0.758894
0 0.567759 0.223759 0.0911028 0.116662 0.75763
0 0.642132 0.0375876 0.0667853 0.0751752 0.735996
0 0.0750089 0.0561436 0.0527663 0.0975667 0.719685
0 0.648308 0.123175 0.0683573 0.109876 0.702916
0 0.569227 0.112184 0.0952059 0.111794 0.694123
0 0.0333638 0.0756999 0.0397757 0.0759583 0.687832
1 0.701412 0.758694 0.177668 0.482612 0.66878
1 0.887549 0.505344 0.0249695 0.0365919 0.6639
0 0.481176 0.466297 0.0927231 0.122635 0.655352
0 0.175688 0.234616 0.0554793 0.121401 0.649791
0 0.0129701 0.025287 0.0258715 0.050574 0.623139
2 0.190121 0.0356413 0.0522697 0.0712826 0.617192
0 0.676781 0.129652 0.127619 0.118768 0.603496
0 0.708627 0.131193 0.0628956 0.108718 0.597672
0 0.237831 0.347123 0.0858187 0.121805 0.540787
0 0.762973 0.355766 0.0548841 0.121927 0.527079
