0 0.244868 0.226657 0.084872 0.123962 0.904536
0 0.813529 0.1569 0.0562051 0.102745 0.900867
0 0.142652 0.237448 0.119902 0.127142 0.900351
0 0.142702 0.468185 0.114955 0.122481 0.89342
0 0.736457 0.239837 0.109633 0.122753 0.89338
0 0.652307 0.34474 0.0650416 0.125584 0.882262
0 0.25764 0.0278087 0.0867661 0.0556174 0.878732
0 0.240818 0.341816 0.0844677 0.121315 0.877828
0 0.654165 0.455213 0.0698986 0.0972077 0.876548
0 0.36771 0.342463 0.167166 0.135883 0.874692
0 0.647116 0.228796 0.0729839 0.1157 0.874133
0 0.253948 0.112431 0.09471 0.116877 0.872988
0 0.64793 0.121856 0.0699623 0.113898 0.870066
2 0.0602542 0.597189 0.0529289 0.145714 0.866547
0 0.807808 0.0648333 0.058065 0.101183 0.864621
1 0.938208 0.507881 0.0239845 0.0380137 0.861999
0 0.24267 0.464635 0.0892359 0.126529 0.860617
0 0.0164653 0.469904 0.0329239 0.112418 0.858519
0 0.725743 0.0505642 0.111229 0.101128 0.855863
0 0.73337 0.132298 0.108084 0.120868 0.854161
0 0.0682752 0.152143 0.0603536 0.110841 0.853406
1 0.889439 0.504638 0.0241684 0.0362471 0.849121
1 0.242874 0.607903 0.0886032 0.167317 0.848608
1 0.956774 0.509376 0.0138137 0.0398639 0.848041
2 0.816325 0.596148 0.0579426 0.14365 0.847312
0 0.367571 0.463481 0.163681 0.127335 0.842869
0 0.0176252 0.264666 0.0352296 0.106008 0.841754
1 0.913126 0.505507 0.0240597 0.0364447 0.841307
0 0.141742 0.350039 0.115784 0.126322 0.83569
0 0.534991 0.105934 0.160775 0.120057 0.834861
0 0.822716 0.468517 0.0577221 0.109814 0.834631
0 0.0585598 0.256149 0.0587213 0.109879 0.834295
0 0.647478 0.0358417 0.0583952 0.0716834 0.828329
0 0.0584779 0.469328 0.0541945 0.114566 0.828164
0 0.366562 0.218291 0.16346 0.122639 0.823677
0 0.674689 0.600325 0.123936 0.145674 0.818273
0 0.817826 0.252825 0.0568625 0.105118 0.816145
0 0.819957 0.358504 0.0582641 0.1128 0.8027
0 0.73805 0.351347 0.109062 0.12514 0.802044
0 0.373337 0.10393 0.161578 0.124661 0.795726
0 0.762973 0.602371 0.0527206 0.136361 0.779387
1 0.96926 0.510335 0.0130734 0.0411244 0.773404
1 0.057846 0.360995 0.0548476 0.116142 0.767587
0 0.741211 0.466076 0.10672 0.119205 0.764672
2 0.142949 0.60494 0.114668 0.162595 0.762345
0 0.579237 0.220386 0.0736628 0.119868 0.754062
0 0.150886 0.135581 0.117381 0.11299 0.753529
0 0.563224 0.0321287 0.109147 0.0642573 0.724444
0 0.583686 0.341929 0.0797374 0.130737 0.696851
1 0.401665 0.617856 0.0755465 0.16954 0.681915
0 0.021516 0.166403 0.0430319 0.0979342 0.675141
1 0.868732 0.50172 0.0175686 0.0352476 0.658733
0 0.0160337 0.365278 0.0320674 0.113929 0.647804
2 0.0175859 0.594252 0.0351719 0.141103 0.622674
0 0.569387 0.608343 0.0877067 0.157399 0.609001
0 0.530316 0.220852 0.169604 0.121391 0.560819
1 0.483467 0.616879 0.0854244 0.167231 0.560344
0 0.585089 0.459788 0.072601 0.120439 0.544417
0 0.327165 0.0272551 0.0621484 0.0545101 0.5185
