0 0.36877 0.340662 0.172723 0.13549 0.906145
0 0.142191 0.465923 0.114406 0.117177 0.905443
0 0.82166 0.466462 0.0601609 0.111089 0.904984
0 0.820026 0.357558 0.0611366 0.114968 0.903082
0 0.738166 0.464178 0.107257 0.115939 0.893676
0 0.365615 0.463792 0.164446 0.128583 0.887418
0 0.817926 0.251831 0.0580425 0.105359 0.886391
0 0.244375 0.22763 0.0851091 0.121802 0.885203
0 0.241392 0.343001 0.0841302 0.120397 0.88329
0 0.650016 0.344283 0.0678878 0.123847 0.882644
0 0.142444 0.350508 0.115884 0.12925 0.88027
0 0.241069 0.464009 0.0876604 0.12796 0.877966
0 0.647356 0.229806 0.0708836 0.11731 0.875113
0 0.813761 0.155133 0.0559264 0.10511 0.874596
0 0.701819 0.0414415 0.0631046 0.0828831 0.870476
0 0.763411 0.600067 0.0522196 0.141346 0.865905
0 0.647429 0.121438 0.065657 0.114813 0.865043
0 0.0585719 0.253925 0.0581502 0.112658 0.860839
0 0.251307 0.111664 0.0908381 0.120434 0.856414
0 0.368533 0.21716 0.165245 0.121667 0.854301
0 0.807425 0.0610244 0.0584717 0.0962637 0.853963
0 0.0184089 0.263078 0.036772 0.106365 0.853689
0 0.0159334 0.471563 0.0318669 0.111839 0.85081
0 0.643487 0.0363278 0.066933 0.0726556 0.847098
1 0.936651 0.507609 0.0270398 0.0383518 0.845071
2 0.362064 0.619117 0.151653 0.181928 0.842398
0 0.253955 0.0280319 0.0831816 0.0560637 0.842322
0 0.14333 0.23574 0.121297 0.126543 0.840808
2 0.0604891 0.59762 0.0516027 0.146208 0.840764
0 0.735306 0.239442 0.109693 0.125114 0.83995
1 0.889123 0.502154 0.0231522 0.0333149 0.823896
0 0.537678 0.104719 0.159768 0.121348 0.820311
0 0.76225 0.143295 0.0522322 0.111079 0.814528
0 0.737206 0.352012 0.108589 0.124935 0.809144
0 0.709513 0.128444 0.0632376 0.116836 0.807889
2 0.816783 0.592882 0.057373 0.145122 0.807772
0 0.563498 0.0320296 0.109934 0.0640591 0.794093
1 0.911816 0.504668 0.0212269 0.0358534 0.788567
1 0.956537 0.509407 0.0137207 0.039805 0.771148
0 0.373188 0.104727 0.16399 0.122093 0.768362
0 0.0160529 0.365841 0.0321058 0.118168 0.754954
0 0.653532 0.460479 0.0701321 0.111699 0.751404
0 0.75497 0.0500281 0.0532465 0.0961173 0.746222
1 0.969689 0.510717 0.0134569 0.0409052 0.725992
0 0.14931 0.134421 0.118271 0.111241 0.720475
0 0.0224913 0.164704 0.0449825 0.0975381 0.711935
0 0.584771 0.462897 0.0699093 0.123114 0.711039
0 0.0690845 0.150748 0.0599903 0.107978 0.70998
0 0.0583562 0.468132 0.0553286 0.112801 0.709426
0 0.53643 0.342442 0.164645 0.131021 0.690025
0 0.536382 0.220898 0.164405 0.122382 0.688342
1 0.871703 0.498992 0.0122952 0.0323966 0.63417
0 0.763665 0.244034 0.05409 0.11937 0.615641
0 0.817068 0.59252 0.0582211 0.142912 0.610295
0 0.674552 0.599995 0.124711 0.145593 0.594522
2 0.242956 0.611698 0.0888237 0.158697 0.588449
1 0.982982 0.514676 0.0145572 0.0469364 0.583606
0 0.761784 0.352749 0.0574375 0.121558 0.582237
2 0.143605 0.604073 0.116027 0.163635 0.555366
0 0.0584278 0.358803 0.0560109 0.117674 0.535545
2 0.022784 0.594585 0.045568 0.142577 0.529852
0 0.194546 0.0243977 0.0449057 0.0487953 0.523729
0 0.578958 0.220363 0.0776785 0.119777 0.512069
