0 0.678113 0.465873 0.129311 0.119288 0.896142
0 0.362155 0.467632 0.16082 0.128381 0.892656
0 0.677292 0.349513 0.132557 0.129505 0.884346
0 0.112217 0.353867 0.0640674 0.127678 0.883246
0 0.240718 0.465699 0.0890431 0.125114 0.883109
0 0.367 0.106394 0.152424 0.115466 0.882248
0 0.0564497 0.359749 0.0536143 0.119423 0.880931
0 0.820277 0.468439 0.0628034 0.106512 0.88054
0 0.360095 0.345793 0.156309 0.131526 0.877712
0 0.813321 0.160476 0.0568251 0.106183 0.877065
2 0.362215 0.607415 0.15319 0.152778 0.876369
0 0.0576448 0.255867 0.0573392 0.112921 0.87382
0 0.17486 0.233331 0.0609975 0.120666 0.873602
0 0.0570899 0.467505 0.0537827 0.112926 0.872723
0 0.676511 0.234042 0.130613 0.119888 0.87206
0 0.818103 0.255993 0.0589176 0.105034 0.869219
0 0.249058 0.114186 0.0904102 0.120983 0.868387
0 0.122261 0.138418 0.0695127 0.109967 0.867529
0 0.254794 0.028739 0.0855455 0.057478 0.866543
0 0.8186 0.361974 0.0622173 0.115078 0.863865
0 0.23987 0.346036 0.0869298 0.121813 0.862631
0 0.76355 0.247939 0.0545078 0.113471 0.861246
0 0.0188789 0.26506 0.0376872 0.105888 0.860575
0 0.570368 0.466661 0.0934377 0.125915 0.860231
0 0.764837 0.465899 0.051873 0.112512 0.859769
0 0.806425 0.0661149 0.0581256 0.0965958 0.85773
0 0.189708 0.0382907 0.0548771 0.0765813 0.85736
0 0.132172 0.0456953 0.0734186 0.0913907 0.857032
0 0.244749 0.230108 0.0871015 0.12128 0.856744
0 0.362768 0.221382 0.155908 0.126988 0.855541
0 0.114635 0.243189 0.0725887 0.118192 0.852605
0 0.0667393 0.152086 0.0536922 0.1095 0.846782
0 0.113612 0.468362 0.063312 0.114013 0.846319
2 0.0601741 0.596151 0.0526308 0.149129 0.846097
0 0.170307 0.468329 0.05916 0.11783 0.843012
0 0.76386 0.354799 0.0544556 0.120276 0.842674
1 0.888763 0.504869 0.0240078 0.0359548 0.841846
0 0.180114 0.12534 0.0571631 0.108015 0.838241
0 0.169227 0.350663 0.0602497 0.128188 0.837293
0 0.753838 0.0502517 0.0525944 0.0957433 0.835723
0 0.568009 0.0290156 0.101168 0.0580312 0.835473
0 0.0158664 0.364471 0.0317329 0.116222 0.832725
1 0.911445 0.506695 0.0203499 0.0361624 0.831278
0 0.482082 0.466042 0.0918071 0.125135 0.827542
0 0.0162529 0.467284 0.0325057 0.114927 0.818767
0 0.761116 0.148201 0.0534172 0.112492 0.816226
0 0.567993 0.345957 0.0916796 0.128843 0.814112
0 0.527683 0.10698 0.180081 0.124093 0.803243
0 0.482383 0.342896 0.0857073 0.134841 0.799779
0 0.368766 0.0290074 0.151881 0.0580148 0.797035
1 0.96152 0.511274 0.0271328 0.0400624 0.786982
2 0.675318 0.601444 0.125548 0.153305 0.782576
0 0.701348 0.0410556 0.0626029 0.0821112 0.77753
0 0.642835 0.035025 0.0661284 0.07005 0.771735
2 0.762571 0.599571 0.0526378 0.147813 0.762007
0 0.11685 0.597207 0.0637009 0.149233 0.753833
2 0.243609 0.586515 0.087282 0.109638 0.737408
0 0.56873 0.224223 0.0944826 0.117356 0.728489
2 0.116872 0.597542 0.0622324 0.150644 0.727303
1 0.87146 0.502626 0.0107662 0.0339286 0.694701
0 0.0221543 0.165538 0.0440552 0.0981129 0.680809
0 0.527046 0.224576 0.179814 0.122162 0.671457
2 0.568947 0.607061 0.0883295 0.159709 0.664145
0 0.677716 0.128318 0.124035 0.115422 0.65211
1 0.936682 0.508841 0.0222916 0.0386951 0.6171
0 0.648151 0.121176 0.0667248 0.107676 0.616371
0 0.81616 0.595332 0.0568301 0.139766 0.592417
0 0.0132639 0.0260935 0.0264313 0.052187 0.590239
0 0.568834 0.610196 0.087656 0.163435 0.553026
2 0.0174766 0.589022 0.0349532 0.139422 0.54646
1 0.860831 0.502638 0.0143223 0.0349137 0.518818
0 0.56958 0.111148 0.0965837 0.114197 0.512623
2 0.816008 0.595625 0.0564228 0.139043 0.502525
