0 0.041716 0.47118 0.0834321 0.111224 0.893986
0 0.141085 0.469372 0.116486 0.120318 0.8823
0 0.818309 0.257626 0.0570046 0.0986587 0.871919
0 0.360146 0.342152 0.161098 0.129214 0.871908
0 0.820293 0.363353 0.0600432 0.109238 0.871437
0 0.359994 0.463514 0.160502 0.124086 0.864066
0 0.370514 0.108085 0.157413 0.11965 0.863759
0 0.0420949 0.36472 0.0841898 0.12433 0.862056
0 0.240013 0.464373 0.0841243 0.121158 0.861403
0 0.366684 0.222655 0.166552 0.120764 0.857842
0 0.574847 0.349129 0.0879934 0.130158 0.852764
0 0.81432 0.162448 0.0562706 0.102349 0.844281
0 0.680779 0.237279 0.12579 0.120989 0.836261
0 0.56603 0.465589 0.10142 0.117913 0.836075
0 0.480805 0.343929 0.0869501 0.128268 0.832024
0 0.806138 0.0685092 0.0565338 0.0967697 0.829338
0 0.476787 0.464529 0.0785451 0.125946 0.820636
0 0.676362 0.0459545 0.109616 0.0919089 0.81624
0 0.0436038 0.596013 0.0870682 0.150684 0.811565
0 0.712411 0.355688 0.158304 0.124015 0.809849
0 0.533416 0.111104 0.173665 0.123469 0.809558
0 0.044489 0.257759 0.0889781 0.116152 0.802741
1 0.568599 0.599689 0.09163 0.163312 0.801276
0 0.143997 0.239579 0.122532 0.118366 0.798463
0 0.141894 0.354251 0.118293 0.134418 0.794996
0 0.531132 0.226922 0.18117 0.122195 0.788721
0 0.187967 0.231356 0.199008 0.127186 0.785639
0 0.680811 0.130663 0.117349 0.121625 0.775415
0 0.821923 0.471257 0.0614513 0.106063 0.77124
0 0.704122 0.465804 0.176692 0.113467 0.764393
0 0.680395 0.352675 0.127015 0.131116 0.757577
1 0.936764 0.508361 0.0280949 0.0371068 0.755592
2 0.174667 0.607731 0.0547144 0.156704 0.750288
0 0.726356 0.243372 0.126108 0.119236 0.739121
0 0.18973 0.127518 0.201168 0.115476 0.705162
0 0.707212 0.0505632 0.147666 0.096456 0.678248
0 0.581202 0.11758 0.0837066 0.114482 0.670626
2 0.117018 0.601165 0.0622959 0.161788 0.667387
0 0.574879 0.0357163 0.0944449 0.0714326 0.665763
0 0.680712 0.464358 0.12414 0.111462 0.664048
2 0.0488471 0.155471 0.0944126 0.108761 0.662592
0 0.241041 0.346111 0.0854392 0.123298 0.661404
2 0.701082 0.598922 0.176768 0.159935 0.661189
0 0.703933 0.132651 0.164827 0.125106 0.656597
1 0.911727 0.507171 0.0220379 0.0364882 0.649309
0 0.203917 0.349012 0.159553 0.124594 0.575803
0 0.574835 0.227503 0.0924904 0.119019 0.55391
1 0.363089 0.610887 0.15688 0.178382 0.552818
0 0.400175 0.463357 0.0795424 0.121152 0.542256
2 0.363235 0.610805 0.155859 0.177589 0.540802
1 0.889366 0.506079 0.0238499 0.0363879 0.520704
1 0.0156798 0.0276841 0.0313597 0.0553682 0.511187
