0 0.735016 0.353272 0.111419 0.123392 0.903483
0 0.363001 0.467749 0.160942 0.123697 0.897067
1 0.48163 0.613778 0.0878968 0.174179 0.89064
0 0.735325 0.241924 0.110793 0.122246 0.888463
0 0.813936 0.15981 0.0578369 0.10516 0.885594
0 0.571205 0.465137 0.091633 0.12592 0.884856
2 0.0607161 0.59522 0.0527469 0.151286 0.884284
1 0.362094 0.617647 0.14894 0.168732 0.883202
0 0.820702 0.469939 0.0618749 0.108299 0.882416
0 0.133349 0.0449768 0.0707016 0.0899536 0.882236
0 0.367346 0.108575 0.150424 0.111593 0.881362
0 0.0576457 0.466535 0.0541319 0.11007 0.881109
0 0.112463 0.353648 0.0644939 0.126929 0.879894
0 0.818113 0.257132 0.0591021 0.107106 0.875327
0 0.359522 0.346077 0.156683 0.128922 0.873285
0 0.244214 0.231318 0.0853655 0.118837 0.873112
0 0.255795 0.0278077 0.0848752 0.0556154 0.872639
0 0.17446 0.233503 0.0596836 0.117209 0.871699
0 0.646606 0.122287 0.0681172 0.110131 0.870509
0 0.114259 0.467722 0.064945 0.114402 0.870278
0 0.819048 0.363178 0.061742 0.115543 0.867416
0 0.806416 0.0655591 0.0607506 0.0968615 0.867028
0 0.362139 0.222828 0.157813 0.127953 0.863604
1 0.912404 0.507605 0.0227885 0.0379945 0.861747
0 0.64667 0.232629 0.0730141 0.117407 0.858908
0 0.114962 0.243299 0.0732869 0.118587 0.853864
0 0.725676 0.0476934 0.107872 0.0953868 0.853469
0 0.123357 0.138075 0.0704482 0.112265 0.852977
0 0.239481 0.345342 0.0880378 0.122052 0.851056
0 0.0164219 0.467597 0.0328438 0.11077 0.850968
0 0.64702 0.347617 0.0700718 0.127328 0.849245
0 0.483429 0.462772 0.0930944 0.118321 0.849118
0 0.73235 0.135995 0.110319 0.106501 0.846236
1 0.889301 0.506197 0.0229423 0.0370522 0.845515
0 0.0582555 0.256392 0.0572739 0.115101 0.844348
0 0.0190731 0.265777 0.0381026 0.103547 0.840239
0 0.250136 0.115452 0.0926389 0.121033 0.834748
0 0.0671494 0.154211 0.0544925 0.110982 0.833242
0 0.642989 0.0376836 0.0695152 0.0753672 0.831233
0 0.170194 0.348417 0.0588766 0.125758 0.826644
0 0.191553 0.0388676 0.0536598 0.0777353 0.82638
0 0.0160299 0.364714 0.0320598 0.118212 0.826346
0 0.737341 0.465461 0.110387 0.11418 0.823041
1 0.937817 0.509625 0.022982 0.0381982 0.815033
1 0.956441 0.511828 0.0145305 0.0399791 0.809003
0 0.240201 0.466106 0.089035 0.124391 0.806133
0 0.564668 0.0299649 0.107025 0.0599297 0.787039
0 0.180622 0.126894 0.0564052 0.112287 0.783021
2 0.762429 0.601525 0.052175 0.146343 0.782899
0 0.480658 0.34419 0.0836714 0.132332 0.782292
0 0.567754 0.344522 0.0936545 0.130857 0.778424
2 0.243924 0.61106 0.088603 0.157599 0.771687
0 0.526756 0.107377 0.178602 0.121966 0.770593
0 0.116551 0.597395 0.0628204 0.152993 0.761299
0 0.0224299 0.166208 0.0448597 0.0999076 0.740588
1 0.98294 0.516121 0.0155722 0.043628 0.702252
2 0.817481 0.598266 0.0601042 0.13612 0.699559
2 0.0179713 0.592437 0.0359426 0.145571 0.691728
0 0.526442 0.224369 0.177416 0.122825 0.671812
0 0.565278 0.222986 0.0988087 0.119163 0.652539
1 0.96892 0.512625 0.0123191 0.0400022 0.625814
2 0.116525 0.597885 0.0618536 0.154193 0.610659
1 0.871749 0.503274 0.012193 0.0338844 0.605726
0 0.076045 0.0538539 0.0529848 0.0967402 0.604611
1 0.995363 0.519305 0.00927335 0.0469707 0.588666
2 0.569426 0.609109 0.0876252 0.164925 0.587473
2 0.676159 0.5997 0.126148 0.153602 0.581129
1 0.960293 0.512047 0.0232128 0.0404571 0.57948
0 0.649768 0.466369 0.0731481 0.113973 0.571163
0 0.817527 0.595493 0.0602081 0.13743 0.56786
1 0.868515 0.503569 0.0184059 0.0338352 0.559103
0 0.0121169 0.0260769 0.0241332 0.0521538 0.55462
0 0.171455 0.468654 0.0593094 0.118282 0.532575
0 0.0386418 0.0228945 0.036093 0.045789 0.530946
0 0.569274 0.610411 0.0869545 0.166102 0.524495
0 0.034145 0.0755355 0.0387464 0.0730871 0.524443
0 0.00940544 0.0883364 0.0188109 0.0791448 0.518936
