0 0.734842 0.35483 0.111887 0.126419 0.895196
0 0.175504 0.236471 0.0552281 0.120291 0.892957
0 0.821421 0.469321 0.0599196 0.108504 0.888306
0 0.817271 0.257396 0.059297 0.106849 0.88445
0 0.362044 0.468643 0.161548 0.125759 0.884366
0 0.813492 0.161888 0.059166 0.107992 0.88232
0 0.734331 0.242201 0.110017 0.122953 0.881541
0 0.247675 0.114365 0.092234 0.124421 0.877743
0 0.0572704 0.469478 0.0534275 0.111343 0.877742
0 0.244713 0.231226 0.086274 0.118938 0.875874
0 0.11273 0.355492 0.0633234 0.127796 0.873586
0 0.646174 0.233748 0.0698097 0.119822 0.87114
0 0.255509 0.02753 0.0853651 0.0550599 0.870269
0 0.131815 0.0453628 0.0734157 0.0907255 0.868978
0 0.646825 0.123498 0.0663174 0.112755 0.868572
0 0.806123 0.0678907 0.0594387 0.0935861 0.865271
2 0.059421 0.594676 0.0528298 0.147324 0.863356
0 0.170278 0.352388 0.0592019 0.127105 0.860627
0 0.181049 0.126978 0.0561845 0.109227 0.859604
0 0.818587 0.364074 0.0618759 0.115907 0.859425
0 0.358471 0.346884 0.150361 0.128515 0.856426
0 0.566795 0.468502 0.098992 0.123235 0.854132
0 0.116385 0.242183 0.071018 0.118001 0.853601
0 0.240504 0.3463 0.0843915 0.121368 0.851676
0 0.0178206 0.267449 0.0356066 0.104022 0.847107
0 0.738326 0.467147 0.110414 0.112663 0.841618
0 0.361404 0.225061 0.14985 0.127708 0.838966
0 0.0581389 0.257018 0.0577749 0.110671 0.838135
0 0.113363 0.469686 0.0626851 0.114062 0.837844
0 0.124482 0.138067 0.0692683 0.107656 0.836507
2 0.243618 0.609735 0.086822 0.152959 0.836134
0 0.700798 0.0435891 0.0611197 0.0871782 0.835378
1 0.911712 0.507677 0.0241733 0.0365928 0.833526
0 0.0162144 0.468715 0.0324289 0.113951 0.833296
0 0.0664414 0.155889 0.0527259 0.110144 0.831071
0 0.732154 0.139653 0.108283 0.11135 0.82932
0 0.0153428 0.364341 0.0306857 0.113558 0.82538
1 0.361953 0.618669 0.150685 0.168982 0.822225
2 0.116198 0.598394 0.0619425 0.151476 0.819666
0 0.644424 0.0365479 0.0638723 0.0730958 0.813313
0 0.19005 0.0375921 0.0520128 0.0751842 0.811608
0 0.64603 0.350552 0.0713308 0.128097 0.796276
0 0.239634 0.468161 0.0897407 0.125288 0.785294
0 0.56747 0.0310662 0.10046 0.0621325 0.78497
0 0.725343 0.0452173 0.108523 0.0904346 0.781012
0 0.364795 0.109434 0.149504 0.121258 0.77574
0 0.762495 0.600767 0.053277 0.146239 0.775722
2 0.36244 0.619433 0.150858 0.171274 0.761781
2 0.173965 0.60343 0.0538569 0.155064 0.7592
0 0.481218 0.461831 0.0887304 0.114071 0.756937
1 0.954279 0.510673 0.0140412 0.0385258 0.740759
0 0.567286 0.222809 0.0936901 0.115551 0.731767
1 0.887716 0.506216 0.0234212 0.0362659 0.723554
0 0.816715 0.594002 0.0563667 0.141162 0.710451
2 0.568662 0.608307 0.0899101 0.164792 0.708569
2 0.0169578 0.590191 0.0339155 0.136496 0.684497
1 0.935649 0.50933 0.0236874 0.0369049 0.681962
0 0.0743214 0.0560387 0.0524824 0.0949427 0.673188
0 0.67762 0.468739 0.126783 0.116577 0.656796
0 0.0406219 0.0222212 0.0335754 0.0444423 0.654226
0 0.0133116 0.0249297 0.0265796 0.0498594 0.652181
1 0.872215 0.504003 0.0113385 0.0340565 0.597774
0 0.0096125 0.0860575 0.0191719 0.078291 0.579149
0 0.0219875 0.167571 0.0439751 0.100965 0.555081
2 0.481153 0.61489 0.0849465 0.173437 0.550966
1 0.859905 0.504031 0.0142891 0.0356983 0.547668
0 0.562567 0.345574 0.096003 0.135609 0.546537
1 0.481666 0.613726 0.0854027 0.172608 0.536169
0 0.170026 0.469964 0.0590909 0.116698 0.526924
0 0.0335951 0.0754393 0.0370409 0.0815192 0.52562
0 0.570755 0.114221 0.0914764 0.110149 0.518844
0 0.0553446 0.363333 0.0527067 0.114789 0.507097
0 0.52662 0.107635 0.179069 0.12289 0.50139
