0 0.678506 0.466789 0.130393 0.116043 0.897731
0 0.361936 0.467731 0.160506 0.125869 0.890965
0 0.132649 0.0446111 0.0706908 0.0892222 0.890243
0 0.813826 0.160388 0.0577191 0.106333 0.885076
0 0.818553 0.257413 0.0581989 0.108352 0.883581
2 0.0603854 0.595077 0.0525776 0.14925 0.881293
0 0.35994 0.345915 0.15603 0.130705 0.879807
0 0.175437 0.234833 0.0604488 0.117516 0.878813
1 0.362277 0.618933 0.150963 0.169227 0.872948
0 0.257552 0.0285774 0.0892101 0.0571548 0.872939
0 0.0575968 0.468715 0.0535182 0.110624 0.872868
0 0.763848 0.248454 0.0546019 0.115064 0.872261
0 0.821712 0.469827 0.0606688 0.105713 0.872053
0 0.570289 0.466769 0.0953401 0.126141 0.867732
0 0.112596 0.354163 0.063317 0.128029 0.866979
0 0.113697 0.468055 0.0631132 0.112995 0.866424
1 0.911067 0.507557 0.0218198 0.0368111 0.865296
0 0.0585401 0.256345 0.0582555 0.115809 0.864563
0 0.819344 0.363506 0.0616363 0.116159 0.863784
0 0.806544 0.0678565 0.0597288 0.0913875 0.862916
0 0.367981 0.10806 0.152442 0.114347 0.861553
0 0.766411 0.467017 0.0547144 0.111086 0.858509
0 0.0185075 0.26514 0.0369591 0.107352 0.856486
0 0.122554 0.138693 0.0695466 0.110405 0.85582
1 0.888285 0.505716 0.0229145 0.0360379 0.853391
0 0.0166227 0.468141 0.0332243 0.109556 0.851875
0 0.36219 0.222562 0.156773 0.126674 0.850762
0 0.0670031 0.152407 0.0539898 0.10713 0.847287
0 0.240167 0.345994 0.0867601 0.121141 0.842353
0 0.753796 0.050559 0.05186 0.0952004 0.842024
0 0.0156825 0.367145 0.031365 0.115951 0.837956
0 0.115309 0.243078 0.071655 0.117287 0.835002
0 0.169996 0.349097 0.0596112 0.124625 0.834552
0 0.567716 0.34579 0.0939952 0.129431 0.833471
1 0.961604 0.511239 0.0275236 0.0397736 0.831267
0 0.24449 0.231439 0.0859464 0.121353 0.829914
0 0.567691 0.0301136 0.101505 0.0602271 0.829617
0 0.676084 0.235027 0.133874 0.118693 0.827182
0 0.761265 0.146723 0.0518963 0.109265 0.826577
0 0.189417 0.0373155 0.056711 0.0746311 0.825266
0 0.677764 0.351062 0.130777 0.128782 0.824956
0 0.64758 0.121947 0.0662126 0.110519 0.822693
0 0.250352 0.115049 0.0927153 0.121959 0.81536
0 0.4835 0.465352 0.0913532 0.120719 0.814814
0 0.701108 0.0422033 0.062951 0.0844067 0.81363
0 0.0567099 0.362868 0.0535728 0.118316 0.805918
0 0.217076 0.465931 0.135824 0.124495 0.801486
0 0.568302 0.224015 0.0978003 0.118154 0.794926
0 0.481217 0.343113 0.0843359 0.132819 0.786283
0 0.644769 0.0362476 0.0618157 0.0724953 0.776918
0 0.240313 0.465967 0.0882827 0.124758 0.775899
1 0.935904 0.509553 0.0241413 0.0386225 0.772304
0 0.370002 0.0297789 0.15094 0.0595578 0.762694
2 0.569431 0.603939 0.0881497 0.154079 0.746222
0 0.708648 0.132308 0.0660076 0.106049 0.746131
0 0.764491 0.356546 0.0556242 0.123418 0.743723
0 0.180645 0.126693 0.05634 0.111697 0.740255
2 0.116825 0.5981 0.0623939 0.153871 0.720577
0 0.816103 0.59653 0.0572937 0.139465 0.709584
0 0.528667 0.107336 0.178284 0.122098 0.691495
0 0.762703 0.600054 0.052803 0.146974 0.679962
2 0.0177714 0.590334 0.0353146 0.1405 0.671179
1 0.871997 0.503801 0.011376 0.0342379 0.63673
0 0.0129797 0.0258476 0.0258687 0.0516952 0.602647
0 0.116613 0.597472 0.06324 0.151856 0.594928
0 0.567612 0.112544 0.100121 0.111122 0.557795
2 0.675541 0.600701 0.125302 0.154945 0.519436
