0 0.81914 0.363493 0.060593 0.116633 0.900444
0 0.359028 0.465934 0.160762 0.122842 0.898571
0 0.820781 0.469249 0.0602341 0.111612 0.88854
0 0.81717 0.258721 0.0578961 0.107134 0.887591
0 0.678302 0.46581 0.128127 0.118909 0.883487
0 0.132992 0.0439853 0.0720256 0.0879705 0.882457
0 0.0575135 0.469335 0.0547343 0.11072 0.880714
0 0.357997 0.345311 0.158301 0.132042 0.879485
0 0.112616 0.354523 0.0635383 0.128227 0.878365
0 0.813634 0.161541 0.0570514 0.108665 0.874322
0 0.174564 0.233279 0.0585146 0.119009 0.874011
0 0.0179035 0.265704 0.035735 0.106597 0.872986
0 0.570126 0.46741 0.0950777 0.124063 0.871804
0 0.0581925 0.256191 0.057535 0.112946 0.871215
0 0.734725 0.354003 0.111936 0.125993 0.868945
0 0.566002 0.0306989 0.101789 0.0613978 0.865821
0 0.254567 0.0277269 0.0873223 0.0554538 0.86129
0 0.806615 0.0667339 0.0593208 0.0957747 0.860837
0 0.123398 0.138255 0.0681333 0.108915 0.860829
0 0.113992 0.468905 0.0628777 0.114921 0.860603
0 0.361661 0.220416 0.158275 0.125835 0.860136
0 0.700414 0.0446012 0.0627333 0.0892024 0.854862
0 0.0665343 0.153812 0.0548735 0.106726 0.85456
0 0.481712 0.466209 0.0932674 0.125182 0.85385
0 0.238802 0.345702 0.08342 0.12295 0.852554
0 0.367826 0.106055 0.153165 0.115002 0.852474
0 0.645478 0.123305 0.0673714 0.110742 0.850893
2 0.568885 0.609086 0.0881311 0.161012 0.848888
0 0.0160797 0.470239 0.0321594 0.111533 0.84316
1 0.888188 0.507716 0.022937 0.0386282 0.837658
0 0.641465 0.0368876 0.0694685 0.0737753 0.837554
0 0.116374 0.243193 0.0687264 0.117078 0.837071
0 0.0156418 0.366354 0.0312836 0.119731 0.831978
2 0.675114 0.599442 0.125066 0.154482 0.828115
0 0.169375 0.350626 0.0596034 0.127389 0.827617
0 0.243636 0.230758 0.0839963 0.118871 0.823802
0 0.64544 0.232703 0.0709544 0.119159 0.811834
1 0.480998 0.617519 0.0863563 0.177294 0.806753
2 0.0597019 0.596295 0.0536705 0.152231 0.805505
0 0.0220384 0.167308 0.0440768 0.097127 0.800909
0 0.24868 0.116966 0.0904092 0.118011 0.800858
1 0.911591 0.508806 0.022042 0.0392864 0.786486
0 0.238358 0.465046 0.0881866 0.124989 0.784474
0 0.734698 0.24148 0.111083 0.122219 0.771342
0 0.480576 0.342301 0.0883925 0.133481 0.758273
0 0.361673 0.613649 0.149819 0.175856 0.756845
0 0.480124 0.221173 0.0877289 0.118234 0.74602
0 0.721524 0.0449425 0.104688 0.089885 0.745641
2 0.762564 0.598165 0.0536566 0.148738 0.740602
0 0.567393 0.224738 0.0926218 0.114352 0.735524
0 0.169976 0.468191 0.0585527 0.118043 0.72552
0 0.179564 0.12851 0.0537446 0.105461 0.720585
2 0.19093 0.0307377 0.0509663 0.0614754 0.718939
0 0.566138 0.345487 0.0959662 0.13196 0.708542
0 0.753823 0.0510507 0.0529385 0.0985898 0.686838
0 0.526891 0.1072 0.175015 0.122627 0.685496
0 0.0141126 0.025645 0.0281753 0.05129 0.676245
1 0.243679 0.609017 0.0878998 0.165838 0.665716
0 0.117161 0.599805 0.0629458 0.155958 0.641899
0 0.760653 0.146026 0.0525112 0.109317 0.641555
1 0.9368 0.508927 0.0237167 0.0378755 0.640143
0 0.815675 0.59582 0.0580994 0.143066 0.636207
0 0.0326887 0.0785409 0.038501 0.0785118 0.626547
1 0.870131 0.504674 0.0129287 0.0351083 0.61182
0 0.0748495 0.0594012 0.0535761 0.0961591 0.610601
1 0.955539 0.511462 0.0138146 0.0402808 0.610175
0 0.0564437 0.363963 0.0533108 0.12013 0.60844
2 0.0167202 0.590506 0.0334404 0.135791 0.596844
0 0.565976 0.113007 0.0964744 0.110266 0.574107
0 0.366536 0.0279313 0.148605 0.0558627 0.557626
0 0.727666 0.136693 0.101343 0.107029 0.540335
0 0.0095321 0.0888947 0.0190642 0.0837198 0.524474
0 0.526042 0.223138 0.175732 0.119271 0.51979
0 0.677489 0.351123 0.130565 0.1292 0.516927
0 0.0405428 0.0220302 0.0303364 0.0440605 0.506668
0 0.6457 0.349175 0.0702635 0.129012 0.50501
0 0.708267 0.133816 0.0636258 0.105953 0.501655
