1 0.137675 0.510731 0.0683715 0.0766359 0.891029
1 0.211811 0.534219 0.0731282 0.0752632 0.88181
1 0.384125 0.577605 0.0925068 0.0765318 0.876412
1 0.293712 0.554475 0.0835297 0.0809266 0.873721
1 0.487815 0.599675 0.10477 0.0703277 0.870926
1 0.137736 0.571568 0.0681258 0.0672916 0.861525
1 0.211057 0.595241 0.0735133 0.0696464 0.85607
1 0.571988 0.614704 0.0603231 0.0691164 0.849175
1 0.631728 0.564887 0.0537846 0.0484353 0.839687
1 0.484418 0.66113 0.103514 0.0610436 0.81787
1 0.292053 0.620005 0.0829801 0.0678643 0.814327
1 0.382195 0.639512 0.0936178 0.0630454 0.788468
1 0.567782 0.670908 0.058883 0.0486494 0.760657
1 0.746465 0.594263 0.055584 0.0718318 0.750698
1 0.865083 0.492632 0.0120174 0.0243546 0.595394
1 0.876961 0.492905 0.0121742 0.0224421 0.582294
1 0.627961 0.624386 0.0520898 0.0737081 0.57168
1 0.534467 0.218633 0.010041 0.015602 0.537675
1 0.554308 0.264992 0.00955067 0.0164367 0.535434
0 0.487551 0.0766198 0.0110735 0.0160707 0.530094
1 0.852632 0.491034 0.0121338 0.0254311 0.50828
1 0.904296 0.131322 0.0101955 0.0312339 0.505059
