1 0.138644 0.50492 0.0684643 0.0715402 0.891801
1 0.21183 0.597489 0.0709061 0.0746904 0.87653
1 0.488076 0.600055 0.105392 0.0716446 0.86748
1 0.384556 0.577746 0.0930876 0.0739517 0.864388
1 0.697934 0.574945 0.0426217 0.0498383 0.863669
1 0.211713 0.529945 0.0717598 0.0745054 0.862052
1 0.293146 0.551048 0.083865 0.0790422 0.861141
1 0.382914 0.642014 0.0896998 0.0677926 0.837949
1 0.630677 0.562712 0.0562283 0.047418 0.829032
1 0.745033 0.581325 0.0499961 0.0420793 0.828142
1 0.48437 0.659319 0.105374 0.0567834 0.823961
1 0.137996 0.569082 0.0682186 0.065448 0.819135
1 0.292297 0.616487 0.081796 0.0620054 0.803394
1 0.796785 0.588757 0.0440987 0.033609 0.788618
1 0.667979 0.566565 0.0173081 0.050124 0.77379
1 0.622307 0.613387 0.0406239 0.0540814 0.761217
1 0.847544 0.593879 0.0258364 0.0417574 0.702452
1 0.563009 0.612711 0.0430096 0.0606852 0.649379
1 0.883387 0.24753 0.00998611 0.0371327 0.592985
1 0.903533 0.264007 0.0108822 0.0333517 0.570903
1 0.892959 0.257126 0.0120323 0.0350166 0.565297
1 0.828185 0.592461 0.016518 0.0384397 0.557544
1 0.895497 0.2232 0.0143856 0.0383344 0.548444
1 0.957993 0.521798 0.0160696 0.0391369 0.546132
1 0.852964 0.490424 0.0122423 0.0289112 0.540599
1 0.862416 0.523357 0.0121746 0.0348477 0.539413
1 0.82635 0.261995 0.0134533 0.0272433 0.525967
1 0.764856 0.484596 0.0116817 0.0291133 0.517102
1 0.730579 0.420131 0.0103579 0.017455 0.51628
1 0.854562 0.466048 0.0115818 0.0228148 0.507942
