1 0.487387 0.598455 0.104172 0.0740006 0.887143
1 0.293503 0.551414 0.0812633 0.0768222 0.875271
1 0.211531 0.534587 0.0722831 0.0775058 0.863286
1 0.137568 0.50936 0.0679522 0.0765959 0.856061
1 0.385121 0.580033 0.0919021 0.0816364 0.851869
1 0.630272 0.562024 0.0562153 0.0514764 0.843927
1 0.571898 0.61154 0.0582657 0.0682368 0.837208
1 0.137055 0.56945 0.0679505 0.0586596 0.810012
1 0.699013 0.574054 0.0404413 0.0493053 0.795886
1 0.292691 0.617318 0.0787532 0.0556706 0.772042
1 0.483691 0.659916 0.107778 0.0561042 0.760224
1 0.746203 0.588297 0.0511514 0.0612029 0.754484
1 0.21252 0.591797 0.0704435 0.0576229 0.746841
1 0.797977 0.589011 0.040341 0.0408773 0.740621
1 0.626376 0.625648 0.0486921 0.0809486 0.722367
1 0.382695 0.641792 0.091463 0.0562244 0.712971
1 0.570565 0.667567 0.0549845 0.0401194 0.690686
1 0.66888 0.565648 0.0174997 0.0506653 0.682055
1 0.84758 0.591293 0.0240835 0.0380561 0.568004
0 0.532047 0.0885255 0.00997334 0.0181905 0.555401
0 0.533321 0.0657631 0.00960404 0.0193613 0.551733
0 0.605599 0.293069 0.00860157 0.0157405 0.543903
0 0.582982 0.352855 0.0126645 0.0179857 0.531017
