1 0.138063 0.503404 0.0680503 0.0680232 0.88139
1 0.38541 0.576447 0.0914421 0.0745015 0.86995
1 0.211577 0.594567 0.0718615 0.06944 0.86943
1 0.138326 0.569793 0.0666314 0.0685009 0.859856
1 0.698564 0.572017 0.0418182 0.0488322 0.85655
1 0.21287 0.52853 0.0713948 0.0698341 0.853398
1 0.294706 0.550824 0.083959 0.0742667 0.851747
1 0.629564 0.560031 0.0569974 0.0476205 0.829696
1 0.488441 0.597798 0.104585 0.0749096 0.822165
1 0.745097 0.582159 0.0486399 0.0448793 0.822117
1 0.797177 0.589148 0.0425488 0.0397217 0.808457
1 0.48435 0.659627 0.106338 0.0589789 0.805076
1 0.293644 0.614914 0.0827074 0.0590576 0.799769
1 0.668809 0.564761 0.0176006 0.0478541 0.79645
1 0.383804 0.644542 0.0897991 0.0681295 0.773747
1 0.84787 0.595259 0.0245144 0.0458228 0.760763
1 0.627516 0.611264 0.0502688 0.0544276 0.747524
1 0.562364 0.611098 0.0401224 0.0619628 0.735557
0 0.719198 0.35037 0.0113264 0.0163617 0.616092
1 0.569915 0.67073 0.055127 0.0441054 0.611958
0 0.769349 0.373122 0.00957546 0.017501 0.602323
0 0.746072 0.351713 0.0140282 0.0183367 0.593266
0 0.732318 0.350479 0.0117128 0.0163272 0.580173
0 0.759757 0.403402 0.0114258 0.0189812 0.578068
0 0.718611 0.331962 0.0105799 0.0180365 0.568041
0 0.769193 0.354607 0.00911922 0.0187519 0.553255
0 0.803421 0.245558 0.0100878 0.0202471 0.539804
0 0.746691 0.400606 0.0146456 0.0183128 0.526389
1 0.828457 0.203203 0.0116505 0.0315209 0.520693
1 0.571751 0.612452 0.0574172 0.0613259 0.516391
0 0.758826 0.353341 0.0121187 0.019548 0.51162
1 0.828528 0.5919 0.0150763 0.0410038 0.506916
0 0.802709 0.264372 0.00970726 0.0192492 0.505959
0 0.732095 0.331417 0.00998096 0.0200126 0.505824
0 0.792044 0.356023 0.0104889 0.0197511 0.502212
