1 0.139508 0.50706 0.0675568 0.0721658 0.871084
1 0.211502 0.597892 0.070414 0.0769597 0.868993
1 0.385382 0.577514 0.091694 0.0747569 0.867848
1 0.211745 0.530911 0.0715824 0.0767237 0.866609
1 0.293225 0.551095 0.0834365 0.0767449 0.861317
1 0.797611 0.59211 0.0428555 0.0444776 0.851031
1 0.488417 0.599964 0.105915 0.0706248 0.850293
1 0.484211 0.663645 0.106498 0.0644236 0.848942
1 0.697935 0.575126 0.0419572 0.0502649 0.842376
1 0.292227 0.617008 0.0818294 0.0642922 0.839658
1 0.382838 0.644809 0.0899628 0.0722156 0.837499
1 0.745418 0.583321 0.0504243 0.044839 0.830495
1 0.630326 0.562295 0.0554745 0.0464077 0.827642
1 0.138977 0.567715 0.0669022 0.0647644 0.804158
1 0.624446 0.61428 0.0440365 0.0589901 0.792326
1 0.668276 0.566601 0.0180915 0.0502067 0.771455
1 0.564878 0.670701 0.0477411 0.0490238 0.745546
1 0.846987 0.594852 0.0267773 0.0421516 0.731869
1 0.569988 0.610648 0.0555712 0.0607888 0.719834
1 0.880814 0.251913 0.0131588 0.0375281 0.559059
1 0.853427 0.242235 0.0103367 0.0313942 0.554759
1 0.903529 0.264995 0.0117401 0.0331007 0.544508
1 0.89611 0.226331 0.0139565 0.0447268 0.536156
1 0.910254 0.214049 0.0137606 0.0357443 0.531396
0 0.787504 0.301917 0.0110603 0.0188064 0.522039
1 0.905605 0.242557 0.0116367 0.0344324 0.516557
1 0.957763 0.520199 0.0162989 0.0384827 0.505031
1 0.956009 0.489702 0.0118265 0.02675 0.503982
