1 0.137984 0.507672 0.0687026 0.0744834 0.883925
1 0.385772 0.577442 0.0926733 0.0759544 0.879132
1 0.293514 0.553068 0.0824931 0.079707 0.870872
1 0.21184 0.534024 0.0723674 0.0760926 0.859099
1 0.138236 0.570833 0.0686339 0.0677071 0.857665
1 0.487894 0.597207 0.102199 0.0708155 0.852822
1 0.211317 0.598415 0.0718431 0.0715286 0.8499
1 0.571008 0.610687 0.0606806 0.0688416 0.838722
1 0.630459 0.562905 0.0558235 0.0500782 0.82814
1 0.383429 0.64335 0.0895079 0.0666846 0.794129
1 0.292187 0.622817 0.0821652 0.0702081 0.787047
1 0.623335 0.619173 0.0433012 0.0701116 0.775924
1 0.485251 0.658863 0.104603 0.058864 0.766886
1 0.745732 0.594263 0.0540833 0.076629 0.708948
1 0.568657 0.667273 0.0592068 0.0426415 0.644282
0 0.521223 0.246005 0.0118484 0.0142823 0.623521
1 0.698488 0.574143 0.04196 0.051465 0.606298
0 0.519993 0.263212 0.0127639 0.0141181 0.574064
0 0.509639 0.24321 0.0115565 0.0146785 0.571492
0 0.583299 0.224416 0.00896034 0.0121925 0.56884
0 0.591677 0.221337 0.00963917 0.0112959 0.563821
0 0.582399 0.355724 0.0109539 0.013982 0.563182
0 0.603758 0.219412 0.0115115 0.012267 0.543674
0 0.485349 0.330348 0.0133871 0.0135512 0.542251
0 0.880472 0.072118 0.0121389 0.0329661 0.538988
0 0.865423 0.491808 0.0124046 0.0233649 0.529009
0 0.531514 0.0857333 0.0118556 0.0176446 0.528076
1 0.852401 0.488884 0.0130205 0.0255291 0.525407
0 0.515864 0.312079 0.0122785 0.0120492 0.52273
0 0.513795 0.345124 0.0110456 0.0142621 0.517736
0 0.486605 0.309479 0.0141209 0.0157806 0.517475
0 0.581708 0.378383 0.0113721 0.016975 0.515115
0 0.487988 0.343309 0.012141 0.0136483 0.513021
0 0.514286 0.336072 0.0123667 0.0129244 0.50897
0 0.592544 0.355088 0.010689 0.0138004 0.507319
0 0.458607 0.247812 0.0101936 0.012913 0.506975
0 0.533441 0.248574 0.0115532 0.0146178 0.505586
0 0.518286 0.286694 0.0130032 0.0125459 0.50352
0 0.603523 0.199117 0.0103277 0.0134744 0.502135
