1 0.137487 0.503877 0.0664732 0.0696949 0.886564
1 0.385016 0.574546 0.0926192 0.0706862 0.85617
1 0.294502 0.551252 0.0831147 0.0742498 0.853339
1 0.698997 0.571242 0.0412357 0.0505707 0.844204
1 0.745987 0.581207 0.049272 0.048959 0.843417
1 0.213173 0.528677 0.0747316 0.0713654 0.833295
1 0.137785 0.568504 0.0685859 0.0702647 0.828007
1 0.211769 0.590243 0.0713774 0.0646895 0.812463
1 0.628659 0.560505 0.058308 0.0493791 0.805999
1 0.796157 0.587562 0.0453039 0.0422923 0.805418
1 0.848374 0.593436 0.0261713 0.0474762 0.768453
1 0.487144 0.595377 0.101739 0.0686995 0.760509
1 0.292885 0.61465 0.0790804 0.0597897 0.758224
1 0.668628 0.563878 0.0167761 0.0507521 0.747523
1 0.382031 0.640177 0.0913944 0.0664212 0.71061
1 0.625055 0.610605 0.0440535 0.0498962 0.66852
1 0.482738 0.658857 0.103642 0.0562126 0.616704
1 0.567033 0.668421 0.0561995 0.0401627 0.610266
0 0.79136 0.246901 0.0097208 0.0178417 0.52147
0 0.791902 0.265495 0.010188 0.017626 0.517041
0 0.79402 0.3173 0.0107006 0.0188806 0.516793
