1 0.138723 0.505792 0.0685432 0.0704132 0.895135
1 0.487974 0.59935 0.105274 0.0698398 0.889179
1 0.385233 0.578476 0.0936896 0.0751799 0.866629
1 0.293194 0.551109 0.0842606 0.0777281 0.86441
1 0.630178 0.562918 0.0564821 0.0472646 0.860986
1 0.211729 0.595571 0.0714759 0.072483 0.856401
1 0.21191 0.529934 0.0729192 0.0746323 0.855983
1 0.698397 0.575127 0.0409851 0.0499127 0.850293
1 0.48379 0.661368 0.105834 0.0599857 0.846085
1 0.292508 0.618839 0.0816246 0.0664876 0.841019
1 0.382936 0.643127 0.0903608 0.0679738 0.839792
1 0.138524 0.568998 0.0681878 0.0669279 0.827892
1 0.744484 0.58285 0.0516323 0.0424722 0.818682
1 0.796611 0.589121 0.0422489 0.0329881 0.777786
1 0.627519 0.61334 0.0508879 0.0535567 0.762747
1 0.559345 0.611377 0.035295 0.0603039 0.762367
1 0.668615 0.566823 0.0181274 0.050787 0.750973
1 0.848147 0.593369 0.0234612 0.0403629 0.729864
1 0.841772 0.46535 0.0116085 0.0218682 0.64391
1 0.0840366 0.549188 0.0394332 0.0714332 0.629745
1 0.831688 0.464417 0.00814228 0.0237811 0.615166
1 0.904313 0.263211 0.00952053 0.0311521 0.61088
1 0.80316 0.471724 0.00906296 0.0280545 0.599054
1 0.566767 0.0908333 0.00909081 0.0149001 0.587243
0 0.797209 0.356733 0.0142431 0.0208878 0.57178
1 0.842746 0.445918 0.0116978 0.0232981 0.556767
0 0.786475 0.301762 0.0156134 0.0197042 0.548011
1 0.854103 0.465764 0.0117821 0.0226569 0.547302
0 0.767366 0.355484 0.0105345 0.0184418 0.546021
1 0.862214 0.523102 0.012163 0.0342801 0.537911
1 0.566525 0.107096 0.00899372 0.0163997 0.533028
0 0.537321 0.0768248 0.0129812 0.0164376 0.526061
1 0.958174 0.521573 0.0165043 0.0424503 0.519788
0 0.812513 0.299496 0.0107868 0.0233437 0.518473
0 0.767086 0.374305 0.0105916 0.0167667 0.51559
1 0.730762 0.39958 0.0102724 0.01549 0.508056
1 0.895308 0.247737 0.0107231 0.0330546 0.503993
