1 0.137308 0.570366 0.0680215 0.0660709 0.887078
1 0.138235 0.509802 0.0684087 0.0768065 0.881024
1 0.384449 0.577703 0.0931594 0.0806719 0.878676
1 0.211958 0.536329 0.0720473 0.0772296 0.865162
1 0.293513 0.554329 0.0849442 0.0775045 0.864254
1 0.488197 0.59871 0.103484 0.074469 0.853118
1 0.571222 0.610518 0.0588631 0.0679527 0.832814
1 0.630643 0.563795 0.0550528 0.0514499 0.812225
1 0.210803 0.594869 0.073034 0.0618945 0.809448
1 0.568572 0.667644 0.057402 0.0469511 0.80469
1 0.292648 0.620188 0.0842953 0.0694286 0.782599
1 0.48432 0.661403 0.105161 0.0606147 0.767412
1 0.381643 0.642319 0.0920125 0.0638026 0.760117
1 0.745974 0.593497 0.052298 0.0710563 0.692782
1 0.797616 0.591993 0.0396059 0.0475346 0.686251
0 0.508412 0.24455 0.0123184 0.0161262 0.670832
0 0.507461 0.264035 0.0117237 0.016958 0.645701
0 0.504445 0.290146 0.0113599 0.016718 0.608005
0 0.520477 0.247112 0.011589 0.0154238 0.603567
0 0.864662 0.492275 0.011068 0.0263068 0.568411
0 0.53273 0.248463 0.0122113 0.0153157 0.568067
1 0.626851 0.620468 0.0479208 0.0646903 0.558713
0 0.413357 0.122305 0.00980129 0.0174819 0.552593
0 0.531717 0.286812 0.0124186 0.0153842 0.55042
0 0.532559 0.26409 0.0124571 0.0162006 0.546391
0 0.509196 0.210796 0.0141703 0.0149929 0.542329
0 0.501594 0.311248 0.0126823 0.016576 0.540519
0 0.463214 0.304258 0.0114039 0.0170928 0.540067
0 0.5176 0.286786 0.0143052 0.015884 0.537778
0 0.631501 0.24518 0.0102749 0.0155302 0.536901
0 0.519306 0.26498 0.0130634 0.01698 0.536051
0 0.497371 0.242912 0.0102166 0.0162153 0.531338
0 0.515493 0.314144 0.0143311 0.0157785 0.516636
0 0.545151 0.263502 0.0105453 0.0150458 0.516505
0 0.412384 0.168505 0.0109324 0.018267 0.500603
