1 0.386544 0.573167 0.091746 0.0714467 0.843456
1 0.295727 0.550198 0.0848673 0.0696151 0.840033
1 0.138551 0.504944 0.068679 0.0679103 0.831496
1 0.213052 0.528217 0.0731723 0.0700133 0.820817
1 0.745284 0.580593 0.0469723 0.0507207 0.818112
1 0.211521 0.591896 0.0707465 0.0719264 0.811238
1 0.69891 0.570294 0.041384 0.0500617 0.809276
1 0.291736 0.610452 0.0826773 0.0544539 0.773254
1 0.796584 0.590284 0.0443308 0.0487501 0.764659
1 0.62905 0.559083 0.0571348 0.0480372 0.722994
1 0.137944 0.569749 0.0690231 0.0744436 0.713103
1 0.668551 0.562986 0.0173444 0.0488549 0.689256
1 0.847455 0.59363 0.0268082 0.0442735 0.680838
1 0.483052 0.652289 0.104182 0.0441424 0.65796
1 0.487065 0.594009 0.103853 0.0692473 0.651992
