1 0.385028 0.578051 0.0920282 0.0755224 0.879419
1 0.211762 0.598918 0.070627 0.0788284 0.874642
1 0.138374 0.5066 0.0685349 0.0711473 0.86926
1 0.488732 0.598992 0.106421 0.0721968 0.864269
1 0.293328 0.553126 0.0825954 0.0810073 0.864104
1 0.211746 0.529821 0.0711264 0.0729298 0.858042
1 0.698287 0.574557 0.0417044 0.0475103 0.853557
1 0.630236 0.562426 0.0565842 0.046109 0.819526
1 0.745233 0.581296 0.0486172 0.0401542 0.818197
1 0.484048 0.665873 0.106056 0.0686262 0.809376
1 0.796966 0.588889 0.0442373 0.0367032 0.782825
1 0.668442 0.566497 0.0170002 0.0494046 0.761424
1 0.62293 0.613366 0.0406132 0.0559053 0.754004
1 0.847502 0.595339 0.0249298 0.0460756 0.74892
1 0.29159 0.614658 0.0788533 0.0570124 0.744797
1 0.139613 0.568847 0.0677712 0.0641318 0.678004
1 0.382609 0.645729 0.0876843 0.0730136 0.670617
1 0.565762 0.612859 0.0492875 0.0602162 0.595328
0 0.531805 0.0678098 0.0113162 0.0157096 0.555537
1 0.534347 0.263592 0.0103103 0.0142756 0.54363
1 0.827052 0.228916 0.0111053 0.0271327 0.5411
1 0.533475 0.248801 0.0105137 0.0146472 0.538218
1 0.957323 0.518787 0.016016 0.0392356 0.519426
1 0.583011 0.397591 0.0145844 0.0169139 0.51548
0 0.795867 0.266166 0.00911388 0.0180353 0.514324
1 0.72038 0.424813 0.00829315 0.0171772 0.514299
0 0.787263 0.302175 0.0113753 0.0181045 0.50912
