1 0.138052 0.505356 0.0669782 0.0680627 0.86936
1 0.385704 0.57302 0.0929006 0.0708215 0.857734
1 0.295061 0.550864 0.0835932 0.0720083 0.856108
1 0.212763 0.528046 0.0736752 0.0693728 0.841944
1 0.138205 0.570283 0.0675718 0.0754842 0.812426
1 0.744974 0.579261 0.0458405 0.04432 0.812278
1 0.211729 0.588712 0.0718862 0.0656343 0.808527
1 0.698263 0.570003 0.0421867 0.0510376 0.782088
1 0.63 0.558698 0.0568377 0.0485304 0.775233
1 0.795879 0.589225 0.0454276 0.0460286 0.762428
1 0.846883 0.592709 0.0286571 0.0429898 0.701936
1 0.292467 0.610855 0.0799564 0.0527152 0.701869
1 0.482599 0.65204 0.106363 0.0479272 0.684584
1 0.383043 0.641236 0.0899022 0.0695216 0.682922
1 0.841153 0.592696 0.0408884 0.0454756 0.60683
1 0.568833 0.603865 0.0559829 0.0497426 0.566824
1 0.488566 0.593549 0.10507 0.0729943 0.517299
