1 0.385088 0.574721 0.0921546 0.0779426 0.889587
1 0.293769 0.552642 0.084201 0.0767267 0.870998
1 0.211401 0.595428 0.0732278 0.0764455 0.867556
1 0.383583 0.654582 0.0926072 0.0949273 0.86559
1 0.291578 0.631924 0.085792 0.101563 0.860845
1 0.698176 0.571228 0.0415901 0.0511898 0.849419
1 0.138755 0.569501 0.0688341 0.0697127 0.83601
1 0.138893 0.504418 0.0675101 0.0688196 0.835063
1 0.746408 0.582601 0.0511969 0.0500708 0.81989
1 0.487402 0.596895 0.103574 0.0698251 0.754599
1 0.629872 0.560813 0.0577427 0.048763 0.753739
1 0.668091 0.565229 0.0188746 0.0510571 0.745881
1 0.211941 0.529838 0.0731359 0.0734497 0.743312
1 0.621994 0.615759 0.0393698 0.0587855 0.626181
0 0.880967 0.375938 0.0163139 0.0347176 0.619799
0 0.44466 0.290348 0.0104852 0.0269177 0.588915
0 0.521703 0.246488 0.0150647 0.0192553 0.588029
0 0.485279 0.291166 0.0120085 0.0271849 0.579133
0 0.515715 0.31301 0.0128169 0.0224858 0.559067
0 0.50555 0.29534 0.0105864 0.0241805 0.558253
0 0.519604 0.264632 0.014356 0.0187837 0.55735
0 0.516967 0.294832 0.0134966 0.0233367 0.540371
0 0.495916 0.293344 0.0108345 0.0239508 0.533209
0 0.421837 0.241297 0.0147923 0.0205694 0.527443
0 0.507534 0.262635 0.0112586 0.0200333 0.5247
0 0.445805 0.263769 0.0106176 0.0221354 0.517731
0 0.50419 0.314458 0.0107901 0.0207561 0.513099
0 0.493463 0.315646 0.0106679 0.0225654 0.512946
0 0.880403 0.405254 0.0158327 0.0354409 0.500068
