1 0.385382 0.580112 0.0928794 0.0785009 0.890056
1 0.139483 0.573831 0.0674134 0.06582 0.887772
1 0.293727 0.555418 0.0866319 0.0787854 0.88664
1 0.211489 0.598258 0.0747983 0.0785418 0.883284
1 0.48808 0.600632 0.108837 0.0743815 0.874421
1 0.211679 0.532118 0.0748033 0.074885 0.873248
1 0.141813 0.511611 0.0636365 0.0699265 0.871447
1 0.382276 0.647384 0.0944686 0.0782322 0.867936
1 0.69842 0.57474 0.0413292 0.0474379 0.824763
1 0.484618 0.66627 0.108801 0.0708466 0.814536
0 0.455503 0.285946 0.0118423 0.0198084 0.801252
0 0.455458 0.307949 0.0125246 0.0207634 0.800256
0 0.467663 0.286978 0.0127714 0.0201191 0.798951
1 0.622461 0.561274 0.0410522 0.0460856 0.777026
1 0.621625 0.618387 0.0382767 0.0650187 0.775599
0 0.466945 0.264454 0.0121931 0.0182414 0.773072
0 0.468693 0.308681 0.0127813 0.0199341 0.767684
0 0.481396 0.30903 0.0115277 0.0187544 0.760608
1 0.292772 0.629735 0.0852424 0.0889908 0.758648
0 0.441687 0.307263 0.0144979 0.0205504 0.748945
0 0.493337 0.308965 0.0120832 0.0176325 0.745637
0 0.47831 0.247205 0.0112902 0.0164334 0.74393
0 0.478665 0.263443 0.011603 0.0160572 0.743548
0 0.456118 0.264669 0.0114112 0.0196349 0.740828
0 0.504819 0.308581 0.0114114 0.0164214 0.722635
0 0.876276 0.494125 0.0143808 0.031739 0.708835
0 0.469468 0.357375 0.0115676 0.0148582 0.700567
1 0.558509 0.612078 0.0311068 0.0674369 0.697396
0 0.455954 0.329084 0.0128965 0.0173635 0.696813
0 0.426402 0.306565 0.0140059 0.0202799 0.695522
0 0.469369 0.329184 0.0122419 0.0163448 0.692388
0 0.480295 0.289408 0.0114004 0.0176556 0.691156
1 0.668798 0.568657 0.0192314 0.0467836 0.682356
0 0.466128 0.246736 0.0130244 0.0168331 0.681215
0 0.493101 0.328371 0.011768 0.0156878 0.680445
0 0.456957 0.355294 0.0127507 0.0165627 0.668303
0 0.441681 0.28609 0.0153364 0.0191288 0.666227
1 0.695218 0.612011 0.0398787 0.0374858 0.666039
1 0.745113 0.592237 0.0550875 0.0628098 0.665308
0 0.490066 0.247041 0.0111766 0.0159352 0.654058
0 0.442005 0.329381 0.0137646 0.01902 0.64734
1 0.650984 0.564445 0.0158131 0.0420124 0.647314
1 0.587574 0.612707 0.0273404 0.0654388 0.645395
0 0.606551 0.330094 0.0102125 0.0154137 0.643883
0 0.505212 0.29251 0.0119543 0.0144119 0.641697
0 0.517079 0.308845 0.0126141 0.015287 0.63345
1 0.796941 0.594949 0.0414311 0.0523014 0.628886
0 0.425773 0.285775 0.0137788 0.0193065 0.621987
0 0.481085 0.358222 0.0113379 0.0146228 0.619838
0 0.49312 0.29182 0.0124164 0.0149247 0.613898
0 0.479638 0.21913 0.0107305 0.0152846 0.606089
0 0.517204 0.28942 0.0116661 0.0141548 0.602294
0 0.491526 0.262595 0.0125773 0.0144655 0.599636
0 0.427389 0.327537 0.0141628 0.0180021 0.599423
0 0.481404 0.328882 0.0113464 0.0157381 0.59802
0 0.412615 0.304981 0.0124167 0.0196784 0.595401
0 0.469767 0.372818 0.0110018 0.0150195 0.594048
0 0.505608 0.262269 0.0130362 0.0138021 0.593571
0 0.504339 0.328518 0.0109743 0.0156704 0.589004
0 0.517542 0.262573 0.0107981 0.013816 0.583959
0 0.629623 0.175693 0.0106615 0.0188303 0.582988
0 0.481236 0.202756 0.0108741 0.0145649 0.575577
0 0.512563 0.208506 0.0111851 0.0142559 0.574792
0 0.509721 0.0342937 0.0153552 0.0205869 0.573207
0 0.605412 0.312388 0.0103788 0.0145155 0.572383
0 0.410916 0.209659 0.0130543 0.0170249 0.569125
0 0.515654 0.344215 0.0111778 0.0148734 0.558392
0 0.458573 0.245465 0.0113951 0.0167918 0.554348
0 0.894951 0.498855 0.0141262 0.0306576 0.550912
0 0.617075 0.330369 0.0101564 0.0151586 0.548994
0 0.878284 0.463954 0.0148567 0.0329531 0.547659
0 0.490042 0.219441 0.0109253 0.0144855 0.546098
0 0.61815 0.175686 0.0122359 0.0180679 0.543658
0 0.440921 0.304609 0.0141338 0.0192796 0.541549
0 0.49265 0.357046 0.0118816 0.0145667 0.539662
0 0.605992 0.177466 0.010589 0.0148116 0.532297
0 0.520184 0.245798 0.0134948 0.0139889 0.530576
0 0.546069 0.2649 0.00916157 0.0145391 0.529321
0 0.61572 0.380938 0.0112968 0.017559 0.527645
0 0.480646 0.374289 0.0106831 0.0160919 0.525832
0 0.630884 0.155823 0.0111906 0.0191713 0.522877
0 0.505174 0.246278 0.0145151 0.0148079 0.520525
0 0.507246 0.130548 0.0106836 0.01611 0.519752
0 0.596005 0.312041 0.0092659 0.0131591 0.519653
0 0.630109 0.196281 0.0106028 0.0166657 0.518644
0 0.496663 0.130247 0.0110409 0.0168846 0.518153
0 0.442297 0.265733 0.015464 0.0177291 0.509917
0 0.606691 0.1995 0.00941677 0.0149247 0.509025
0 0.579832 0.247617 0.0107557 0.0126994 0.50546
0 0.617798 0.197693 0.0117226 0.0167491 0.503943
