1 0.488537 0.599502 0.105907 0.0730023 0.890601
1 0.386067 0.577845 0.0921808 0.0777013 0.889343
1 0.138332 0.50989 0.0687378 0.0735938 0.881056
1 0.212455 0.60022 0.0709931 0.0810376 0.872564
1 0.212251 0.533047 0.0727493 0.0761595 0.871792
1 0.294388 0.553355 0.0831864 0.0758747 0.8651
1 0.485097 0.666333 0.106311 0.0690482 0.856178
1 0.629511 0.563321 0.0560424 0.0499344 0.846895
1 0.13771 0.580203 0.0685236 0.0808254 0.846026
1 0.698512 0.575539 0.0416416 0.0449702 0.810654
1 0.571822 0.612595 0.0584007 0.0634872 0.80087
1 0.625677 0.617398 0.0467619 0.061685 0.770976
1 0.384532 0.64929 0.0923338 0.0786561 0.767109
1 0.292438 0.626366 0.0811189 0.081673 0.766429
1 0.746162 0.583835 0.0559663 0.045872 0.737249
0 0.455633 0.287577 0.0109962 0.0187945 0.732396
0 0.46796 0.287959 0.0138187 0.0190241 0.705189
0 0.443387 0.287493 0.0132837 0.0184724 0.696177
0 0.455431 0.264377 0.0117753 0.0161302 0.694855
0 0.467443 0.265326 0.0127598 0.0165977 0.685832
1 0.0846059 0.552608 0.0375235 0.0746872 0.685484
0 0.494707 0.308222 0.011455 0.0180936 0.681374
1 0.694658 0.611186 0.0407028 0.0376671 0.669776
0 0.517114 0.309086 0.0123515 0.0178713 0.666751
0 0.469718 0.333164 0.0140059 0.0191543 0.659158
0 0.494821 0.290322 0.0121128 0.0167845 0.658517
0 0.482141 0.289739 0.0124371 0.0177988 0.647683
0 0.482817 0.308322 0.0122646 0.0183364 0.646638
0 0.479266 0.244328 0.0113724 0.0159341 0.64593
0 0.429375 0.287078 0.0142904 0.0182301 0.644318
0 0.46711 0.245841 0.0130003 0.0159804 0.641437
0 0.482672 0.331854 0.0118 0.0172448 0.638902
0 0.442532 0.262825 0.0140026 0.0151501 0.638171
0 0.443743 0.306463 0.0124817 0.0175624 0.622761
0 0.455781 0.307364 0.0117571 0.0178114 0.620398
0 0.470215 0.355393 0.0129639 0.0176012 0.618668
0 0.517704 0.28804 0.0115387 0.0161797 0.616556
0 0.479896 0.265233 0.012133 0.0158006 0.607163
0 0.453993 0.24746 0.0139327 0.0150953 0.604951
0 0.42875 0.243674 0.0118094 0.0160806 0.603021
0 0.492274 0.243947 0.0134361 0.0165381 0.600836
0 0.415372 0.286873 0.0135714 0.018287 0.597439
0 0.430154 0.305684 0.0151339 0.0173469 0.595335
0 0.493978 0.329626 0.0110339 0.0161379 0.587802
0 0.506228 0.289842 0.01087 0.0171132 0.583279
0 0.505329 0.308365 0.0106504 0.0179615 0.579889
0 0.877005 0.495228 0.0116508 0.0291602 0.578848
0 0.51672 0.328419 0.0124535 0.0155093 0.574528
0 0.456007 0.332816 0.0126656 0.0194327 0.570328
0 0.46898 0.30787 0.0144493 0.0179371 0.569594
0 0.441222 0.24637 0.0119011 0.0149216 0.568879
0 0.479658 0.221863 0.0109932 0.0126924 0.563381
0 0.529238 0.311283 0.0116069 0.0166227 0.559819
0 0.414542 0.262217 0.014287 0.017554 0.539328
0 0.415972 0.305823 0.0128639 0.0171195 0.538979
0 0.492506 0.221438 0.0139889 0.0142371 0.531268
0 0.51824 0.263441 0.0109753 0.0149378 0.524831
0 0.877618 0.310711 0.0155613 0.0366529 0.521772
0 0.429003 0.261778 0.0130522 0.0157367 0.521204
0 0.462079 0.210698 0.0108612 0.0142323 0.518062
0 0.607457 0.32877 0.0101395 0.0133979 0.512652
0 0.443697 0.332429 0.0116142 0.0208775 0.506298
0 0.511707 0.207793 0.0120302 0.0141413 0.504615
0 0.48248 0.356855 0.0111048 0.016115 0.504143
0 0.492824 0.357958 0.0109791 0.0157067 0.500491
