1 0.386398 0.579067 0.090883 0.0788793 0.894827
1 0.487598 0.598365 0.103964 0.0719147 0.887394
1 0.137681 0.510933 0.0687175 0.0745492 0.881954
1 0.294286 0.553036 0.0827726 0.0743071 0.874852
1 0.211543 0.533769 0.0721062 0.0776057 0.867784
1 0.211004 0.601966 0.071879 0.0804682 0.856342
1 0.698186 0.575525 0.0415043 0.0464272 0.814869
1 0.62178 0.614018 0.0400902 0.059314 0.811723
1 0.13695 0.573326 0.0682976 0.0705621 0.810489
1 0.629339 0.562246 0.054931 0.047981 0.80642
1 0.570889 0.611202 0.0586417 0.0636 0.798808
1 0.484379 0.663346 0.103804 0.063003 0.793108
1 0.745243 0.581802 0.0536591 0.043091 0.77167
1 0.292694 0.619805 0.0820556 0.0695646 0.763678
1 0.38481 0.644897 0.091472 0.0704584 0.722461
0 0.45639 0.264014 0.0101719 0.015642 0.682844
0 0.443641 0.262494 0.0138604 0.0146029 0.624923
0 0.494391 0.308224 0.0115105 0.0155195 0.619338
0 0.428649 0.243653 0.0124875 0.0159137 0.614012
0 0.537107 0.210682 0.01173 0.0152444 0.60778
0 0.455615 0.284326 0.0104225 0.0157297 0.591656
0 0.643521 0.156731 0.010061 0.0209379 0.582084
0 0.5302 0.309826 0.0125868 0.0164443 0.57788
1 0.668111 0.56799 0.0176933 0.0486594 0.57759
0 0.511267 0.208755 0.0128431 0.014475 0.570476
0 0.518946 0.262716 0.0110363 0.0140867 0.567871
0 0.517289 0.309134 0.0127466 0.0162452 0.567231
0 0.428876 0.261114 0.0136389 0.0148231 0.562794
0 0.493524 0.331325 0.0113218 0.0157143 0.558313
1 0.944896 0.50975 0.00963688 0.0424459 0.553352
0 0.505174 0.309083 0.0103162 0.0163984 0.552758
0 0.487934 0.0768639 0.0122433 0.0163934 0.552044
0 0.414988 0.291394 0.0130495 0.0136116 0.55085
0 0.520443 0.247205 0.0113798 0.0140864 0.53654
0 0.47913 0.220052 0.0109517 0.0132589 0.533799
1 0.606569 0.328818 0.0100691 0.0135952 0.526364
0 0.494869 0.292955 0.0114421 0.014567 0.52478
0 0.480528 0.203059 0.0105544 0.0135933 0.523894
1 0.957194 0.515729 0.0163322 0.0378035 0.522282
0 0.466665 0.265135 0.0112078 0.0147597 0.518135
0 0.631915 0.153914 0.0126364 0.0194015 0.517107
0 0.644544 0.134143 0.00956306 0.0228642 0.514472
1 0.0850723 0.550509 0.0364497 0.0660171 0.511873
0 0.481912 0.336054 0.0123555 0.0149879 0.511328
0 0.864026 0.274962 0.015844 0.0349458 0.510564
0 0.462001 0.209936 0.010034 0.0130992 0.510158
0 0.490279 0.242898 0.0107891 0.0150473 0.505889
0 0.863138 0.305442 0.0157124 0.0343985 0.505769
