1 0.139122 0.506588 0.0683856 0.0701564 0.890685
1 0.487531 0.599508 0.105762 0.0706701 0.870747
1 0.384674 0.577837 0.0931191 0.0747553 0.869565
1 0.21218 0.597496 0.0710942 0.0760395 0.868319
1 0.697633 0.574481 0.0425385 0.0492971 0.865668
1 0.630346 0.56273 0.0563506 0.0489936 0.863952
1 0.293477 0.550451 0.0838256 0.0800634 0.86331
1 0.211637 0.529282 0.0715019 0.0744658 0.860306
1 0.383465 0.643198 0.0904998 0.0694546 0.844465
1 0.483792 0.659472 0.105592 0.0580622 0.837557
1 0.744692 0.58156 0.0495651 0.0437242 0.817781
1 0.292781 0.618495 0.081989 0.0650768 0.814513
1 0.139029 0.568768 0.0676615 0.066108 0.794456
1 0.667795 0.566557 0.017145 0.050929 0.771214
1 0.627299 0.613797 0.0504643 0.0552335 0.767108
1 0.796608 0.588212 0.0422112 0.0341889 0.744837
1 0.559363 0.610466 0.0359716 0.0581112 0.722727
0 0.803842 0.415147 0.010985 0.0263523 0.607399
0 0.485287 0.34405 0.0118778 0.0131786 0.588413
1 0.694829 0.611427 0.0408894 0.0373684 0.588332
1 0.846609 0.595538 0.0270758 0.0455948 0.561567
1 0.864876 0.493587 0.0109428 0.0263791 0.551603
0 0.743118 0.40295 0.0121714 0.0174901 0.549711
1 0.86274 0.52268 0.01278 0.0336399 0.546079
1 0.826815 0.235403 0.0122059 0.0273019 0.545913
1 0.903915 0.263459 0.0105286 0.0309122 0.54585
0 0.769692 0.35498 0.0104345 0.0190303 0.544312
0 0.472863 0.334371 0.0117018 0.0142737 0.544142
0 0.759407 0.355346 0.0118565 0.0179391 0.542955
0 0.792377 0.3544 0.0105196 0.0234743 0.541622
0 0.791632 0.444163 0.0141785 0.0265071 0.5249
0 0.485788 0.298389 0.0110126 0.0141749 0.517402
0 0.742549 0.374914 0.0125967 0.0176605 0.517205
1 0.730891 0.421436 0.0101892 0.0189921 0.514325
0 0.791671 0.378923 0.0130832 0.0248417 0.506492
