0 0.363915 0.0418331 0.0903841 0.0833483 0.877354
2 0.745208 0.204673 0.066293 0.0929746 0.826083
0 0.677273 0.116126 0.0724015 0.0741322 0.804732
0 0.746108 0.0653375 0.0646918 0.0734673 0.79558
2 0.676948 0.193103 0.0693277 0.0819044 0.777404
2 0.838062 0.219096 0.0595196 0.0810893 0.775997
0 0.677026 0.0457031 0.0739182 0.081314 0.771188
0 0.74578 0.126758 0.0656122 0.072031 0.739338
0 0.569019 0.0360366 0.0496719 0.0689691 0.738511
0 0.0705776 0.134048 0.0278094 0.0663345 0.736161
0 0.126566 0.172941 0.0359957 0.0709093 0.735545
2 0.182137 0.242438 0.07229 0.105393 0.724686
1 0.8787 0.230631 0.0246216 0.0653687 0.7199
0 0.180145 0.16021 0.0683924 0.088767 0.690103
0 0.365132 0.114199 0.0880534 0.0886374 0.676053
0 0.747622 0.0205553 0.0630864 0.0411105 0.655344
2 0.617816 0.189677 0.0468508 0.0871898 0.652614
1 0.354592 0.205853 0.107043 0.112599 0.646567
0 0.616769 0.107905 0.0472063 0.0737333 0.632209
1 0.45103 0.198161 0.0829615 0.107011 0.62833
1 0.477322 0.199217 0.134675 0.105653 0.604778
0 0.56975 0.1097 0.0490325 0.0767335 0.603638
0 0.499815 0.0350187 0.0862419 0.0672086 0.602193
0 0.617317 0.0373704 0.0455244 0.071 0.573858
0 0.475996 0.0354464 0.132568 0.0708928 0.529081
2 0.255152 0.21644 0.0724105 0.112017 0.525023
2 0.593167 0.192105 0.0958836 0.0923644 0.51543
