2 0.702044 0.160607 0.0501804 0.087514 0.845836
2 0.612025 0.166571 0.0441484 0.0837116 0.840275
2 0.955351 0.138841 0.0215996 0.0587967 0.817701
2 0.225791 0.229878 0.0757731 0.101746 0.811836
1 0.155679 0.0436367 0.0522165 0.0872735 0.8067
2 0.933851 0.130431 0.0248386 0.0680126 0.761803
1 0.567025 0.168481 0.0434954 0.0874523 0.754666
0 0.469047 0.0277204 0.047208 0.0554408 0.747885
2 0.375663 0.185881 0.0728436 0.0977781 0.744439
1 0.954166 0.206276 0.0222301 0.0738112 0.704361
2 0.972059 0.0334882 0.0196808 0.0669764 0.698433
2 0.520154 0.0835809 0.0474854 0.0786953 0.689096
2 0.563155 0.0222884 0.0445225 0.0445769 0.670419
2 0.151439 0.257463 0.0294948 0.0832797 0.657623
0 0.826028 0.0357389 0.0626675 0.0714777 0.652358
2 0.932649 0.0705492 0.026059 0.0638519 0.649795
1 0.475081 0.174478 0.0465096 0.098105 0.639633
2 0.954632 0.0854774 0.0210987 0.0612856 0.63453
1 0.114647 0.133705 0.0279833 0.0890962 0.627072
0 0.75874 0.0870544 0.0702745 0.0728489 0.626996
1 0.843802 0.182475 0.0268797 0.0803359 0.610635
2 0.629148 0.0215218 0.0887632 0.0430436 0.592934
2 0.974608 0.0931643 0.0210258 0.0641279 0.592835
2 0.883167 0.0530007 0.0488483 0.0782981 0.587757
0 0.992115 0.10517 0.015769 0.0580643 0.581493
1 0.178022 0.241249 0.0266109 0.102188 0.579899
0 0.699086 0.0814318 0.0483768 0.0737012 0.578991
1 0.521828 0.170787 0.047785 0.0967654 0.561445
0 0.759582 0.0292819 0.069793 0.0585638 0.558959
2 0.472511 0.0870671 0.0478651 0.0769669 0.556846
0 0.629972 0.0827367 0.0865536 0.0775054 0.556739
0 0.73632 0.0281949 0.113591 0.0563897 0.544708
2 0.932777 0.19414 0.0227795 0.068452 0.516199
2 0.914895 0.067079 0.016787 0.0652519 0.507657
0 0.992329 0.156218 0.0153412 0.0598559 0.505596
