0 0.825204 0.0366154 0.0632663 0.0732308 0.870215
2 0.656658 0.165014 0.0468249 0.0943473 0.869815
2 0.611475 0.167909 0.0424681 0.0950912 0.859698
2 0.376587 0.186528 0.0728809 0.105761 0.807039
2 0.701464 0.160236 0.045589 0.0837378 0.797288
0 0.198595 0.0305353 0.0330053 0.0610706 0.769465
0 0.758118 0.0287354 0.0705524 0.0574707 0.753929
0 0.759484 0.0864365 0.0706411 0.0733879 0.75129
2 0.52104 0.171198 0.0482374 0.101472 0.680077
2 0.65541 0.0819299 0.0459385 0.0737598 0.673851
0 0.492552 0.027909 0.0940363 0.055818 0.668451
2 0.892014 0.18297 0.0598377 0.0773193 0.661805
0 0.238595 0.0248135 0.0379956 0.0496271 0.657163
1 0.179566 0.242781 0.0283326 0.0929393 0.641129
0 0.146875 0.178844 0.0305735 0.0664793 0.627992
0 0.205925 0.156771 0.0397075 0.0763982 0.623673
2 0.891027 0.115378 0.0659142 0.0732063 0.618388
0 0.243481 0.148012 0.0354376 0.0834463 0.605775
0 0.825992 0.100838 0.0628941 0.0806945 0.601617
2 0.609198 0.0811372 0.04489 0.0763575 0.594424
0 0.700288 0.0816003 0.0450409 0.0697597 0.591804
0 0.143649 0.125373 0.0291528 0.0681579 0.580263
2 0.497769 0.171339 0.0954708 0.103685 0.5728
0 0.389447 0.0419343 0.1131 0.0838687 0.571346
1 0.209078 0.238182 0.0374273 0.0977586 0.557541
2 0.757997 0.161429 0.0646776 0.078055 0.544037
1 0.952664 0.206606 0.0222969 0.0789365 0.527454
0 0.700194 0.0245097 0.0443718 0.0490195 0.520482
2 0.495427 0.0850283 0.0956277 0.0778108 0.513188
