1 0.386718 0.196615 0.045298 0.0958725 0.844353
1 0.433585 0.191467 0.0483648 0.0908429 0.839359
0 0.385132 0.0376302 0.0430648 0.0752605 0.814358
2 0.850612 0.0322907 0.036924 0.0645815 0.785844
2 0.290159 0.207571 0.068981 0.0940435 0.779153
0 0.125415 0.174885 0.0359401 0.0753392 0.776564
0 0.47645 0.03483 0.0450137 0.06966 0.775432
0 0.182388 0.1618 0.0753773 0.0930347 0.769074
0 0.522457 0.107911 0.0441638 0.0758507 0.746
2 0.12696 0.251113 0.0364504 0.090984 0.743314
0 0.745919 0.0601611 0.0638975 0.083098 0.725789
0 0.430635 0.0356553 0.0466649 0.0711094 0.72437
2 0.123899 0.109991 0.034947 0.0602576 0.723406
2 0.182011 0.238154 0.0742206 0.0923836 0.721745
0 0.695507 0.114372 0.036434 0.0648927 0.721344
0 0.432805 0.109832 0.0474371 0.0770225 0.718892
0 0.633833 0.0418038 0.0832911 0.073889 0.71377
0 0.69531 0.0498778 0.037421 0.0812133 0.702794
0 0.521748 0.0345105 0.0435724 0.0690209 0.675655
0 0.632548 0.109035 0.0871525 0.0720086 0.674637
0 0.745374 0.126852 0.0641791 0.0776955 0.671643
0 0.385917 0.112199 0.0437593 0.0807964 0.664757
2 0.0811541 0.189535 0.0520684 0.0756509 0.604721
0 0.850867 0.093161 0.0367125 0.0650804 0.596475
2 0.522503 0.185935 0.0421403 0.0761512 0.59392
0 0.0796247 0.128964 0.051381 0.0768041 0.576943
0 0.880114 0.110674 0.0202209 0.0607637 0.56961
2 0.0835368 0.260627 0.0515629 0.0920344 0.567257
2 0.631687 0.180068 0.0871637 0.0799679 0.55447
1 0.877188 0.226294 0.0243069 0.070674 0.552879
0 0.953739 0.147861 0.0165398 0.0534178 0.552088
0 0.92359 0.176312 0.0237562 0.0467897 0.54466
2 0.567811 0.0357216 0.0484589 0.0687544 0.534276
0 0.316358 0.0465284 0.094355 0.0881386 0.528148
0 0.792693 0.0760581 0.0265354 0.0692333 0.520964
0 0.792312 0.136906 0.0270483 0.0641755 0.510936
