0 0.614701 0.107764 0.052285 0.0718543 0.838325
2 0.614313 0.185685 0.0518026 0.0911288 0.830567
0 0.614403 0.0387651 0.0498808 0.0709148 0.828046
2 0.290907 0.208094 0.0682145 0.0914137 0.817809
0 0.315833 0.048717 0.0965852 0.0900919 0.816832
0 0.180875 0.161615 0.0724385 0.096086 0.81285
2 0.880414 0.165916 0.0224281 0.0603857 0.802202
2 0.181226 0.240635 0.0731611 0.102102 0.78858
0 0.477278 0.03514 0.0449591 0.07028 0.757931
0 0.657775 0.0435811 0.0379627 0.0743729 0.746687
0 0.747723 0.0628412 0.0647753 0.0814407 0.742375
0 0.523543 0.109578 0.0446611 0.0789632 0.702637
0 0.411505 0.11273 0.0941196 0.0821716 0.692966
2 0.858012 0.157067 0.02323 0.0609672 0.689935
0 0.795181 0.0776018 0.0281851 0.0661003 0.677712
2 0.745809 0.205638 0.0643394 0.0901546 0.667252
2 0.820364 0.144057 0.0248169 0.0630796 0.661433
1 0.524035 0.193223 0.0434805 0.08888 0.655601
0 0.696509 0.0499145 0.0375343 0.0795063 0.653853
2 0.90248 0.168225 0.021941 0.050169 0.650779
2 0.840817 0.0908668 0.0158501 0.0634205 0.640333
1 0.387492 0.197336 0.0447558 0.093555 0.640246
2 0.791873 0.208126 0.027301 0.0798946 0.635223
1 0.87888 0.231103 0.0231262 0.0704576 0.632861
0 0.747259 0.126491 0.0644074 0.0745851 0.630115
0 0.92408 0.130123 0.0193932 0.0599445 0.625181
2 0.821664 0.0846375 0.0240585 0.0618914 0.620494
2 0.839879 0.0308962 0.0145035 0.0617924 0.616405
2 0.839499 0.149597 0.016534 0.0614269 0.612987
1 0.479381 0.177712 0.0406902 0.0642074 0.610899
2 0.858514 0.034546 0.0241859 0.0682399 0.60905
0 0.177463 0.0313777 0.0673566 0.0627555 0.601749
0 0.696946 0.113675 0.0373215 0.0635599 0.593542
2 0.903192 0.120427 0.0215782 0.0634306 0.585533
2 0.881947 0.0457832 0.0214615 0.0834645 0.576649
0 0.567646 0.0361271 0.0446414 0.070582 0.575587
0 0.955014 0.149387 0.0155603 0.0514107 0.566326
2 0.940632 0.141656 0.0135963 0.0523928 0.562384
0 0.92312 0.178057 0.020108 0.0472449 0.55801
0 0.431443 0.0360434 0.0478451 0.0720869 0.556177
0 0.794592 0.136315 0.0277321 0.0633962 0.537083
2 0.127824 0.253493 0.0349557 0.0951257 0.531231
2 0.434408 0.195991 0.0476286 0.0970776 0.513707
0 0.881481 0.111694 0.0212868 0.0607901 0.508929
0 0.858932 0.0965932 0.0234043 0.0624093 0.503076
2 0.881414 0.111582 0.0213661 0.063215 0.502861
