2 0.270103 0.0500882 0.104423 0.0932349 0.838166
0 0.181557 0.159854 0.0719072 0.0964883 0.838093
2 0.880582 0.168591 0.0219107 0.0649359 0.832021
2 0.283019 0.127335 0.0842034 0.0890107 0.812616
0 0.343243 0.0431512 0.0435431 0.0817467 0.802406
0 0.613336 0.107534 0.0511093 0.0725974 0.784812
2 0.183114 0.242478 0.0744384 0.0981457 0.781724
2 0.282744 0.208244 0.088248 0.0928657 0.780047
2 0.612797 0.184528 0.0511757 0.0839753 0.780046
1 0.522754 0.19178 0.0394911 0.0782152 0.767461
1 0.900106 0.234537 0.0219563 0.0671731 0.735213
1 0.478664 0.186398 0.0377037 0.0767338 0.729056
2 0.79367 0.138936 0.0286333 0.066834 0.717111
0 0.409951 0.0370193 0.0901218 0.0740386 0.693611
2 0.857896 0.158846 0.0233093 0.0661393 0.693505
1 0.878901 0.23075 0.0225468 0.0681154 0.690562
2 0.116276 0.254685 0.0595029 0.0951158 0.665517
0 0.85831 0.0962012 0.0227242 0.0609113 0.64731
1 0.346353 0.201464 0.04051 0.0881724 0.631072
1 0.796291 0.02384 0.029027 0.04768 0.628101
0 0.678515 0.0467999 0.0745804 0.0835855 0.628024
0 0.881505 0.110732 0.0209543 0.0615289 0.621431
1 0.345243 0.119792 0.0417379 0.0851117 0.616629
0 0.677501 0.115984 0.0745678 0.0746602 0.612327
2 0.613493 0.0375883 0.0524672 0.0727303 0.586583
1 0.920192 0.240653 0.0212906 0.0667955 0.576359
2 0.82156 0.0844525 0.0233936 0.0629942 0.575743
1 0.901666 0.174779 0.0220173 0.0605791 0.574474
0 0.499436 0.0345819 0.0872151 0.0691637 0.572685
2 0.795177 0.0772055 0.0292567 0.0646273 0.572223
2 0.764036 0.204895 0.0286747 0.0813057 0.563196
2 0.923196 0.130237 0.0188719 0.057163 0.556119
2 0.129004 0.254233 0.0341416 0.0937366 0.552977
0 0.411908 0.111286 0.0908243 0.0791826 0.548089
1 0.922772 0.0605598 0.0179325 0.083837 0.542812
1 0.478646 0.108975 0.0405355 0.0765861 0.54255
2 0.920759 0.242271 0.0218706 0.0641837 0.534938
0 0.765063 0.0641476 0.0293629 0.0662867 0.53184
1 0.902357 0.0457412 0.0192879 0.0885766 0.531713
2 0.857175 0.0336068 0.0239105 0.0672136 0.530972
0 0.747284 0.127135 0.0633545 0.0737396 0.526202
2 0.881883 0.0436305 0.0210834 0.0804707 0.520265
1 0.792131 0.209633 0.0262182 0.0762113 0.519064
2 0.902985 0.120308 0.0206636 0.0615546 0.515453
2 0.177786 0.0873137 0.0681394 0.0682895 0.511578
