0 0.492571 0.0277355 0.092898 0.055471 0.88586
0 0.825573 0.0357834 0.0633102 0.0709654 0.829975
2 0.656353 0.164445 0.0443565 0.0867203 0.779423
2 0.955268 0.13704 0.0210993 0.0551089 0.737408
2 0.375874 0.187323 0.0702057 0.102088 0.731936
2 0.610775 0.17104 0.0447693 0.0931296 0.721502
2 0.701383 0.160704 0.0481419 0.0870708 0.716593
1 0.497521 0.174905 0.0954488 0.106173 0.711694
0 0.143047 0.125041 0.0296671 0.0687572 0.684774
0 0.146496 0.178647 0.0310229 0.062716 0.676643
1 0.954493 0.203618 0.0217926 0.0762786 0.641288
0 0.196996 0.0321979 0.0339142 0.0643957 0.599482
1 0.567419 0.169625 0.0445742 0.0977113 0.593312
2 0.495583 0.0848277 0.0944031 0.0813945 0.554278
2 0.82695 0.0997943 0.0634655 0.0761094 0.554209
0 0.205095 0.153871 0.0388515 0.0702089 0.551284
0 0.653923 0.0220934 0.0473053 0.0441868 0.536833
2 0.655697 0.0823199 0.0456483 0.074434 0.533059
0 0.776487 0.0296934 0.035734 0.0593869 0.526688
0 0.992206 0.107205 0.0155876 0.0566301 0.525132
0 0.388571 0.0403819 0.113256 0.0807637 0.519968
0 0.280597 0.134814 0.0421086 0.0878984 0.517747
0 0.242726 0.147093 0.0343893 0.0801036 0.516592
1 0.284889 0.221484 0.0442677 0.103393 0.504528
