2 0.290566 0.207925 0.0675594 0.0918752 0.845215
2 0.744028 0.200795 0.0623905 0.0893724 0.839584
0 0.746046 0.0619595 0.0640313 0.0786103 0.819234
0 0.545517 0.0359684 0.0939021 0.0695756 0.775804
2 0.181321 0.24415 0.0737622 0.102708 0.757774
0 0.695167 0.115129 0.0375751 0.0650831 0.752061
0 0.745467 0.125682 0.0637877 0.0724701 0.748029
1 0.386934 0.194992 0.0464063 0.0894388 0.734357
0 0.184302 0.161912 0.0778287 0.0971232 0.720598
0 0.545148 0.109125 0.0919202 0.0778977 0.71987
0 0.476247 0.0354333 0.0438707 0.0708666 0.701615
0 0.695599 0.0517235 0.0374793 0.0796653 0.699584
0 0.74717 0.0188172 0.0624212 0.0376345 0.684924
0 0.43057 0.0370893 0.0479992 0.0723079 0.680702
0 0.385209 0.0389287 0.0428622 0.0753858 0.676611
1 0.43337 0.193561 0.0453941 0.0891719 0.663601
2 0.631726 0.181623 0.0853991 0.0825774 0.662034
0 0.953895 0.14973 0.0167316 0.0543667 0.646366
0 0.634457 0.0423428 0.0842901 0.0728401 0.645533
0 0.340315 0.0439947 0.0442225 0.0810318 0.63469
0 0.879191 0.16527 0.0208992 0.0572257 0.632695
0 0.632899 0.109476 0.0835913 0.0709618 0.630816
2 0.567576 0.188135 0.0442154 0.083375 0.625674
0 0.0796845 0.129351 0.0523085 0.075225 0.590704
0 0.879805 0.112392 0.0199486 0.063997 0.581738
1 0.878207 0.226182 0.0229668 0.0630573 0.552002
2 0.52136 0.184679 0.0436169 0.0757511 0.545436
2 0.850791 0.0324985 0.037714 0.0631233 0.537809
0 0.85671 0.0949457 0.0251417 0.0628688 0.528493
2 0.343786 0.199416 0.0402409 0.0869068 0.524316
0 0.921612 0.178632 0.0191675 0.0476028 0.523961
2 0.286553 0.127398 0.0705438 0.0851854 0.51417
