0 0.809033 0.0365889 0.0998768 0.0731778 0.845918
2 0.656651 0.165636 0.045277 0.0951845 0.842557
2 0.901493 0.192128 0.0876396 0.0852895 0.841439
2 0.701998 0.162229 0.0471624 0.0894524 0.794593
2 0.399509 0.185139 0.101008 0.101252 0.793324
0 0.38956 0.0386135 0.114747 0.077227 0.776262
1 0.283729 0.219298 0.041359 0.098213 0.770579
0 0.982043 0.100101 0.035914 0.0734831 0.765535
0 0.492863 0.0278678 0.0932777 0.0557357 0.752545
0 0.403243 0.0351481 0.0865935 0.0702961 0.710422
2 0.654969 0.0810466 0.0457232 0.0736984 0.703138
0 0.197567 0.0285136 0.0321467 0.0570271 0.671132
2 0.612318 0.168328 0.0429209 0.0952131 0.668354
0 0.280639 0.134964 0.0396852 0.0890878 0.650669
0 0.243397 0.145321 0.0368838 0.0834754 0.647134
0 0.146119 0.176887 0.0296756 0.0632 0.638476
0 0.235657 0.025202 0.0413119 0.0504039 0.612929
0 0.143082 0.123861 0.0290507 0.0703507 0.600037
0 0.981444 0.0396668 0.0371119 0.0793336 0.594367
0 0.699781 0.0805087 0.0450455 0.0712087 0.589146
2 0.827784 0.179813 0.0600042 0.0833414 0.587934
0 0.156595 0.17554 0.0511792 0.0655687 0.577411
0 0.955006 0.143621 0.0210215 0.0639456 0.576889
0 0.400302 0.0981885 0.0965481 0.0863649 0.570551
2 0.496075 0.0824219 0.0939928 0.0782121 0.547651
0 0.204804 0.157174 0.0389748 0.0834806 0.544183
2 0.903071 0.123085 0.0856916 0.0840495 0.527542
2 0.209425 0.238624 0.0390763 0.0976694 0.525164
1 0.498131 0.172836 0.0971596 0.104839 0.519779
