1 0.520884 0.17033 0.047566 0.096516 0.851887
0 0.716302 0.0264984 0.0829543 0.0529969 0.819203
2 0.56145 0.022812 0.0443399 0.0456241 0.810607
1 0.474116 0.175442 0.0458321 0.0990898 0.796888
2 0.610695 0.164713 0.0449785 0.0837395 0.792413
0 0.469026 0.0272325 0.0478951 0.0544651 0.77788
1 0.56618 0.166193 0.0419246 0.0810506 0.768225
0 0.471857 0.0892927 0.0482496 0.0831656 0.760279
0 0.391352 0.102279 0.114368 0.0935646 0.739078
0 0.389189 0.0382777 0.114654 0.0765555 0.736265
2 0.396518 0.185353 0.11122 0.103505 0.733627
0 0.826874 0.0362696 0.0628317 0.0725392 0.716038
2 0.606367 0.0225989 0.044174 0.0451978 0.709233
0 0.197135 0.031413 0.0331692 0.0628259 0.686674
2 0.653822 0.16583 0.0388266 0.0775816 0.678832
0 0.652404 0.0734105 0.0429899 0.0594763 0.65436
2 0.563897 0.0700396 0.0440709 0.054753 0.60982
0 0.716349 0.0817951 0.0845091 0.0756179 0.608443
0 0.519853 0.0853951 0.0480685 0.0810945 0.606273
2 0.701227 0.156627 0.0538853 0.0868155 0.599996
0 0.777517 0.0304932 0.0380228 0.0609863 0.593889
0 0.608533 0.0829136 0.044649 0.0790097 0.56515
0 0.777406 0.0813806 0.0343616 0.0602139 0.559372
0 0.516166 0.0250543 0.0471903 0.0501085 0.537549
2 0.972359 0.0324889 0.0206562 0.0649778 0.529353
0 0.158016 0.173656 0.0537494 0.0642089 0.526242
0 0.955291 0.135977 0.0208107 0.0521866 0.515167
