2 0.375768 0.184643 0.0733156 0.09334 0.840759
2 0.2255 0.232796 0.0778378 0.103973 0.817541
1 0.282787 0.219918 0.0396518 0.096963 0.815153
1 0.153698 0.0435935 0.0535603 0.0871869 0.796466
2 0.702042 0.160155 0.0512312 0.0854789 0.78371
0 0.157361 0.176644 0.0548595 0.0767031 0.734739
2 0.611838 0.164042 0.0441688 0.0859128 0.725577
2 0.933651 0.128874 0.0254803 0.0686665 0.717112
1 0.954375 0.201633 0.0233849 0.0665188 0.710071
0 0.468265 0.0277692 0.0474142 0.0555384 0.696813
0 0.368565 0.0391928 0.0741118 0.0783857 0.69197
0 0.883767 0.0507975 0.0515892 0.0795903 0.685231
0 0.222582 0.149354 0.0758278 0.0931306 0.683696
2 0.955422 0.138757 0.0217522 0.0581551 0.661596
0 0.779427 0.0305676 0.0447145 0.0611352 0.660433
0 0.153958 0.0440082 0.053491 0.0880164 0.649323
2 0.884507 0.18312 0.05168 0.077188 0.642199
0 0.777183 0.0880896 0.035584 0.070596 0.636922
0 0.716549 0.0810236 0.0811483 0.077859 0.635717
0 0.71707 0.0257578 0.0782396 0.0515157 0.626888
1 0.845061 0.179709 0.0272541 0.0791345 0.626184
2 0.150078 0.256347 0.0319823 0.0887363 0.623479
2 0.432822 0.176716 0.040736 0.0929292 0.602065
0 0.518814 0.0831741 0.0491437 0.078728 0.60103
1 0.56635 0.166916 0.044475 0.0922552 0.600569
2 0.563468 0.0226268 0.0469805 0.0440815 0.595652
0 0.196984 0.0299545 0.032864 0.0599089 0.56555
0 0.842876 0.0367045 0.0297581 0.0708387 0.559378
0 0.471619 0.0865094 0.047703 0.0771474 0.555396
2 0.933059 0.1925 0.0222845 0.0674452 0.553076
2 0.654194 0.164857 0.0400567 0.0843413 0.548783
1 0.974674 0.20709 0.0193445 0.0786091 0.531661
2 0.606781 0.0214102 0.042281 0.0428203 0.523432
2 0.474099 0.172871 0.0455139 0.0992708 0.522519
2 0.955104 0.0835614 0.0203798 0.0656709 0.520505
1 0.817488 0.178489 0.0277905 0.0799791 0.511678
