2 0.612306 0.166418 0.0435331 0.085188 0.833309
2 0.95573 0.138384 0.0215485 0.0582595 0.82816
2 0.226177 0.230838 0.0753419 0.0983879 0.817599
0 0.826277 0.0360081 0.0629946 0.0720161 0.804204
1 0.155912 0.0436939 0.0522986 0.0873878 0.797707
0 0.469358 0.0276407 0.0480611 0.0552815 0.787654
2 0.559459 0.0222099 0.0508432 0.0444199 0.766956
2 0.933963 0.130469 0.0242773 0.0691339 0.763562
2 0.701601 0.158044 0.0504515 0.0771713 0.761105
1 0.955156 0.205582 0.0209667 0.0780919 0.754198
2 0.972225 0.033138 0.0199423 0.066276 0.748798
2 0.375176 0.184996 0.0728974 0.0951319 0.72991
2 0.954658 0.0847218 0.0212601 0.062074 0.695141
2 0.932197 0.071349 0.0262951 0.0632828 0.670106
1 0.283598 0.219514 0.0405559 0.093408 0.634615
0 0.388725 0.0389166 0.112489 0.0778332 0.625351
1 0.97475 0.20392 0.019907 0.0910865 0.619242
2 0.974609 0.0935284 0.021035 0.0653619 0.609764
1 0.567817 0.167654 0.044383 0.0870145 0.600625
0 0.775413 0.030765 0.0393339 0.06153 0.593197
2 0.161661 0.252031 0.0514958 0.0999368 0.587543
1 0.934341 0.195981 0.0229027 0.0687909 0.566317
0 0.197803 0.0304672 0.0314466 0.0609344 0.562393
0 0.404038 0.0349194 0.0841478 0.0698388 0.561916
0 0.992138 0.10581 0.0157235 0.0591144 0.560318
0 0.62994 0.0830268 0.0860659 0.0775786 0.553174
2 0.150813 0.253582 0.0294386 0.0894673 0.552715
0 0.514369 0.0248007 0.043955 0.0496015 0.549209
2 0.15901 0.175751 0.054765 0.0714759 0.547198
0 0.472371 0.0878961 0.0486538 0.0786869 0.542476
0 0.699387 0.0818721 0.0486872 0.0746012 0.518959
2 0.827339 0.100704 0.0629983 0.0764936 0.516674
0 0.759148 0.0894634 0.0713588 0.0746923 0.515933
2 0.953122 0.0278584 0.0205994 0.0557169 0.514745
2 0.52046 0.0843348 0.0478746 0.0779179 0.514737
2 0.628286 0.0215471 0.0881388 0.0430941 0.502318
