0 0.826444 0.0353532 0.0638732 0.0707064 0.872196
2 0.631517 0.165857 0.0820055 0.084988 0.841287
0 0.630376 0.0846877 0.0860378 0.0802899 0.831437
0 0.157721 0.174842 0.0565948 0.0744431 0.783136
0 0.466552 0.0274156 0.0442611 0.0548313 0.761855
0 0.992216 0.106078 0.0155687 0.059328 0.756097
2 0.561414 0.0222057 0.0488066 0.0444114 0.754125
1 0.954072 0.20493 0.0221746 0.0734447 0.723919
0 0.827535 0.0977694 0.0645094 0.0754608 0.707351
1 0.521318 0.169785 0.0486447 0.0975501 0.703522
0 0.932951 0.0212641 0.0241741 0.0425281 0.700384
0 0.974468 0.0954268 0.0210316 0.0654373 0.678833
1 0.153444 0.0439831 0.0552454 0.0879661 0.678251
0 0.716366 0.0262801 0.0799873 0.0525602 0.672724
0 0.775667 0.0297436 0.0382988 0.0594872 0.669684
2 0.629244 0.0216104 0.0886293 0.0432208 0.659881
2 0.412467 0.179709 0.0824408 0.0923625 0.65887
0 0.955649 0.0854035 0.0192806 0.062111 0.656527
0 0.471538 0.0864587 0.0472718 0.0766471 0.654817
2 0.567445 0.163561 0.0448938 0.0837052 0.649587
2 0.701181 0.165662 0.0535007 0.0918674 0.645636
2 0.934982 0.130212 0.0234676 0.0678342 0.636891
0 0.991075 0.055371 0.0178509 0.0549495 0.62142
0 0.777067 0.0831477 0.0352745 0.0618334 0.617083
0 0.715826 0.0827317 0.0815338 0.0774383 0.614837
2 0.474503 0.173726 0.045803 0.100155 0.604325
0 0.872969 0.0495537 0.0288486 0.0715267 0.587938
2 0.226405 0.229803 0.0767991 0.103937 0.585983
2 0.163584 0.245158 0.0580788 0.105422 0.585381
1 0.845547 0.1784 0.0280891 0.080388 0.576071
2 0.339792 0.190304 0.0651963 0.0983548 0.559819
2 0.56475 0.0818512 0.0467083 0.0743496 0.553781
2 0.518291 0.0828456 0.0516331 0.0781906 0.548603
1 0.113703 0.0449389 0.0254035 0.0894595 0.54839
0 0.155763 0.117007 0.055343 0.0676711 0.539864
0 0.914546 0.0194078 0.016008 0.0388156 0.534252
0 0.9557 0.139882 0.0204029 0.0597377 0.524631
2 0.512889 0.0238785 0.0508877 0.047757 0.507665
2 0.934294 0.0704139 0.0271351 0.0637054 0.505846
0 0.154154 0.0455164 0.055319 0.0910329 0.503016
