2 0.391674 0.188795 0.114033 0.104977 0.865583
1 0.517417 0.173691 0.04923 0.104755 0.854356
2 0.468914 0.0902323 0.0482472 0.0785185 0.841091
2 0.285333 0.219076 0.0523242 0.100598 0.832507
2 0.824802 0.103968 0.0657349 0.0830644 0.828165
2 0.776004 0.0302121 0.0351065 0.0604242 0.825915
2 0.390532 0.0998348 0.111423 0.0922641 0.801431
2 0.205391 0.240909 0.0379604 0.0935369 0.783163
2 0.176578 0.25372 0.029614 0.0822775 0.778607
2 0.82572 0.0368753 0.0655523 0.0712339 0.772946
2 0.149917 0.262573 0.0354617 0.0866259 0.769711
2 0.470016 0.17747 0.046451 0.103078 0.767896
2 0.607587 0.0847817 0.0419456 0.0793668 0.758778
2 0.467245 0.0270378 0.0462852 0.0540756 0.758141
2 0.518285 0.0860139 0.0490515 0.0765491 0.755454
2 0.282841 0.1412 0.048735 0.102523 0.755193
2 0.36766 0.0406655 0.0725884 0.0813311 0.732658
1 0.563257 0.173458 0.0400389 0.100642 0.718506
2 0.387347 0.0410352 0.112322 0.0820705 0.715402
1 0.171726 0.116598 0.0246771 0.0560762 0.704497
2 0.698014 0.084704 0.0549496 0.0799764 0.695476
2 0.698058 0.169895 0.05437 0.100124 0.687515
2 0.2413 0.23127 0.0442019 0.0965041 0.669008
1 0.60796 0.170299 0.0483839 0.0955807 0.661383
2 0.824177 0.180028 0.067407 0.094348 0.647775
2 0.173945 0.168145 0.0266468 0.0561162 0.644589
2 0.515222 0.0235616 0.0454107 0.0471232 0.644161
2 0.605869 0.0213728 0.0424444 0.0427457 0.629451
2 0.714794 0.0252295 0.0881035 0.0504591 0.611069
2 0.561054 0.0217843 0.041729 0.0435686 0.60578
2 0.649595 0.0214364 0.0390545 0.0428727 0.601929
2 0.222254 0.158037 0.074885 0.0983733 0.58485
2 0.176173 0.212709 0.0278021 0.057764 0.583815
2 0.229632 0.234113 0.0671642 0.100278 0.575645
2 0.776217 0.0805914 0.0324301 0.0558576 0.570597
2 0.650729 0.067332 0.0379328 0.047461 0.56927
2 0.742306 0.073828 0.0357084 0.0511455 0.559132
1 0.868837 0.186333 0.0292192 0.0804744 0.553409
2 0.562445 0.0828352 0.039577 0.0771852 0.521199
2 0.740279 0.0265822 0.0379393 0.0531644 0.518521
