2 0.745374 0.204896 0.0663834 0.0940141 0.856352
0 0.546323 0.108969 0.0910513 0.0774907 0.826099
2 0.182932 0.241958 0.0755764 0.105182 0.823664
0 0.183097 0.157962 0.0778946 0.0972353 0.814702
2 0.615776 0.185198 0.0491065 0.0807094 0.802585
0 0.545078 0.0355099 0.0907042 0.0681991 0.795127
0 0.632913 0.0403239 0.0842961 0.0725593 0.788003
2 0.545778 0.188948 0.0896395 0.0812539 0.778846
0 0.176297 0.027796 0.0647228 0.055592 0.771064
0 0.478863 0.0358675 0.0435645 0.067508 0.762444
0 0.407532 0.038685 0.0936289 0.0768482 0.756866
0 0.746216 0.0613768 0.0648708 0.0783113 0.753184
0 0.12668 0.173026 0.0363003 0.0735081 0.751901
2 0.695465 0.189294 0.0356792 0.0716739 0.750705
0 0.410319 0.112026 0.0945215 0.0795103 0.748723
0 0.695776 0.118273 0.0369007 0.0703243 0.741347
2 0.799662 0.213574 0.0430302 0.0871997 0.713772
0 0.746464 0.125047 0.0645508 0.0734545 0.693
0 0.794398 0.0769215 0.0298569 0.0665004 0.689111
2 0.523371 0.189895 0.042967 0.0785362 0.667556
2 0.89079 0.17213 0.0433762 0.0629641 0.667488
0 0.953267 0.151032 0.0170759 0.0532404 0.654883
1 0.877558 0.231244 0.0241199 0.0675671 0.646621
0 0.695713 0.048167 0.0372245 0.0792089 0.646212
2 0.177535 0.0829827 0.0633705 0.0653754 0.615993
2 0.855703 0.160169 0.025288 0.0652399 0.556947
0 0.340287 0.0400795 0.0442123 0.0734538 0.550342
0 0.795868 0.0241437 0.0307813 0.0482874 0.544732
0 0.341047 0.115311 0.0433363 0.0762347 0.525719
0 0.615468 0.107716 0.0492693 0.073253 0.507907
2 0.899988 0.173204 0.0248516 0.0640729 0.507172
