0 0.6144 0.0382007 0.051796 0.068464 0.872516
0 0.181417 0.1607 0.0726538 0.0916974 0.858951
2 0.616451 0.186014 0.0505471 0.0826538 0.849228
0 0.615784 0.108182 0.0521647 0.0736467 0.847734
0 0.677647 0.0457971 0.0744274 0.0787213 0.846676
2 0.678436 0.18874 0.0739359 0.0827998 0.827734
0 0.501112 0.0352015 0.0843733 0.0686776 0.822801
0 0.67824 0.112912 0.07458 0.0741057 0.822215
2 0.1831 0.241033 0.0738769 0.0996683 0.787485
0 0.410241 0.0376251 0.0919604 0.0747422 0.783198
0 0.126425 0.174581 0.0354399 0.074048 0.759576
2 0.840753 0.218894 0.0548103 0.0809794 0.741281
1 0.525227 0.192798 0.0360901 0.0770601 0.740111
0 0.178219 0.028716 0.0695411 0.057432 0.733608
0 0.41244 0.111993 0.0919825 0.0792749 0.730516
2 0.891688 0.168851 0.0432964 0.0577095 0.690639
0 0.731598 0.0587757 0.0341459 0.0718832 0.665181
0 0.566326 0.0359156 0.0440353 0.0682529 0.663557
2 0.857108 0.158286 0.0244453 0.0619299 0.654381
2 0.794104 0.139351 0.0288973 0.0681691 0.640682
0 0.764496 0.0666666 0.0308108 0.0669208 0.640006
0 0.17804 0.0860581 0.0681124 0.0666972 0.6379
2 0.851217 0.033025 0.0369116 0.06605 0.636918
0 0.343293 0.115937 0.0436143 0.0768878 0.614633
1 0.477312 0.191203 0.0348328 0.0798757 0.611072
0 0.522644 0.0348824 0.130362 0.0697649 0.567883
0 0.954685 0.150083 0.0152145 0.0514699 0.560696
0 0.731813 0.123978 0.0339034 0.0719025 0.559537
2 0.796905 0.210896 0.0363579 0.0815311 0.552889
0 0.568119 0.111183 0.0424575 0.0823625 0.551262
0 0.953236 0.0174374 0.0140791 0.0338755 0.509137
