2 0.611086 0.167766 0.0420371 0.0831772 0.871741
1 0.155371 0.0437687 0.0519303 0.0875373 0.835794
0 0.716604 0.0263424 0.0821411 0.0526849 0.817975
2 0.955407 0.138923 0.0211426 0.0575871 0.816302
2 0.375706 0.184858 0.0741224 0.0941199 0.807596
2 0.65543 0.168534 0.0421716 0.0780696 0.776912
1 0.954897 0.204042 0.0209248 0.0726685 0.758263
2 0.933837 0.130586 0.0245892 0.0674709 0.749834
1 0.114631 0.133759 0.0285428 0.0925417 0.707724
2 0.702697 0.160357 0.0508476 0.0895204 0.689183
2 0.560235 0.0223941 0.0502127 0.0447882 0.675696
1 0.52119 0.171355 0.0462492 0.0963048 0.669398
2 0.22629 0.229693 0.0748534 0.10199 0.652484
2 0.972372 0.0331509 0.0196815 0.0663019 0.63881
2 0.954567 0.0851946 0.0209879 0.0609243 0.62059
2 0.932326 0.0710822 0.0259853 0.0642523 0.618087
0 0.389031 0.0388072 0.116089 0.0776144 0.61482
0 0.783305 0.0318313 0.0507395 0.0636626 0.613945
1 0.566458 0.16852 0.0450296 0.0897553 0.603756
1 0.475153 0.175248 0.046497 0.100117 0.576926
1 0.17799 0.242134 0.0267375 0.102664 0.571896
0 0.992215 0.105626 0.0155704 0.0581829 0.567048
2 0.156939 0.253593 0.0435928 0.102914 0.566228
1 0.15682 0.119059 0.0547186 0.0726463 0.559966
1 0.974552 0.204327 0.0196358 0.0836255 0.546945
0 0.717463 0.0808216 0.0837658 0.0731365 0.546505
2 0.974538 0.0930915 0.0204802 0.0633757 0.545351
0 0.777455 0.0839893 0.035229 0.062468 0.54366
2 0.953094 0.0292925 0.0219566 0.0585851 0.539259
1 0.843545 0.180024 0.0270185 0.0813214 0.508913
