2 0.146568 0.374066 0.0876298 0.112562 0.897147
2 0.134316 0.134384 0.0797662 0.0688967 0.885489
2 0.136156 0.208868 0.0823237 0.0813554 0.884542
2 0.0717914 0.137704 0.0418551 0.0820195 0.877913
2 0.140985 0.285751 0.0856169 0.0942464 0.87722
2 0.0887239 0.481478 0.0489804 0.101108 0.876925
2 0.155692 0.456202 0.0915152 0.124095 0.876868
2 0.0315652 0.314785 0.042705 0.0952731 0.876528
2 0.0363586 0.405653 0.0445606 0.101372 0.86883
2 0.201457 0.130667 0.0542628 0.0650891 0.867112
2 0.0301574 0.226787 0.0409631 0.0837231 0.86553
2 0.237423 0.514437 0.0551291 0.0948311 0.864321
2 0.0812855 0.388628 0.0474285 0.107442 0.862949
2 0.211944 0.274391 0.0546158 0.0808073 0.858914
2 0.0721037 0.217077 0.043318 0.0809086 0.85332
2 0.205356 0.20095 0.0546437 0.0703395 0.85289
2 0.219266 0.351514 0.0570406 0.088934 0.85049
2 0.0437916 0.50021 0.0474552 0.106717 0.846268
2 0.0311467 0.145807 0.0394443 0.081583 0.845683
2 0.0748511 0.29495 0.0450783 0.0928491 0.842672
2 0.228994 0.431595 0.0589923 0.0955599 0.834946
2 0.247635 0.130551 0.0407631 0.0653052 0.832608
2 0.0328671 0.0700164 0.0385444 0.0785971 0.832086
2 0.282899 0.495872 0.0379889 0.0855019 0.824128
2 0.260601 0.26765 0.0464353 0.0770813 0.821391
2 0.267121 0.341354 0.0445551 0.0808097 0.820274
2 0.253714 0.195731 0.0443885 0.0702237 0.816525
1 0.179786 0.766788 0.0498434 0.120719 0.815339
1 0.0991525 0.576412 0.0480041 0.111256 0.813874
2 0.157008 0.656833 0.0434616 0.10558 0.804345
2 0.166054 0.543581 0.092513 0.125317 0.803475
1 0.515207 0.323624 0.0446533 0.0642468 0.801251
2 0.291096 0.576366 0.0439379 0.0949064 0.798204
2 0.276615 0.418319 0.0440437 0.0869579 0.786036
2 0.00773328 0.417589 0.0154666 0.0976191 0.768367
2 0.243513 0.583652 0.0464468 0.0608546 0.762934
1 0.525534 0.400144 0.0421978 0.0552986 0.749518
2 0.00557461 0.14982 0.0110335 0.071936 0.739051
2 0.00781819 0.0779955 0.0156364 0.0787649 0.735581
1 0.46992 0.270317 0.0271971 0.0530728 0.734771
1 0.497332 0.215829 0.043618 0.06734 0.73186
1 0.520433 0.364075 0.0447719 0.0539459 0.731506
2 0.0541241 0.598573 0.0472797 0.110811 0.720426
1 0.466115 0.23789 0.0275087 0.0508638 0.706346
2 0.00465545 0.229132 0.00918954 0.0832351 0.683088
1 0.474379 0.308992 0.0284575 0.0569839 0.673352
1 0.587 0.246507 0.0269739 0.0385436 0.66377
1 0.508997 0.286161 0.0448257 0.0635702 0.649372
2 0.0735945 0.0593384 0.0407213 0.0629099 0.647657
1 0.538257 0.269976 0.0260548 0.048708 0.637125
1 0.533028 0.230298 0.0286746 0.046815 0.618904
2 0.0114837 0.516773 0.0229675 0.115592 0.599491
2 0.00472543 0.320006 0.00930441 0.0967514 0.588265
1 0.529801 0.442324 0.0396657 0.0493941 0.561705
1 0.621966 0.282249 0.0446861 0.0367204 0.560992
1 0.480673 0.341558 0.0292814 0.0516595 0.560484
1 0.526347 0.190179 0.0299938 0.0474701 0.546042
1 0.579837 0.373509 0.0332411 0.0512078 0.543162
1 0.593981 0.282801 0.0228522 0.0390828 0.541137
1 0.49207 0.380109 0.0211206 0.0518921 0.514715
