1 0.483018 0.288768 0.0418562 0.0375369 0.87964
1 0.480479 0.326555 0.042627 0.0400076 0.867567
1 0.450667 0.287641 0.0276897 0.0372852 0.866637
1 0.477561 0.365842 0.0426205 0.0413891 0.866516
1 0.47334 0.405626 0.0424763 0.0407464 0.863126
1 0.468257 0.484336 0.0441095 0.0436331 0.862737
1 0.508162 0.368181 0.0246304 0.0429957 0.862495
1 0.511421 0.328045 0.0257981 0.0421253 0.853882
2 0.195298 0.288377 0.0578069 0.113429 0.846397
1 0.513976 0.288657 0.0256268 0.0421557 0.844497
1 0.539064 0.291161 0.027926 0.0456263 0.837337
2 0.0532831 0.318223 0.0490715 0.108739 0.834929
1 0.438178 0.441025 0.0282695 0.0404215 0.834788
1 0.434733 0.478143 0.0281513 0.039694 0.83473
1 0.470617 0.44441 0.0427671 0.043277 0.832113
1 0.44464 0.363615 0.0283749 0.0436586 0.831226
1 0.447778 0.324627 0.0287723 0.0396549 0.831149
1 0.0434974 0.421167 0.038919 0.107456 0.830647
2 0.0648629 0.22106 0.0509312 0.108675 0.828242
2 0.186346 0.371482 0.0511148 0.100576 0.827256
2 0.204144 0.206333 0.0561465 0.110982 0.821881
1 0.467218 0.526725 0.0440658 0.0465159 0.820813
1 0.0376453 0.541532 0.0416982 0.116657 0.820292
1 0.504122 0.408037 0.0226318 0.0434107 0.819103
2 0.217532 0.13055 0.0560311 0.112328 0.817404
2 0.248456 0.23185 0.03668 0.0926772 0.817379
1 0.441786 0.402987 0.0274164 0.0424769 0.81528
1 0.499783 0.488664 0.0201586 0.0433997 0.811649
2 0.238393 0.308812 0.035013 0.0896314 0.807729
2 0.258279 0.157619 0.034024 0.0891408 0.804824
2 0.229279 0.387554 0.0357688 0.09019 0.804435
1 0.344516 0.461673 0.0148516 0.0324515 0.800883
1 0.0756516 0.549412 0.0321697 0.105878 0.794009
1 0.330025 0.423874 0.0216178 0.0342234 0.78727
1 0.535943 0.330913 0.0278841 0.0459097 0.78089
1 0.310113 0.448837 0.0168715 0.036329 0.775722
2 0.0784254 0.126473 0.0520651 0.117999 0.773761
1 0.432071 0.516089 0.0279961 0.0379439 0.772062
1 0.407819 0.437633 0.0375121 0.0413557 0.770686
1 0.343252 0.49226 0.0141102 0.0346641 0.767
1 0.411747 0.399142 0.0376833 0.0418961 0.764046
1 0.333236 0.394223 0.0223577 0.0416858 0.763798
2 0.222309 0.469201 0.0327851 0.0796876 0.758616
1 0.32687 0.453892 0.0214329 0.0381141 0.748146
1 0.501544 0.449907 0.0215359 0.0428611 0.74116
1 0.335518 0.361213 0.0213888 0.0385035 0.739239
2 0.121093 0.153568 0.0439544 0.106642 0.739194
1 0.286415 0.41409 0.019643 0.0362523 0.72935
1 0.466623 0.576388 0.0392394 0.0508011 0.726825
1 0.405289 0.475353 0.0363376 0.0381802 0.725631
1 0.595502 0.490137 0.010643 0.0416705 0.725597
1 0.526177 0.411291 0.0270194 0.045917 0.725134
1 0.41773 0.322773 0.0381347 0.0392159 0.719597
1 0.532946 0.37146 0.0290236 0.045984 0.716686
2 0.106262 0.246646 0.0481226 0.110034 0.715789
1 0.60569 0.492941 0.0122884 0.0386638 0.713141
1 0.523422 0.454091 0.0255927 0.0444956 0.711777
1 0.556421 0.466575 0.0135038 0.0446974 0.696594
2 0.605178 0.555299 0.0126993 0.0341166 0.695771
2 0.175866 0.0917458 0.045329 0.11182 0.694199
1 0.605726 0.524646 0.0116557 0.0335468 0.693096
1 0.00910258 0.410591 0.0182052 0.101586 0.690466
1 0.297959 0.448032 0.014755 0.0363751 0.688637
1 0.42024 0.286455 0.0383747 0.0382619 0.68757
1 0.559567 0.306238 0.0154912 0.05102 0.686256
1 0.303409 0.382696 0.0157495 0.0345564 0.679607
1 0.569492 0.472624 0.0146832 0.0488974 0.671259
1 0.568223 0.313329 0.0148258 0.0551968 0.67001
1 0.558875 0.425656 0.0135574 0.0496164 0.665273
2 0.147455 0.257048 0.0519778 0.115514 0.664537
2 0.618017 0.558808 0.0118071 0.0324743 0.660306
1 0.347619 0.432106 0.0163642 0.034132 0.659847
2 0.267304 0.0838919 0.0351766 0.0955232 0.659564
1 0.325243 0.486057 0.0217455 0.0373433 0.658174
1 0.28597 0.446385 0.0183014 0.0332419 0.657152
2 0.160956 0.174115 0.0439995 0.0959193 0.655577
1 0.289025 0.382251 0.0199199 0.032509 0.654194
1 0.522493 0.496129 0.0256111 0.0449928 0.654129
1 0.566801 0.512223 0.0134069 0.0465354 0.652216
1 0.583547 0.446076 0.0134228 0.0501677 0.652029
1 0.414903 0.360756 0.0364763 0.0430145 0.650901
1 0.403188 0.511405 0.0340834 0.0363093 0.645192
2 0.0480078 0.115997 0.026906 0.0912486 0.642353
1 0.353494 0.370959 0.0166716 0.0402204 0.631388
1 0.581096 0.367618 0.0158661 0.0575105 0.629251
1 0.59482 0.519882 0.0110079 0.0353665 0.628268
2 0.279204 0.0319493 0.0410001 0.0638986 0.618174
1 0.580941 0.331552 0.0134167 0.0456811 0.617748
2 0.184419 0.0315499 0.0549091 0.0610115 0.617284
1 0.617955 0.529104 0.0126375 0.0313043 0.615352
1 0.57 0.433794 0.0131932 0.053873 0.614609
1 0.582614 0.405868 0.0147747 0.0566026 0.610781
1 0.312522 0.417404 0.0167627 0.0349712 0.607134
1 0.0857276 0.435643 0.0430133 0.0972539 0.605122
1 0.554067 0.344193 0.0105522 0.0600757 0.600667
1 0.306113 0.484767 0.0154998 0.0413235 0.59546
1 0.0544237 0.0378307 0.0528113 0.0727312 0.592035
1 0.564878 0.35687 0.0174276 0.0590418 0.587905
1 0.179974 0.452577 0.0467469 0.0751656 0.583282
1 0.593856 0.341592 0.0105094 0.0466321 0.582314
1 0.594576 0.382048 0.0114224 0.0479601 0.581681
1 0.546603 0.591136 0.0166378 0.0549091 0.581125
1 0.55428 0.506084 0.0138542 0.0462483 0.580899
1 0.594549 0.450154 0.0122351 0.0477286 0.57713
1 0.294239 0.482103 0.0133324 0.0384581 0.574822
1 0.292664 0.51605 0.012541 0.0366648 0.573973
1 0.30502 0.415031 0.0223786 0.0362061 0.571219
2 0.590845 0.551925 0.01349 0.035888 0.570839
1 0.49887 0.528727 0.017782 0.0423949 0.570554
1 0.622586 0.441943 0.0107927 0.0398772 0.561762
1 0.553944 0.385223 0.00905437 0.0544811 0.561045
1 0.565177 0.313484 0.0207438 0.0569505 0.559775
1 0.611692 0.434919 0.0117754 0.0458342 0.559587
1 0.521327 0.53623 0.0222586 0.0421928 0.559307
1 0.620878 0.470577 0.0109776 0.0371529 0.556727
1 0.305901 0.352679 0.0137276 0.032497 0.552516
1 0.284552 0.481794 0.0159839 0.0430284 0.552016
1 0.397638 0.508833 0.0247948 0.0340736 0.544814
1 0.354307 0.403296 0.0164673 0.0358893 0.54352
1 0.30107 0.414617 0.016775 0.0367168 0.543104
1 0.295777 0.35202 0.0149067 0.0318732 0.538292
1 0.355194 0.494818 0.0121512 0.0356828 0.527857
1 0.305156 0.519783 0.0144126 0.0368006 0.518074
1 0.562785 0.39206 0.0138582 0.0547248 0.515437
1 0.595498 0.416176 0.0129996 0.0485063 0.504923
1 0.554285 0.543776 0.0122756 0.0402792 0.503595
