2 0.0476419 0.152856 0.0405058 0.0763325 0.886967
2 0.109759 0.149379 0.0806578 0.0711801 0.883468
2 0.114611 0.303573 0.0828816 0.0914636 0.882821
2 0.111386 0.224054 0.0827576 0.0821276 0.876191
2 0.128819 0.478464 0.0911389 0.12234 0.875974
2 0.120771 0.38916 0.0844402 0.102385 0.875779
2 0.0128393 0.163717 0.0256786 0.0775024 0.875031
2 0.184989 0.291932 0.0545352 0.083614 0.859158
2 0.192162 0.369898 0.0543949 0.0910602 0.858177
2 0.0478007 0.232061 0.0428753 0.0828035 0.85006
2 0.0125444 0.245148 0.0250887 0.0888515 0.849758
2 0.200697 0.451765 0.0543851 0.0961563 0.849756
2 0.223825 0.212426 0.0403545 0.0705561 0.849082
2 0.211359 0.535085 0.0529062 0.0927413 0.848062
2 0.0633626 0.503508 0.0494142 0.102115 0.847627
2 0.109663 0.0825128 0.0757347 0.0621016 0.846781
2 0.179735 0.216348 0.0516744 0.0742762 0.845685
2 0.229716 0.284551 0.0407214 0.0771681 0.844395
1 0.206854 0.0277267 0.0295668 0.0554534 0.840651
2 0.0551097 0.409882 0.0463745 0.108248 0.838198
2 0.0492904 0.315424 0.0453187 0.0974522 0.836294
2 0.255499 0.518336 0.0396042 0.0864822 0.824747
2 0.128783 0.66378 0.0408647 0.0940553 0.82372
1 0.167497 0.0270208 0.0494346 0.0540415 0.81954
2 0.244139 0.436504 0.0383666 0.0837381 0.817748
2 0.235946 0.360508 0.0390066 0.0810681 0.816877
2 0.0141342 0.0862611 0.0282684 0.0721461 0.804373
1 0.484627 0.338351 0.0435058 0.06636 0.803643
1 0.107908 0.795156 0.0535946 0.133003 0.799483
2 0.559874 0.426423 0.0334774 0.0540849 0.79707
1 0.0919558 0.68938 0.0473339 0.105267 0.794078
2 0.215588 0.146516 0.034753 0.0686311 0.793935
1 0.147566 0.779347 0.0470841 0.137236 0.790421
1 0.464307 0.437242 0.0261503 0.0529031 0.789473
1 0.0513826 0.0246682 0.0414449 0.0493363 0.78798
1 0.351285 0.433595 0.0212252 0.0404634 0.787912
1 0.512921 0.322236 0.0263686 0.0553904 0.778322
1 0.377848 0.489208 0.0190816 0.0402076 0.777774
1 0.441782 0.290262 0.0291509 0.0593808 0.772841
2 0.0498365 0.0827152 0.0409914 0.0676381 0.770266
1 0.065332 0.826829 0.0546519 0.137118 0.769269
2 0.212093 0.0824457 0.0308385 0.0589033 0.769222
1 0.37338 0.459227 0.0207231 0.0403746 0.766408
1 0.339912 0.471685 0.0172549 0.043392 0.766041
2 0.567357 0.476528 0.0295816 0.0639282 0.76511
1 0.551615 0.227573 0.0257576 0.039595 0.763848
1 0.490749 0.378223 0.0434803 0.0568914 0.762367
1 0.452124 0.360282 0.0291262 0.0585441 0.762167
1 0.444943 0.451912 0.0195093 0.0481567 0.761754
1 0.519908 0.362617 0.0232573 0.0496613 0.761627
1 0.526565 0.228718 0.0287735 0.0430322 0.761364
1 0.332965 0.511231 0.0147695 0.0420927 0.760105
2 0.173534 0.630747 0.0434757 0.0639136 0.760103
1 0.559236 0.265295 0.025543 0.043207 0.759595
2 0.263273 0.594627 0.038117 0.0746846 0.758818
1 0.566093 0.301877 0.0224667 0.043039 0.756722
1 0.104424 0.0256744 0.0652361 0.0513489 0.755092
1 0.355636 0.465011 0.0212182 0.0403502 0.754916
1 0.368983 0.426901 0.02028 0.0382448 0.753135
1 0.427533 0.336123 0.0220976 0.0565508 0.751449
1 0.552877 0.386146 0.0344009 0.050037 0.751131
1 0.344959 0.576025 0.0156329 0.0476284 0.75079
1 0.496111 0.4204 0.0433615 0.0580796 0.748188
2 0.045645 0.713611 0.0434365 0.1046 0.744993
1 0.592704 0.371404 0.019898 0.0417555 0.741442
1 0.572039 0.34051 0.0213217 0.0445338 0.738625
2 0.216511 0.601757 0.0395109 0.0543933 0.736858
1 0.479029 0.303831 0.0433868 0.0572238 0.73561
1 0.0280721 0.853011 0.0561322 0.136171 0.733988
1 0.473 0.265551 0.042573 0.0608997 0.728068
1 0.458702 0.399052 0.026889 0.0539429 0.726314
1 0.336601 0.442364 0.0159891 0.0368464 0.724805
2 0.0319424 0.617508 0.0481172 0.111713 0.724703
1 0.576129 0.264708 0.02061 0.0381786 0.724654
1 0.622824 0.329048 0.0155653 0.0341538 0.719999
2 0.174001 0.147173 0.0457994 0.0693782 0.71709
1 0.447809 0.326465 0.0299881 0.0534349 0.716223
1 0.589487 0.336096 0.0232288 0.0395396 0.710008
1 0.608159 0.239667 0.0185585 0.033258 0.706892
1 0.360383 0.496579 0.0221387 0.0430635 0.706773
1 0.500605 0.244648 0.0274107 0.056012 0.705335
1 0.525573 0.401348 0.0225977 0.0500392 0.705014
1 0.600369 0.408988 0.0206042 0.0451655 0.703474
1 0.534865 0.26654 0.0341064 0.047427 0.703042
1 0.584359 0.300314 0.0258406 0.04103 0.698927
1 0.596215 0.266508 0.0245577 0.0370232 0.698534
1 0.508348 0.281957 0.0267298 0.0520761 0.698502
2 0.0197 0.521776 0.0393182 0.105828 0.698428
1 0.327703 0.477737 0.013706 0.0407973 0.696028
1 0.569402 0.230558 0.0212196 0.0372756 0.695793
1 0.57791 0.37597 0.0212015 0.0450745 0.694253
1 0.383077 0.522223 0.019994 0.0405182 0.688605
1 0.318622 0.555382 0.0131733 0.0433228 0.684398
1 0.345256 0.506265 0.0151832 0.0416959 0.681248
1 0.54785 0.347965 0.0331169 0.0470271 0.681149
2 0.0752932 0.598099 0.0485661 0.11361 0.673925
1 0.62055 0.300338 0.0167576 0.0349795 0.670684
1 0.542489 0.309008 0.0336433 0.0521105 0.667349
1 0.393688 0.483859 0.017062 0.0366653 0.662821
1 0.314568 0.491017 0.0154188 0.0433634 0.661607
1 0.607477 0.300301 0.0161613 0.0380574 0.65659
1 0.431252 0.373588 0.0220278 0.052263 0.644152
1 0.612592 0.268471 0.0196039 0.0336624 0.633533
2 0.170951 0.0819823 0.0477836 0.0611524 0.633027
1 0.608341 0.333684 0.016243 0.0363161 0.62794
1 0.323071 0.453101 0.0143336 0.04151 0.627337
1 0.318424 0.520278 0.017433 0.0407765 0.626594
1 0.0152123 0.0239578 0.0304059 0.0479156 0.623017
2 0.140031 0.559357 0.0940578 0.116379 0.617716
1 0.397519 0.515639 0.0153197 0.0433133 0.612344
1 0.370846 0.563104 0.0182414 0.0453131 0.61077
2 0.0142669 0.746086 0.0283086 0.123877 0.601146
2 0.00764274 0.639608 0.0152855 0.108988 0.599148
1 0.441384 0.409877 0.0194536 0.0522476 0.598953
1 0.585063 0.414031 0.0194546 0.0447573 0.591011
1 0.358462 0.570465 0.0160247 0.0477302 0.587051
1 0.449874 0.486507 0.0187241 0.0449314 0.586299
1 0.421931 0.30365 0.0196091 0.0514165 0.586115
1 0.327423 0.547189 0.0127418 0.0424928 0.585191
1 0.352052 0.532137 0.0156303 0.0422123 0.570289
2 0.501514 0.462287 0.0425711 0.0559821 0.568345
1 0.623857 0.242954 0.01628 0.0299169 0.566338
1 0.629356 0.272068 0.0147707 0.0302747 0.561484
1 0.626225 0.359694 0.0150204 0.0351019 0.55653
1 0.610008 0.406184 0.0180397 0.0487784 0.555322
1 0.389759 0.452277 0.017561 0.0402286 0.543169
2 0.012958 0.329482 0.025916 0.0892231 0.535657
1 0.603772 0.406152 0.0244357 0.048231 0.530058
1 0.237376 0.0292603 0.0336189 0.0517048 0.52711
2 0.533817 0.4398 0.0242082 0.0461382 0.524417
1 0.383916 0.423246 0.016876 0.0364517 0.519582
1 0.609628 0.367901 0.0169767 0.0392531 0.513628
1 0.591406 0.234708 0.0212559 0.0357116 0.512009
1 0.306681 0.496592 0.011646 0.0392839 0.50903
1 0.54362 0.488063 0.0209993 0.0605054 0.50778
1 0.331935 0.58215 0.0127269 0.0369519 0.505102
