2 0.0949029 0.339846 0.0477355 0.104758 0.866573
1 0.478919 0.325039 0.0414143 0.0400245 0.866384
1 0.481356 0.28541 0.0411089 0.0416301 0.862526
1 0.475174 0.364511 0.0430932 0.0419237 0.861075
2 0.104249 0.245439 0.0462931 0.105431 0.852014
1 0.445891 0.322947 0.028654 0.0404021 0.850242
1 0.468927 0.442189 0.0408185 0.0408079 0.84995
1 0.471919 0.403454 0.041819 0.0393806 0.847818
1 0.433512 0.473381 0.0274811 0.0392911 0.843321
1 0.506492 0.366031 0.0243112 0.0440677 0.840059
1 0.448636 0.284628 0.0272952 0.0405545 0.839186
2 0.0613365 0.22191 0.05279 0.103303 0.836085
1 0.509542 0.32532 0.0244053 0.0454744 0.835286
1 0.465978 0.480965 0.0411001 0.0429109 0.83297
1 0.332041 0.356515 0.0192808 0.0418736 0.832927
1 0.442144 0.360913 0.0286085 0.0419179 0.831684
1 0.436395 0.436911 0.0272297 0.039759 0.831681
1 0.503393 0.405105 0.0250084 0.0429792 0.829075
1 0.347294 0.39706 0.0192569 0.0396993 0.82897
1 0.345238 0.425837 0.0189591 0.0348136 0.828824
1 0.327983 0.421337 0.0200006 0.0374608 0.828586
1 0.499872 0.444706 0.0242842 0.0439763 0.827104
1 0.309447 0.447112 0.0158533 0.0354267 0.825183
1 0.0433938 0.426933 0.0411078 0.111856 0.824792
1 0.295692 0.444654 0.016785 0.0347754 0.824371
1 0.511738 0.285182 0.0237177 0.0452243 0.823859
2 0.194181 0.288992 0.0565052 0.102544 0.819387
2 0.518687 0.585863 0.0304051 0.0572783 0.816203
1 0.460229 0.571604 0.0408401 0.0535106 0.814463
2 0.226982 0.389789 0.0340965 0.0896313 0.814127
2 0.0514275 0.319916 0.0471097 0.108259 0.812614
2 0.245946 0.228569 0.0340302 0.0864274 0.811124
1 0.325603 0.452084 0.0208161 0.0358605 0.809446
1 0.425137 0.320272 0.0201315 0.0395042 0.808801
2 0.235064 0.308086 0.0316098 0.0876716 0.806206
1 0.427771 0.283663 0.0199612 0.0383551 0.804517
1 0.438858 0.39894 0.0284078 0.0413276 0.803956
2 0.204634 0.206217 0.0579251 0.113422 0.802519
1 0.293193 0.476489 0.0151599 0.0351951 0.79931
1 0.349905 0.365206 0.0188498 0.040587 0.795272
1 0.0837174 0.436835 0.0413967 0.114276 0.793464
1 0.329549 0.390057 0.0194127 0.0373403 0.788423
1 0.322879 0.483493 0.0204333 0.0358042 0.785959
2 0.0781129 0.12608 0.0500413 0.116457 0.784977
1 0.538515 0.289782 0.0305532 0.0505276 0.784799
2 0.184777 0.371075 0.0535758 0.0968321 0.783999
2 0.0406266 0.116841 0.0419701 0.0909104 0.783607
1 0.535431 0.331645 0.031595 0.0513846 0.781049
1 0.555254 0.465172 0.0165552 0.049742 0.778097
1 0.343604 0.457321 0.018642 0.0363416 0.777593
1 0.604273 0.491957 0.0118477 0.0396031 0.776996
1 0.60622 0.460986 0.0124016 0.0407014 0.775072
1 0.306236 0.479492 0.0161849 0.0356384 0.774947
1 0.358308 0.461169 0.0145873 0.03745 0.770683
1 0.557538 0.423449 0.0153715 0.0533256 0.770041
1 0.0303368 0.83403 0.0606736 0.273119 0.764937
1 0.532918 0.372458 0.0331304 0.0513549 0.755959
1 0.312042 0.415199 0.0162071 0.0349481 0.755363
1 0.420802 0.357982 0.0203475 0.0397475 0.754376
2 0.429904 0.51145 0.0278509 0.0401194 0.753603
1 0.298211 0.412775 0.016055 0.0329692 0.752655
1 0.412356 0.832148 0.0990727 0.187508 0.751388
1 0.360358 0.430654 0.0139064 0.0346506 0.748822
2 0.255968 0.153911 0.0349314 0.0860325 0.747817
1 0.620019 0.439736 0.0129732 0.0365285 0.74386
1 0.530963 0.413759 0.0334444 0.0523873 0.740282
1 0.491499 0.576553 0.0237671 0.0544701 0.735956
2 0.137039 0.349514 0.0391137 0.100892 0.732815
1 0.404765 0.357317 0.0171673 0.0380812 0.732643
2 0.218099 0.124029 0.0622552 0.111858 0.728257
1 0.574968 0.440992 0.0237486 0.0531943 0.72723
1 0.304761 0.517629 0.0147283 0.0450222 0.7263
1 0.340619 0.489864 0.0193675 0.0376897 0.725778
1 0.5283 0.451822 0.0333017 0.0476379 0.723672
1 0.608412 0.427954 0.012369 0.0437256 0.722985
1 0.407177 0.320825 0.0205673 0.0357588 0.722876
2 0.157821 0.172031 0.0468421 0.0978214 0.718602
1 0.412435 0.470417 0.0190591 0.0375396 0.71708
1 0.0534111 0.0349925 0.0527862 0.069985 0.714795
1 0.355851 0.493263 0.01369 0.0363305 0.713805
1 0.291392 0.514452 0.0146102 0.0426554 0.711901
2 0.520922 0.537013 0.0309689 0.0501941 0.709693
1 0.418098 0.395554 0.0178352 0.0433912 0.709692
1 0.417619 0.433901 0.0144491 0.0407849 0.707411
1 0.569985 0.509455 0.0220915 0.0454807 0.703391
1 0.595047 0.418058 0.0153673 0.0494525 0.701402
2 0.171456 0.0917799 0.0494055 0.101264 0.700407
1 0.576508 0.401304 0.0230097 0.0595583 0.696372
1 0.560137 0.386912 0.0164905 0.0556452 0.693243
1 0.317316 0.353268 0.0164172 0.0382389 0.688287
1 0.175279 0.457053 0.0497254 0.0852936 0.688146
2 0.119167 0.153627 0.0443151 0.104767 0.684855
1 0.552234 0.502696 0.0172411 0.0479087 0.681499
2 0.263953 0.0849901 0.0304345 0.080057 0.676646
1 0.426958 0.558966 0.0265554 0.0513177 0.675816
1 0.572868 0.479045 0.0222174 0.049844 0.674724
1 0.410044 0.285235 0.0205071 0.0370982 0.671591
1 0.403715 0.394731 0.0133094 0.0404527 0.668462
1 0.36565 0.375636 0.0156072 0.0414156 0.665855
1 0.462794 0.522319 0.0413379 0.0432475 0.665156
1 0.608747 0.396269 0.0122265 0.0457815 0.660859
1 0.281049 0.411667 0.0243031 0.031833 0.658705
1 0.6327 0.555553 0.0133688 0.024805 0.656941
1 0.281562 0.442481 0.0183713 0.0329207 0.654844
1 0.00816395 0.414076 0.0163279 0.107583 0.637924
2 0.591512 0.486657 0.0135374 0.0378716 0.629225
2 0.219488 0.468214 0.0331299 0.0751963 0.627719
1 0.281391 0.474805 0.0142775 0.0338976 0.627421
1 0.320422 0.523936 0.0177004 0.050687 0.621083
1 0.516402 0.82151 0.134014 0.19272 0.615188
1 0.0543254 0.546342 0.0713869 0.113087 0.610166
1 0.381246 0.467662 0.0103622 0.0407033 0.610123
1 0.584812 0.331283 0.016214 0.0511237 0.60785
1 0.496822 0.485983 0.0227285 0.044015 0.604376
1 0.494736 0.526587 0.0215346 0.0411131 0.597591
1 0.407396 0.542761 0.0141817 0.0292143 0.597222
1 0.301394 0.381195 0.0152064 0.0346654 0.590973
1 0.619464 0.470659 0.0121588 0.0396205 0.582109
1 0.314352 0.383048 0.0158478 0.0357123 0.58136
1 0.405418 0.431484 0.0134421 0.0415465 0.581337
2 0.275194 0.0259037 0.0392041 0.0518073 0.580911
2 0.61912 0.555689 0.0103956 0.0252879 0.579379
1 0.563912 0.311135 0.0158855 0.059225 0.579258
1 0.40736 0.562503 0.0142754 0.0414664 0.577452
1 0.523 0.491602 0.0318825 0.0500025 0.574303
2 0.0100332 0.0866972 0.0200664 0.102991 0.569333
1 0.556262 0.343069 0.0106956 0.0610437 0.56032
1 0.621548 0.410977 0.0142326 0.0334109 0.559093
1 0.368921 0.465928 0.0105141 0.0408902 0.558107
1 0.408891 0.508809 0.0186738 0.040136 0.544253
1 0.581661 0.368397 0.0187101 0.0574904 0.54172
1 0.565194 0.542935 0.0191978 0.040752 0.541587
1 0.563354 0.352418 0.0155993 0.0598131 0.539782
1 0.393298 0.42981 0.0099226 0.0397761 0.529145
1 0.387582 0.430088 0.00931902 0.0401 0.521058
2 0.593294 0.452018 0.0136169 0.041 0.516066
1 0.559906 0.342994 0.016851 0.0588011 0.514088
1 0.37022 0.405728 0.0103151 0.0380237 0.51241
1 0.0102585 0.0875422 0.020517 0.101357 0.51123
