1 0.476696 0.366278 0.0423849 0.0418091 0.882643
2 0.0739591 0.546548 0.0341887 0.10923 0.867842
1 0.482866 0.289994 0.0415737 0.0354886 0.862231
1 0.467284 0.48423 0.04168 0.0448262 0.861482
1 0.449983 0.287825 0.0270796 0.0366531 0.859566
1 0.47024 0.444371 0.0430109 0.0453642 0.857658
1 0.498859 0.488457 0.0253159 0.0445648 0.856338
1 0.310565 0.448165 0.0162665 0.0365774 0.851147
1 0.472724 0.405539 0.0426426 0.0414535 0.84675
1 0.480331 0.326514 0.0420925 0.0400759 0.846015
1 0.506979 0.367038 0.0247539 0.0439609 0.84102
2 0.0633957 0.221399 0.0518123 0.108931 0.837918
1 0.443514 0.36218 0.0272358 0.042558 0.837773
1 0.504266 0.407972 0.024828 0.0459025 0.83722
1 0.501815 0.448529 0.0249651 0.044626 0.836144
1 0.446807 0.324352 0.0278862 0.0403421 0.828729
2 0.0445502 0.420997 0.0428315 0.109169 0.827891
2 0.078912 0.127836 0.049911 0.120321 0.827772
2 0.0533461 0.319036 0.0443793 0.109603 0.825842
1 0.461001 0.572137 0.0420181 0.051267 0.820218
1 0.297212 0.446404 0.0151026 0.03582 0.819686
2 0.115249 0.344273 0.0889017 0.114367 0.816103
1 0.510421 0.326745 0.024844 0.0440574 0.81031
1 0.429215 0.286056 0.0203022 0.03851 0.810287
2 0.19536 0.290053 0.0586734 0.116447 0.8091
1 0.422937 0.357804 0.0199371 0.0415234 0.807474
1 0.464068 0.526046 0.0411747 0.0461977 0.807317
2 0.218375 0.130201 0.0605962 0.112981 0.806307
1 0.426552 0.322107 0.019882 0.0411494 0.805058
1 0.330091 0.421122 0.0192299 0.0375332 0.804545
1 0.437297 0.438616 0.0276136 0.0425776 0.803861
1 0.525863 0.493953 0.0304571 0.0500557 0.80051
2 0.186804 0.373066 0.0556801 0.108504 0.799389
1 0.307328 0.480306 0.0155001 0.0355555 0.794173
1 0.417208 0.435528 0.0184443 0.0410119 0.792388
1 0.44034 0.39963 0.0267908 0.0446848 0.790642
1 0.536455 0.332723 0.0274014 0.0477689 0.78823
1 0.313698 0.416843 0.0162497 0.036705 0.787438
1 0.332703 0.390312 0.0195415 0.0405568 0.779808
1 0.347156 0.427038 0.0173781 0.0371724 0.777881
1 0.571326 0.474623 0.0189274 0.0489653 0.77786
1 0.594736 0.490027 0.0114201 0.0420025 0.776295
1 0.420066 0.395647 0.0198317 0.0448724 0.776139
1 0.294253 0.477226 0.0149024 0.0360904 0.774223
1 0.406335 0.357274 0.020697 0.0392069 0.773813
2 0.236948 0.309594 0.0342065 0.0916843 0.772914
1 0.52847 0.454289 0.0311723 0.0473672 0.772697
1 0.32328 0.483886 0.0191296 0.0350293 0.771492
2 0.205294 0.209959 0.0589715 0.12262 0.771347
1 0.334487 0.357402 0.0192108 0.0406965 0.770792
2 0.520648 0.586171 0.0289005 0.0584282 0.76638
1 0.414266 0.472672 0.0181225 0.0386433 0.766356
1 0.306218 0.516584 0.0150995 0.0428533 0.765207
1 0.326595 0.452556 0.0208557 0.03791 0.759104
1 0.409267 0.321328 0.0197852 0.0376116 0.758458
1 0.434393 0.476367 0.0276232 0.0418243 0.757086
2 0.246779 0.229486 0.0338151 0.0977703 0.755932
1 0.555555 0.465364 0.0154661 0.0473883 0.755238
1 0.533975 0.372473 0.0298809 0.0507821 0.754644
1 0.493577 0.57688 0.0257098 0.0526847 0.752205
1 0.350148 0.397382 0.0173636 0.0401526 0.74968
2 0.257314 0.154929 0.0292783 0.0881724 0.748216
1 0.299798 0.413853 0.0150207 0.0344789 0.746506
1 0.496476 0.530501 0.0258951 0.0464116 0.744004
1 0.568013 0.509335 0.0171665 0.0438965 0.743757
1 0.351764 0.369691 0.0169078 0.0387861 0.74162
1 0.282437 0.443031 0.0191478 0.0314785 0.736333
1 0.530393 0.412548 0.031216 0.0485519 0.73554
1 0.605614 0.493358 0.0117185 0.0415722 0.733807
1 0.539 0.291929 0.0240062 0.0428466 0.732387
1 0.0959946 0.041241 0.0564601 0.0824821 0.729482
2 0.126229 0.251815 0.0897156 0.124591 0.728728
1 0.303346 0.382527 0.0141455 0.0346461 0.712434
2 0.228344 0.387966 0.031538 0.0913059 0.712163
1 0.561283 0.388796 0.0170416 0.0622719 0.708928
1 0.573499 0.437528 0.0193598 0.0543211 0.708143
1 0.318311 0.352499 0.0170787 0.0382172 0.705616
2 0.618074 0.560082 0.0119469 0.0316303 0.703638
1 0.30497 0.351145 0.0151796 0.0352759 0.702422
1 0.54976 0.541971 0.0160515 0.0465959 0.701091
1 0.411575 0.287113 0.0192963 0.0353988 0.700165
1 0.595418 0.455293 0.0110487 0.0429163 0.699253
1 0.292488 0.515108 0.014479 0.0410845 0.698578
1 0.593806 0.520355 0.0106793 0.0377697 0.695235
1 0.523944 0.535868 0.0303434 0.0525019 0.694958
1 0.280848 0.475956 0.0164707 0.0367001 0.69338
1 0.345414 0.458086 0.0166841 0.037118 0.693371
1 0.0310966 0.833151 0.0616733 0.268185 0.692542
2 0.265334 0.0847338 0.0343156 0.0871805 0.69219
1 0.316565 0.384511 0.0163164 0.0377226 0.691646
1 0.606814 0.46106 0.0117605 0.0374267 0.682138
2 0.604654 0.555584 0.0125639 0.0347709 0.678037
1 0.609926 0.398277 0.012819 0.0455963 0.666301
1 0.284163 0.412747 0.0223396 0.0334388 0.665091
1 0.553023 0.503415 0.0162739 0.0468583 0.661657
1 0.565572 0.549018 0.0177549 0.0460008 0.660304
1 0.566892 0.314634 0.0135462 0.0486551 0.657218
1 0.605439 0.524035 0.011569 0.033729 0.656907
1 0.405377 0.394565 0.0159964 0.042612 0.646959
1 0.559256 0.345557 0.015037 0.0606533 0.636815
2 0.579038 0.551218 0.0105181 0.0424434 0.631275
1 0.565335 0.588337 0.0180157 0.0413218 0.630371
1 0.514102 0.28944 0.0239378 0.038348 0.628996
1 0.286325 0.381798 0.0251828 0.0329826 0.628331
1 0.620246 0.442016 0.0108756 0.0340594 0.628095
1 0.609433 0.430308 0.0124296 0.0422312 0.626714
1 0.320461 0.519272 0.0149276 0.0414122 0.625633
1 0.618646 0.472627 0.0112204 0.0388989 0.621711
1 0.617815 0.504019 0.012912 0.0323841 0.616335
1 0.621057 0.414306 0.0115398 0.0351512 0.600902
2 0.0358735 0.535875 0.0419049 0.119582 0.600385
1 0.360759 0.464624 0.013015 0.0377279 0.600181
1 0.576883 0.403276 0.0157124 0.0571954 0.599033
1 0.279394 0.513212 0.0142757 0.0368434 0.593911
1 0.576541 0.365718 0.0146006 0.0563536 0.574137
1 0.544724 0.498661 0.0080019 0.0485282 0.570446
1 0.578145 0.332018 0.0113448 0.0427479 0.569833
1 0.581478 0.478407 0.0112881 0.0475171 0.56738
1 0.581273 0.513704 0.0110493 0.0397163 0.558819
1 0.342511 0.488929 0.0151665 0.0358383 0.557434
1 0.596254 0.41873 0.0112223 0.0483575 0.55431
2 0.590106 0.552138 0.0126513 0.0392047 0.550668
1 0.573661 0.480843 0.0226917 0.0497526 0.54906
1 0.397282 0.470574 0.0169858 0.0373006 0.542143
1 0.562408 0.353488 0.0182056 0.0586505 0.540103
1 0.55864 0.425461 0.0156349 0.0524534 0.537363
1 0.405618 0.434146 0.0120188 0.0401267 0.536499
2 0.00580754 0.531287 0.0115992 0.118834 0.536178
2 0.00799253 0.409726 0.0159851 0.111744 0.531487
2 0.173526 0.099198 0.0450573 0.0984055 0.527868
1 0.25933 0.475144 0.0138703 0.0381074 0.520293
1 0.592133 0.381219 0.0104803 0.0490986 0.517614
2 0.226275 0.0559958 0.0499017 0.100849 0.514566
1 0.394894 0.433726 0.0127399 0.0371268 0.507578
1 0.36242 0.432494 0.0126096 0.0368657 0.504078
2 0.222773 0.464825 0.0347156 0.076532 0.503976
