1 0.476337 0.366214 0.0426079 0.0416247 0.864019
1 0.466756 0.484578 0.0407803 0.0439874 0.861596
1 0.50172 0.447216 0.0259599 0.0433967 0.848111
1 0.469947 0.444124 0.0418358 0.0426012 0.847252
1 0.472617 0.405437 0.0421522 0.039204 0.845156
2 0.0633073 0.221279 0.0518253 0.106814 0.837578
1 0.507464 0.366468 0.0256257 0.0438076 0.834008
1 0.449569 0.285686 0.0263832 0.036634 0.833299
2 0.523412 0.53789 0.0315836 0.0498837 0.832549
1 0.480261 0.326246 0.0411104 0.0396701 0.829789
1 0.421683 0.358965 0.0215761 0.0388168 0.829744
2 0.520684 0.586352 0.031369 0.0547261 0.829576
1 0.482775 0.288378 0.0407001 0.0378054 0.823252
1 0.504293 0.406998 0.0256147 0.042019 0.821731
1 0.446556 0.323518 0.0271168 0.038263 0.8212
1 0.426709 0.321744 0.0194542 0.0377241 0.819869
2 0.248325 0.231224 0.0386353 0.0996057 0.819847
1 0.443104 0.362007 0.0273132 0.040704 0.81911
2 0.119076 0.153181 0.0470032 0.108486 0.811783
1 0.515138 0.287047 0.0270248 0.0389585 0.809017
1 0.404522 0.35741 0.0219333 0.037873 0.806568
1 0.309864 0.448251 0.0160802 0.0358881 0.805571
1 0.497996 0.487091 0.0245055 0.0443656 0.805392
1 0.42877 0.285027 0.0192906 0.0361031 0.804802
1 0.349087 0.397113 0.0196488 0.037714 0.802769
1 0.463195 0.5268 0.0419989 0.0422509 0.802302
2 0.204631 0.20855 0.0571067 0.124467 0.802024
1 0.460254 0.570708 0.0420513 0.0509447 0.800225
1 0.345789 0.427392 0.0191768 0.0387717 0.800117
1 0.5114 0.326006 0.0264355 0.0429493 0.79721
1 0.571595 0.474342 0.020694 0.0484909 0.793111
2 0.105395 0.244447 0.0469358 0.10449 0.792075
1 0.492978 0.574989 0.0251011 0.0512306 0.789837
1 0.440097 0.400125 0.0276695 0.0415695 0.789136
2 0.237243 0.308512 0.0358951 0.0896989 0.78782
1 0.43415 0.477948 0.0281763 0.0436155 0.785179
1 0.5356 0.331995 0.0246441 0.048473 0.784864
1 0.408138 0.32145 0.0228714 0.0355493 0.782927
2 0.230242 0.389591 0.0372974 0.0905292 0.779924
1 0.328755 0.420935 0.0193791 0.0374683 0.777744
2 0.215824 0.128364 0.0646648 0.113772 0.775764
1 0.437006 0.439408 0.0274788 0.040201 0.774986
1 0.554981 0.464356 0.0162254 0.0454018 0.773813
1 0.331448 0.390487 0.0193036 0.0372716 0.773747
1 0.589138 0.516667 0.0154373 0.0384594 0.769076
1 0.604635 0.493672 0.0118721 0.0404867 0.766578
1 0.313463 0.41693 0.0166017 0.0356089 0.764722
1 0.557775 0.424041 0.0153309 0.0512811 0.763986
1 0.0304433 0.836627 0.0608865 0.258725 0.761213
1 0.534046 0.371841 0.0287102 0.049018 0.759635
1 0.418261 0.395866 0.0222504 0.0432846 0.756848
1 0.333773 0.360474 0.0200697 0.0342651 0.754995
2 0.0532991 0.319761 0.04362 0.109255 0.754959
1 0.0969017 0.041976 0.0552136 0.083952 0.754067
1 0.595759 0.41629 0.01565 0.0469515 0.749788
2 0.25624 0.157299 0.0351149 0.0933778 0.747063
2 0.15816 0.172711 0.0467248 0.0955362 0.746428
1 0.575282 0.436906 0.0235794 0.0534726 0.746323
1 0.296815 0.445688 0.0148426 0.0342083 0.745651
1 0.325675 0.452338 0.0201832 0.0375487 0.739885
1 0.540659 0.290629 0.026548 0.0448576 0.734534
1 0.568047 0.506292 0.0209557 0.0438712 0.734368
1 0.282382 0.44266 0.0188554 0.0315852 0.730528
1 0.344071 0.45853 0.0179089 0.0385505 0.729182
1 0.359555 0.4636 0.0162364 0.0372221 0.727675
1 0.531433 0.414003 0.031971 0.0498432 0.722399
1 0.31582 0.38415 0.0165493 0.0359561 0.721549
2 0.0412934 0.120439 0.0432716 0.0876037 0.71673
1 0.351323 0.368349 0.0190083 0.035827 0.71658
1 0.299788 0.41353 0.0152231 0.0329222 0.712403
1 0.580366 0.367674 0.0225595 0.0555851 0.708345
1 0.283674 0.411977 0.0219769 0.0313348 0.705346
1 0.592122 0.487098 0.0143997 0.0385286 0.704017
1 0.0552097 0.0353569 0.0545266 0.0682477 0.703322
1 0.552351 0.50282 0.0159224 0.0452947 0.702015
1 0.606502 0.462425 0.0121603 0.0386562 0.69939
1 0.400763 0.394171 0.0199522 0.0399509 0.698166
1 0.578244 0.402774 0.0240192 0.0549008 0.696995
1 0.523287 0.493677 0.0268274 0.0488599 0.696286
1 0.55973 0.385788 0.0157568 0.0512071 0.685929
2 0.0784888 0.130293 0.0497802 0.118069 0.684002
1 0.360466 0.43323 0.0155251 0.0373326 0.67537
1 0.526846 0.45346 0.02794 0.0439266 0.672324
2 0.194959 0.289609 0.0561905 0.11967 0.66814
1 0.35669 0.494678 0.0151502 0.0331796 0.666232
2 0.266871 0.0852084 0.0352245 0.0937617 0.662133
1 0.282284 0.475376 0.0154993 0.0356071 0.655974
2 0.0952297 0.338032 0.0465403 0.105166 0.655311
1 0.428487 0.558387 0.0237559 0.0504184 0.648115
1 0.364808 0.402837 0.0154515 0.0364244 0.647203
1 0.594559 0.451952 0.0146992 0.0473658 0.645388
2 0.228666 0.0582653 0.0613078 0.105818 0.643083
1 0.294713 0.477121 0.0136189 0.0349956 0.641069
1 0.609822 0.428719 0.0136488 0.0438555 0.640416
1 0.302704 0.381981 0.0146675 0.0341512 0.638508
2 0.586719 0.549449 0.0168449 0.0368359 0.635621
1 0.564747 0.355741 0.014765 0.0586414 0.628922
1 0.317953 0.35359 0.0159596 0.0334423 0.628037
1 0.00859347 0.415295 0.0171869 0.116469 0.623984
1 0.60206 0.524728 0.0124147 0.0341465 0.622444
1 0.566096 0.54526 0.0215941 0.0405467 0.621022
2 0.495561 0.530056 0.0250481 0.045735 0.612574
1 0.0427522 0.425989 0.035862 0.109728 0.604533
1 0.415936 0.435893 0.0198622 0.0402932 0.601699
1 0.567238 0.314169 0.0175425 0.0550752 0.590705
2 0.618243 0.558288 0.0111068 0.0263365 0.587989
1 0.410948 0.286173 0.0215351 0.0338714 0.587726
1 0.394143 0.860502 0.054304 0.119329 0.583888
2 0.219716 0.470433 0.0280449 0.0820355 0.583557
1 0.307136 0.480006 0.0137039 0.0346378 0.583427
2 0.17159 0.0964068 0.0438797 0.0964254 0.575547
1 0.495223 0.531567 0.02547 0.0455185 0.573816
1 0.341735 0.490179 0.0164853 0.0364821 0.571335
1 0.366397 0.375214 0.0144487 0.0314401 0.571067
1 0.430973 0.518067 0.0274608 0.0361496 0.570922
1 0.583179 0.333904 0.0231306 0.04934 0.569441
1 0.610294 0.394545 0.0135628 0.0475672 0.561539
1 0.293345 0.514868 0.0140529 0.0403751 0.560214
1 0.554168 0.341775 0.0124187 0.0588714 0.557375
2 0.277409 0.0288739 0.0404226 0.0577478 0.554554
1 0.630678 0.580047 0.0115864 0.0161304 0.553416
1 0.306353 0.517581 0.0130714 0.0417886 0.551584
1 0.280848 0.511514 0.0133744 0.034159 0.538409
1 0.0104081 0.0902632 0.0208162 0.100857 0.538094
1 0.407959 0.554349 0.0164892 0.051175 0.522239
1 0.0634507 0.430081 0.0749621 0.118828 0.511875
1 0.563735 0.589809 0.0209825 0.0432697 0.508795
