2 0.114446 0.304039 0.082893 0.0939979 0.890178
2 0.111181 0.22402 0.0831355 0.0829311 0.885786
2 0.0472593 0.153271 0.041542 0.078427 0.884123
2 0.109443 0.148976 0.0811539 0.0736553 0.876206
2 0.121032 0.38911 0.0851733 0.109524 0.873009
2 0.012748 0.163893 0.0254959 0.0800738 0.866572
2 0.184498 0.290757 0.0551419 0.0855212 0.866425
2 0.0492557 0.31571 0.0459282 0.0957103 0.864516
2 0.0548943 0.40804 0.0471296 0.104301 0.8623
2 0.0472298 0.233085 0.0445908 0.0868764 0.859153
2 0.200594 0.452003 0.0554633 0.098181 0.858751
2 0.191482 0.370424 0.055664 0.0928555 0.857539
2 0.210879 0.535552 0.0537648 0.098073 0.856671
2 0.129182 0.477881 0.0893678 0.12299 0.856017
2 0.17887 0.21578 0.0524559 0.0752358 0.848773
2 0.0619546 0.502846 0.0483217 0.10675 0.847706
2 0.0124485 0.242428 0.024897 0.0854527 0.846912
2 0.224448 0.213812 0.0413013 0.0713949 0.836864
2 0.230944 0.284414 0.0399092 0.0763161 0.82822
2 0.256113 0.518749 0.0375654 0.0844838 0.817268
2 0.236281 0.360627 0.0395968 0.0847672 0.813102
1 0.484248 0.338262 0.0441587 0.0667954 0.81104
2 0.24434 0.437695 0.0384539 0.0867934 0.809571
2 0.140776 0.561562 0.0926981 0.118386 0.804512
2 0.17431 0.146507 0.048659 0.0701063 0.800001
2 0.109645 0.0766392 0.0744378 0.0511979 0.796924
2 0.0485915 0.0829919 0.042063 0.0682214 0.795104
1 0.340345 0.471013 0.0172309 0.0431005 0.792518
1 0.560105 0.26527 0.0233948 0.0395304 0.791652
1 0.0653945 0.828694 0.0590417 0.138048 0.790158
1 0.168242 0.0266947 0.0499917 0.0533895 0.783418
1 0.356191 0.46541 0.0205415 0.0403339 0.781821
1 0.513491 0.322732 0.0276485 0.0550512 0.780318
1 0.527829 0.229797 0.0295446 0.0437499 0.774691
1 0.534053 0.268827 0.029315 0.0456375 0.773434
2 0.0200416 0.518561 0.0385069 0.10368 0.770777
2 0.129558 0.661801 0.0433196 0.100185 0.770645
1 0.441005 0.289465 0.0273426 0.0587432 0.770185
1 0.490159 0.378374 0.0427964 0.0580685 0.769483
1 0.427693 0.337022 0.0194483 0.0518152 0.768187
1 0.374617 0.458578 0.0213797 0.0411155 0.766945
1 0.051453 0.0324783 0.0415108 0.0421029 0.757899
1 0.351583 0.433812 0.0222658 0.0411506 0.757846
1 0.33264 0.510193 0.0159741 0.0415769 0.757196
1 0.207308 0.0261722 0.0279751 0.0523444 0.756419
2 0.262293 0.594252 0.0338434 0.0743074 0.755666
1 0.378136 0.488886 0.0195571 0.0393117 0.752832
1 0.538851 0.309706 0.0290958 0.0498823 0.750993
1 0.360078 0.495976 0.0216754 0.0429959 0.750463
1 0.519467 0.364982 0.0235691 0.0488791 0.750328
1 0.34466 0.505221 0.0158998 0.042199 0.743487
1 0.566611 0.302052 0.0223639 0.0424306 0.742353
1 0.0515221 0.0162056 0.042215 0.0324112 0.742297
1 0.472435 0.264915 0.0419078 0.0618053 0.739651
1 0.552545 0.228515 0.0247179 0.0387178 0.738076
1 0.457931 0.398565 0.0270887 0.054637 0.736621
1 0.495543 0.420487 0.0430879 0.0579822 0.735121
1 0.500985 0.244295 0.0274881 0.0531231 0.73453
1 0.508723 0.281662 0.028924 0.050123 0.733487
1 0.552616 0.386933 0.0352343 0.0472478 0.727822
1 0.47798 0.301154 0.0433121 0.0569996 0.727794
1 0.451015 0.360895 0.0303061 0.0571693 0.727729
2 0.172256 0.0827559 0.0484134 0.0617248 0.727519
1 0.0899603 0.692249 0.04361 0.108046 0.727494
2 0.220013 0.146121 0.0427657 0.0698549 0.726505
1 0.594792 0.373986 0.0233088 0.045015 0.721279
1 0.104716 0.025881 0.0655431 0.051762 0.72121
2 0.214718 0.603119 0.0408594 0.0572354 0.716033
1 0.525172 0.40244 0.0224438 0.0478135 0.708213
1 0.576809 0.265067 0.0222136 0.0359947 0.707792
1 0.447063 0.327529 0.0294001 0.0543557 0.707131
1 0.630873 0.359971 0.0141905 0.0353761 0.705475
1 0.572296 0.340161 0.020694 0.0428152 0.705203
2 0.0134965 0.0866987 0.026993 0.0748183 0.705087
1 0.110386 0.799059 0.0570822 0.137881 0.705077
1 0.369438 0.427033 0.0205949 0.0376225 0.70493
1 0.632442 0.299937 0.014384 0.0327755 0.699809
1 0.327267 0.478859 0.0156063 0.0423721 0.699405
1 0.577271 0.375642 0.0229668 0.0442836 0.692185
1 0.615404 0.270459 0.0180475 0.0311982 0.686626
1 0.322717 0.45005 0.0152015 0.0398363 0.68623
2 0.10951 0.0912345 0.0767896 0.0467459 0.676438
1 0.601293 0.412233 0.0227123 0.0400525 0.672996
1 0.619464 0.300226 0.0178057 0.0346914 0.672368
2 0.0131796 0.324042 0.0262903 0.0831999 0.671154
1 0.584495 0.3001 0.0253164 0.0389372 0.667655
2 0.211572 0.0838101 0.0292924 0.0597229 0.660986
1 0.583795 0.414798 0.0200124 0.0428407 0.659582
1 0.547319 0.348087 0.035261 0.0479653 0.65692
1 0.620594 0.331612 0.0183937 0.0339076 0.655863
1 0.629513 0.271792 0.0144911 0.0290393 0.648581
1 0.642333 0.357191 0.0121237 0.0345952 0.647284
2 0.0134746 0.74422 0.0267204 0.119454 0.634844
1 0.462524 0.435464 0.024383 0.0476997 0.63301
1 0.544023 0.484524 0.0207615 0.0560229 0.630864
1 0.60939 0.240719 0.0171366 0.0288484 0.621776
2 0.172648 0.630136 0.0452961 0.0632596 0.62087
1 0.43127 0.374884 0.0199648 0.0502459 0.616533
1 0.589223 0.336809 0.0235193 0.038623 0.616152
1 0.638703 0.328335 0.0158114 0.0315886 0.614634
1 0.335153 0.543098 0.0182604 0.0442464 0.605263
1 0.318463 0.519742 0.0165457 0.0404497 0.598606
2 0.0446532 0.711973 0.040824 0.0992408 0.597777
1 0.34817 0.535956 0.0149558 0.0435789 0.594689
2 0.559863 0.42617 0.0334099 0.0554266 0.583775
1 0.369019 0.561459 0.0178519 0.0431254 0.573346
1 0.336522 0.442644 0.0162623 0.0385512 0.569106
1 0.382428 0.521434 0.0190209 0.0405443 0.567074
2 0.00717336 0.640196 0.0143467 0.107849 0.564755
1 0.145422 0.780112 0.0434229 0.141874 0.55959
2 0.567696 0.47584 0.0294003 0.0603938 0.558705
1 0.440368 0.409671 0.0153765 0.0473367 0.552032
1 0.606429 0.299986 0.0154833 0.0349879 0.548945
1 0.606441 0.334204 0.0157436 0.0363361 0.548105
2 0.501243 0.46153 0.040744 0.054107 0.545158
1 0.421104 0.304693 0.0189621 0.0527037 0.544601
1 0.353055 0.571206 0.0167319 0.0470632 0.543926
2 0.0298387 0.619016 0.0432084 0.106014 0.535306
1 0.608613 0.371078 0.0153695 0.0438812 0.532813
1 0.234347 0.027304 0.0242333 0.047986 0.532097
1 0.5443 0.307224 0.0306532 0.0489257 0.520784
2 0.0144202 0.418556 0.0288404 0.10348 0.519153
1 0.342869 0.573698 0.0138993 0.0443827 0.513012
1 0.0742405 0.596994 0.0467472 0.116681 0.502378
1 0.314248 0.490298 0.0154479 0.0439744 0.501158
