2 0.147016 0.373215 0.087346 0.109045 0.898664
2 0.132923 0.130743 0.0775581 0.0771636 0.881541
2 0.0317547 0.313934 0.0417263 0.0951229 0.879154
2 0.0357997 0.407167 0.0420464 0.102819 0.875506
2 0.0886916 0.481999 0.0489003 0.101617 0.872449
2 0.155943 0.457328 0.0915446 0.119923 0.87137
2 0.136284 0.208469 0.0821612 0.0820367 0.867447
2 0.0800581 0.387688 0.0473827 0.104408 0.867046
2 0.112916 0.800091 0.0957697 0.155275 0.866603
2 0.141291 0.286355 0.0860435 0.0956612 0.866268
2 0.0302993 0.226226 0.0395559 0.0825376 0.863955
2 0.0712251 0.13817 0.0416513 0.0763811 0.861488
2 0.0334834 0.0722848 0.0367399 0.0740302 0.843275
2 0.0431647 0.500866 0.0452244 0.107894 0.836594
2 0.0311237 0.145797 0.0381735 0.0789519 0.830453
2 0.0723607 0.215949 0.0437826 0.0833184 0.818705
2 0.0545926 0.599071 0.0488705 0.111373 0.815937
1 0.513119 0.322745 0.0418771 0.0613727 0.814011
2 0.281646 0.49758 0.0378639 0.0848195 0.812032
2 0.0746046 0.296849 0.0445825 0.0892479 0.809632
2 0.0113677 0.521427 0.0226702 0.117855 0.80957
1 0.617819 0.319406 0.0231383 0.0401542 0.807493
1 0.476341 0.308382 0.0294157 0.0548907 0.799099
1 0.6133 0.283452 0.023975 0.0396523 0.78791
2 0.251752 0.266726 0.054713 0.0749994 0.784773
1 0.486291 0.381072 0.0295457 0.0572369 0.781448
1 0.470207 0.271091 0.0276854 0.053933 0.780454
1 0.464215 0.235941 0.0272285 0.0555404 0.780071
1 0.375808 0.384089 0.0232714 0.0399178 0.779691
1 0.402957 0.441007 0.0192666 0.0371682 0.77723
1 0.394865 0.379017 0.0197739 0.0386635 0.776149
1 0.593158 0.284567 0.0255713 0.0403631 0.774369
1 0.38122 0.415724 0.0235654 0.0407336 0.774004
1 0.54916 0.175147 0.0300266 0.0429303 0.773176
1 0.519269 0.364438 0.0455179 0.0605182 0.772192
1 0.524717 0.401091 0.0443381 0.0587596 0.771927
2 0.274538 0.418621 0.04277 0.082815 0.768443
1 0.410756 0.376858 0.0166779 0.0392537 0.76539
2 0.00767776 0.0766739 0.0153555 0.081117 0.763129
1 0.599373 0.322939 0.0229935 0.0427344 0.762196
1 0.479769 0.345315 0.0288424 0.0534324 0.760736
1 0.399356 0.412265 0.0209776 0.0410021 0.759272
1 0.605832 0.248049 0.0242821 0.0389739 0.756441
2 0.0685981 0.691774 0.0471751 0.109606 0.755012
1 0.385943 0.447167 0.0215704 0.036603 0.754981
1 0.563265 0.250884 0.0310701 0.0447736 0.750073
1 0.62372 0.35666 0.0208272 0.0443093 0.747107
1 0.587842 0.247839 0.0259535 0.0405263 0.745403
1 0.384669 0.552012 0.0157511 0.0486369 0.744568
1 0.495425 0.214053 0.0422132 0.0649814 0.742588
1 0.407971 0.471533 0.0204574 0.0398565 0.741603
1 0.508666 0.285045 0.0433437 0.0591329 0.741126
2 0.295118 0.576491 0.0397597 0.0804149 0.740658
1 0.556645 0.213537 0.0320692 0.0441172 0.739511
2 0.113586 0.669119 0.0461917 0.101466 0.733461
2 0.0721981 0.0658467 0.040673 0.0673656 0.73231
1 0.459456 0.35694 0.0204151 0.0541043 0.731027
2 0.00767816 0.420375 0.0153563 0.106032 0.729639
1 0.530977 0.224866 0.0264856 0.0515916 0.729558
2 0.26191 0.339575 0.0482784 0.0770269 0.725475
1 0.379706 0.515201 0.0173474 0.0372873 0.725116
1 0.370413 0.558914 0.0183439 0.0494123 0.723606
2 0.244308 0.195592 0.0574909 0.0733513 0.722568
1 0.389352 0.478469 0.0240008 0.0410422 0.721371
1 0.573854 0.175152 0.0258339 0.0410554 0.721196
1 0.524367 0.185427 0.0252062 0.0511269 0.721163
1 0.55579 0.379917 0.0248484 0.0526942 0.719661
2 0.00540631 0.151299 0.0107102 0.072779 0.717361
1 0.582847 0.369034 0.0300646 0.0486221 0.7167
1 0.580858 0.211659 0.0237024 0.0422904 0.710161
1 0.542894 0.307502 0.0251698 0.0571166 0.709654
1 0.450217 0.283393 0.0215096 0.0540307 0.708781
1 0.605715 0.359723 0.0231274 0.0450273 0.705658
1 0.59954 0.215218 0.023464 0.0396148 0.704134
1 0.537696 0.266714 0.0288129 0.0522658 0.69936
1 0.35901 0.495485 0.0130203 0.0413184 0.689551
1 0.575498 0.329822 0.0302256 0.0465837 0.688837
1 0.352355 0.531848 0.0141373 0.0411587 0.688508
1 0.589289 0.412344 0.030418 0.054188 0.685791
1 0.569068 0.29024 0.0326185 0.0477532 0.683723
1 0.632253 0.282465 0.0215652 0.0357776 0.683048
2 0.155422 0.644332 0.0446614 0.0944479 0.669858
1 0.501877 0.250831 0.0408644 0.0644446 0.664756
1 0.454436 0.322962 0.0210885 0.0515184 0.663663
1 0.493577 0.421289 0.0258139 0.0524852 0.65556
1 0.366619 0.522616 0.0165465 0.039205 0.651335
1 0.344982 0.533558 0.0120632 0.0376448 0.648392
2 0.00471495 0.23011 0.00928472 0.079025 0.647993
2 0.168021 0.549581 0.0939692 0.127444 0.637311
1 0.595488 0.184345 0.0225086 0.0359785 0.616335
1 0.365649 0.487158 0.0120898 0.0419732 0.614891
2 0.00491216 0.319536 0.009661 0.0925128 0.609589
1 0.446752 0.248719 0.0158318 0.0490767 0.599787
1 0.342544 0.470286 0.0172248 0.0412896 0.593393
1 0.562565 0.42099 0.0266497 0.0467367 0.5909
1 0.355957 0.463433 0.0122811 0.0426027 0.576275
1 0.649261 0.283662 0.0160391 0.0334223 0.576101
1 0.394946 0.510108 0.0193825 0.0381907 0.575229
1 0.655325 0.313845 0.0172758 0.0332806 0.573594
1 0.63597 0.316192 0.0198738 0.0377035 0.567749
1 0.621886 0.248812 0.018703 0.0369535 0.564616
1 0.615805 0.217862 0.016325 0.0335963 0.552501
1 0.369347 0.454629 0.0172711 0.0380819 0.550664
1 0.416724 0.433167 0.01532 0.0370211 0.549911
1 0.413645 0.404649 0.0152533 0.0348885 0.546716
1 0.359155 0.391177 0.0135832 0.0439606 0.546221
1 0.550419 0.344775 0.0255598 0.0480375 0.531821
1 0.0193927 0.628471 0.0387026 0.1281 0.520632
1 0.631652 0.251688 0.0175005 0.032974 0.517732
1 0.342738 0.50257 0.0177338 0.0395981 0.512655
1 0.479629 0.466388 0.0200897 0.0471996 0.510269
1 0.628845 0.221891 0.0148842 0.0338348 0.506178
1 0.628247 0.394377 0.0197247 0.0384068 0.505599
1 0.64617 0.254962 0.0167582 0.0313867 0.500015
