2 0.147104 0.371729 0.0873106 0.111588 0.89024
2 0.137332 0.2081 0.0841331 0.0840375 0.882334
2 0.156224 0.458257 0.0922404 0.123977 0.881688
2 0.134814 0.132164 0.0813759 0.0724694 0.870527
2 0.0709976 0.139931 0.0424377 0.0761632 0.870456
2 0.14152 0.284335 0.08557 0.0971619 0.869653
2 0.167282 0.547089 0.0957648 0.127557 0.86951
2 0.0799927 0.39131 0.0483654 0.10285 0.849171
2 0.0733459 0.298188 0.0466463 0.0865462 0.847471
2 0.221197 0.12877 0.0901563 0.0729223 0.8469
2 0.224996 0.199312 0.0894313 0.0736756 0.836093
1 0.384458 0.552448 0.0171006 0.0489417 0.831081
2 0.237038 0.515979 0.0545977 0.0965389 0.829115
1 0.40835 0.469801 0.0207249 0.0386759 0.827939
2 0.0914071 0.482895 0.044078 0.0960885 0.821028
2 0.283097 0.49694 0.0379644 0.0853295 0.816501
2 0.0118918 0.520252 0.0237059 0.116695 0.805814
1 0.513587 0.322366 0.0423584 0.0614466 0.805801
1 0.402797 0.439473 0.0197267 0.0370829 0.801391
2 0.228438 0.430982 0.0563783 0.0962013 0.801345
2 0.0613186 0.693276 0.0381953 0.103258 0.796552
2 0.0713799 0.218992 0.0436029 0.0792658 0.792505
2 0.0464093 0.604077 0.0336505 0.0997338 0.789774
1 0.389602 0.477414 0.0243034 0.0403995 0.787151
1 0.486771 0.382165 0.0289641 0.0568876 0.783959
1 0.49427 0.420397 0.0259207 0.0490592 0.783586
1 0.519785 0.361654 0.0453186 0.0635925 0.780129
1 0.475999 0.30893 0.0276329 0.0552928 0.77774
1 0.52573 0.401032 0.0434822 0.0579358 0.776132
1 0.376247 0.385013 0.0225644 0.0388214 0.774844
2 0.0385622 0.145017 0.0224814 0.0737821 0.774661
2 0.242696 0.584707 0.0447245 0.0555335 0.774104
1 0.385729 0.446489 0.0223147 0.0370217 0.773867
1 0.480743 0.467919 0.0185453 0.048072 0.772334
1 0.470461 0.271275 0.0276932 0.0525081 0.769565
1 0.380747 0.416463 0.0239028 0.0407689 0.769393
1 0.394644 0.380526 0.0223019 0.0367862 0.765727
1 0.464669 0.236957 0.0274261 0.0538752 0.765357
1 0.62348 0.357915 0.0197741 0.0424603 0.765151
2 0.0384618 0.0726268 0.0252512 0.0681846 0.756758
1 0.370572 0.558461 0.0175669 0.0482225 0.753357
2 0.231074 0.271255 0.0922088 0.086401 0.752233
1 0.508206 0.28384 0.0433281 0.0598248 0.75159
1 0.459379 0.355619 0.023345 0.0533686 0.751542
1 0.379538 0.515103 0.0182987 0.0390255 0.75113
1 0.0412132 0.83397 0.0651084 0.15133 0.749997
2 0.214622 0.0642729 0.079665 0.0606622 0.741899
2 0.219003 0.349899 0.0546084 0.0909784 0.738522
2 0.0720181 0.0668224 0.0418226 0.0648955 0.736221
1 0.39919 0.41064 0.0220291 0.0394775 0.733381
1 0.480771 0.345876 0.0264482 0.0532171 0.733166
1 0.543258 0.309095 0.0284029 0.0573569 0.731618
2 0.275386 0.420042 0.0409449 0.0853112 0.731223
1 0.373041 0.485812 0.0150474 0.042681 0.730415
1 0.394717 0.508252 0.0203898 0.0396158 0.730248
1 0.451267 0.283706 0.0206749 0.054718 0.72791
1 0.495544 0.214567 0.0414054 0.061017 0.726753
1 0.61868 0.320844 0.0235479 0.0408884 0.726521
1 0.573873 0.174674 0.0274731 0.0397234 0.723823
2 0.133305 0.064833 0.0775806 0.0596314 0.716962
1 0.537964 0.267762 0.028829 0.051923 0.711987
1 0.556704 0.381388 0.0260782 0.0507163 0.709657
1 0.549615 0.175589 0.0297745 0.0430493 0.708459
1 0.584278 0.36921 0.0341677 0.0493934 0.704146
1 0.600248 0.322828 0.0230394 0.0422365 0.704106
1 0.581667 0.210679 0.023892 0.0410349 0.701846
1 0.359881 0.495619 0.0133077 0.0411862 0.700564
1 0.41736 0.432261 0.0152355 0.0363569 0.69868
1 0.412629 0.503736 0.0180655 0.0391129 0.698357
2 0.177676 0.643029 0.0898554 0.114457 0.697928
2 0.266394 0.34098 0.0423008 0.0842453 0.697253
1 0.550229 0.34546 0.0254894 0.0507527 0.697132
1 0.530861 0.225908 0.0275742 0.0533068 0.696599
1 0.501875 0.252083 0.0407055 0.068561 0.689973
1 0.557592 0.213953 0.0361845 0.0466528 0.684985
1 0.524568 0.185643 0.0262789 0.0480294 0.681507
1 0.455766 0.322042 0.0207323 0.0494251 0.679868
1 0.366481 0.522607 0.0169116 0.0397044 0.676226
1 0.576831 0.330091 0.034852 0.0473669 0.675817
1 0.605061 0.247656 0.0224989 0.0372136 0.674193
1 0.474408 0.429778 0.0201347 0.0446813 0.672164
1 0.599585 0.214036 0.0232789 0.0371754 0.670871
1 0.356694 0.464224 0.0136334 0.0438375 0.670682
1 0.103622 0.576471 0.0395711 0.110215 0.666453
1 0.446558 0.249875 0.0173294 0.0440697 0.664771
1 0.344741 0.50243 0.0172423 0.0408213 0.660163
1 0.565763 0.250395 0.0332209 0.0406615 0.659919
1 0.342404 0.471313 0.0152081 0.0421951 0.656542
1 0.588385 0.246474 0.0217537 0.0394061 0.656019
1 0.593299 0.28296 0.0222504 0.0398841 0.649512
1 0.349789 0.533327 0.0193139 0.0448227 0.646967
2 0.600995 0.453388 0.036854 0.0555013 0.645835
1 0.570943 0.288945 0.0346287 0.05122 0.6443
1 0.608238 0.360222 0.020046 0.0438015 0.643399
1 0.594956 0.179967 0.0227003 0.0384438 0.640929
1 0.626817 0.394591 0.0155064 0.042457 0.634989
2 0.00824883 0.419314 0.0164977 0.0984569 0.634781
2 0.039618 0.221498 0.0177518 0.0759079 0.632974
1 0.370713 0.455206 0.0156357 0.0412796 0.623068
1 0.347103 0.534208 0.0153204 0.0405541 0.621063
1 0.0185709 0.624177 0.0371417 0.116894 0.619667
1 0.564209 0.421681 0.0280202 0.0491516 0.619458
1 0.590464 0.409999 0.0317019 0.0458679 0.619153
1 0.398336 0.545028 0.0180974 0.0444187 0.612412
1 0.413165 0.401333 0.0160535 0.0400319 0.611721
1 0.461786 0.47498 0.0190606 0.0432234 0.598328
1 0.423685 0.465618 0.0173054 0.0412341 0.592113
2 0.0254702 0.712999 0.0423752 0.0955894 0.566121
1 0.410969 0.379102 0.0177712 0.0399277 0.565381
2 0.291543 0.574723 0.037164 0.0777002 0.556212
1 0.497914 0.457129 0.0240467 0.0468957 0.555652
1 0.469462 0.395625 0.0181452 0.0487379 0.527452
1 0.612852 0.28186 0.0269459 0.0371768 0.524345
1 0.42853 0.496245 0.01712 0.0425727 0.521688
1 0.61668 0.217227 0.0169086 0.0338346 0.517866
1 0.331199 0.447085 0.0161423 0.0392476 0.505872
