1 0.478003 0.324788 0.0428721 0.0390787 0.87206
1 0.48112 0.286081 0.042197 0.0407374 0.864163
1 0.474221 0.364531 0.0449012 0.042179 0.860223
1 0.465619 0.481005 0.0417127 0.0431812 0.858416
1 0.445522 0.32287 0.0289303 0.0386936 0.854452
1 0.30955 0.448002 0.0160318 0.0352376 0.848149
1 0.499005 0.447355 0.0242594 0.0445231 0.847515
1 0.468146 0.442748 0.0416752 0.0426751 0.84737
1 0.502465 0.406715 0.0243214 0.0451246 0.845622
1 0.0441373 0.422182 0.0428566 0.104491 0.845211
1 0.509511 0.325952 0.0255932 0.0438128 0.845147
1 0.44903 0.284892 0.02764 0.039949 0.844968
1 0.506129 0.36615 0.0244411 0.0445683 0.841825
2 0.0605622 0.22006 0.0533665 0.107805 0.838472
1 0.471209 0.403492 0.0433186 0.0396694 0.83362
1 0.0860559 0.432129 0.0418478 0.0924596 0.831518
1 0.295951 0.445051 0.0160044 0.0344371 0.831012
1 0.512314 0.285855 0.0259483 0.043868 0.827582
2 0.247587 0.23236 0.0394246 0.101294 0.827496
2 0.0954162 0.339836 0.047435 0.102982 0.824195
1 0.441763 0.360462 0.0278425 0.0396981 0.822082
2 0.228738 0.387718 0.0380066 0.0877663 0.819833
1 0.332789 0.357856 0.0194995 0.0410684 0.815197
2 0.195258 0.292032 0.0560733 0.107211 0.813512
2 0.204295 0.211088 0.0572805 0.1184 0.808739
2 0.0511816 0.318728 0.0477253 0.111699 0.808332
1 0.538527 0.290072 0.0304098 0.0515791 0.807791
1 0.325597 0.451557 0.0220613 0.034532 0.807311
1 0.426011 0.3213 0.0191967 0.0377738 0.803687
1 0.460468 0.572381 0.0404509 0.0506788 0.803652
1 0.522838 0.492781 0.0285703 0.0484506 0.803342
1 0.328393 0.421971 0.0203694 0.036215 0.799047
1 0.323387 0.482561 0.0211723 0.0342119 0.795286
1 0.428396 0.284152 0.0206015 0.0387757 0.793896
2 0.237456 0.308983 0.037102 0.090829 0.793574
2 0.216692 0.131349 0.0627176 0.115672 0.792214
1 0.34791 0.395181 0.020134 0.0384585 0.791382
1 0.306708 0.479454 0.0161118 0.03446 0.790014
1 0.34614 0.42587 0.0198863 0.0357808 0.788979
1 0.496707 0.486853 0.0242498 0.0436253 0.787663
1 0.407709 0.508191 0.016399 0.0395501 0.786046
1 0.524636 0.452742 0.0293956 0.0440912 0.785764
1 0.330547 0.390339 0.0202529 0.0378389 0.781715
1 0.436059 0.436456 0.0266294 0.0417138 0.77945
2 0.185952 0.372516 0.0528126 0.0968089 0.778493
1 0.535384 0.331368 0.0319693 0.0505491 0.778465
1 0.462684 0.522283 0.0423002 0.0438511 0.778389
2 0.119694 0.15591 0.0472532 0.102806 0.776913
2 0.255531 0.157115 0.035389 0.0944842 0.771921
1 0.438112 0.397289 0.0267601 0.0418944 0.769245
2 0.10428 0.247093 0.0468957 0.103711 0.766755
1 0.312507 0.41529 0.0169282 0.0346319 0.765455
1 0.528671 0.413094 0.0324018 0.0518806 0.765366
1 0.318634 0.352386 0.016859 0.0350765 0.765236
1 0.293516 0.475992 0.0153327 0.0352655 0.761017
1 0.433741 0.474124 0.0269508 0.0397261 0.759201
1 0.344111 0.457813 0.0194037 0.0362253 0.758526
2 0.159987 0.174725 0.0442733 0.0930681 0.756381
1 0.341748 0.489585 0.0190198 0.0369105 0.754954
1 0.531448 0.37113 0.0319632 0.0497669 0.754331
1 0.392141 0.505455 0.0169323 0.03917 0.754024
1 0.421342 0.35835 0.0209239 0.0375329 0.753226
1 0.350642 0.364548 0.0198181 0.0421995 0.75267
1 0.0529468 0.542297 0.0739833 0.115695 0.74956
1 0.0986492 0.0413975 0.0538062 0.0824878 0.747418
1 0.555673 0.465866 0.0166765 0.0490478 0.745315
2 0.220612 0.468116 0.0358667 0.0796916 0.73669
1 0.298706 0.413431 0.0144938 0.0332609 0.72829
2 0.522067 0.53566 0.0282686 0.0506385 0.721141
1 0.359073 0.462313 0.0134851 0.0392527 0.720206
1 0.407161 0.32129 0.0226596 0.0347758 0.716689
1 0.572599 0.476332 0.0202301 0.0529814 0.715813
1 0.00848862 0.411109 0.0169772 0.0985958 0.71561
1 0.556765 0.423535 0.0175018 0.0521322 0.714122
1 0.492174 0.82031 0.1391 0.204154 0.713742
1 0.305111 0.516594 0.0147227 0.0441271 0.713109
1 0.494859 0.527766 0.0243656 0.0448823 0.712358
2 0.0772111 0.126715 0.0493262 0.118578 0.710244
1 0.418175 0.395107 0.018791 0.0423877 0.709606
2 0.0408868 0.114529 0.0465539 0.0978678 0.707326
1 0.417936 0.434775 0.0146364 0.0418443 0.704125
1 0.574269 0.437748 0.0217901 0.0501302 0.702133
1 0.492359 0.577647 0.0250523 0.0562664 0.692816
1 0.301934 0.381009 0.0147615 0.0335453 0.689035
1 0.357162 0.492387 0.0126294 0.0339454 0.675558
1 0.361169 0.429243 0.0135185 0.0350808 0.672508
1 0.283309 0.442015 0.01541 0.0323081 0.668982
1 0.63147 0.560792 0.0115366 0.019057 0.66692
1 0.314925 0.382434 0.0169506 0.0349831 0.663717
1 0.405177 0.357939 0.0193123 0.0372932 0.660086
1 0.558418 0.387606 0.0183882 0.057104 0.658973
1 0.131362 0.0687766 0.0517966 0.0887622 0.656091
1 0.595858 0.419558 0.0153503 0.04953 0.653538
2 0.0540572 0.037046 0.054891 0.0695864 0.653081
1 0.30456 0.350651 0.0154947 0.0333413 0.651192
2 0.173766 0.0918165 0.0453249 0.106206 0.650115
2 0.267116 0.0819781 0.0373265 0.0964126 0.649773
1 0.291046 0.514471 0.0160698 0.0424666 0.648402
2 0.273183 0.0273976 0.048323 0.0547953 0.638553
1 0.577094 0.401237 0.0214386 0.0566374 0.627587
1 0.377285 0.504471 0.0132692 0.0374776 0.626959
1 0.569417 0.510398 0.0210663 0.045693 0.621392
1 0.382355 0.466919 0.00867767 0.0388466 0.621202
1 0.392339 0.46833 0.0121428 0.0393697 0.618145
1 0.321217 0.517115 0.0202079 0.0409851 0.617794
1 0.281557 0.474298 0.0144174 0.0359319 0.617504
1 0.5665 0.544323 0.0208095 0.0403102 0.615035
1 0.609515 0.397787 0.0127074 0.0449719 0.614958
1 0.366824 0.508791 0.00968189 0.0410623 0.613816
1 0.608756 0.428238 0.013059 0.0449434 0.608094
1 0.620159 0.441754 0.0113785 0.0374076 0.605699
1 0.409497 0.284672 0.0207014 0.0372507 0.584227
1 0.407064 0.550199 0.015663 0.0487924 0.578024
1 0.555227 0.342635 0.00987587 0.0578072 0.577993
2 0.620618 0.557955 0.00937672 0.0219949 0.576706
1 0.370504 0.466327 0.0115832 0.0419259 0.575707
1 0.416451 0.471321 0.0123354 0.0372891 0.574223
1 0.00997433 0.0872686 0.0199487 0.105132 0.572348
1 0.586344 0.331328 0.0168355 0.0512377 0.56648
1 0.130869 0.428113 0.0379529 0.0551266 0.561635
1 0.28601 0.411686 0.0168303 0.032302 0.560334
1 0.558852 0.34294 0.0159277 0.0566655 0.558185
1 0.054949 0.0406379 0.0567604 0.0737934 0.556076
1 0.629483 0.510179 0.00938619 0.0241065 0.55465
2 0.62113 0.54014 0.00885716 0.0222577 0.537466
1 0.631278 0.575592 0.0122072 0.0178699 0.534721
1 0.605741 0.462444 0.011215 0.0417753 0.53208
2 0.588518 0.51875 0.0132021 0.0405858 0.525559
1 0.366405 0.378065 0.0141867 0.0414924 0.522527
1 0.564917 0.311899 0.0158155 0.0602529 0.522178
1 0.388263 0.431548 0.00974363 0.0404665 0.521051
1 0.00700085 0.525258 0.0140017 0.127893 0.519395
1 0.401621 0.394542 0.0144028 0.0398449 0.517848
2 0.519593 0.587527 0.0265998 0.0573581 0.517449
2 0.546824 0.540136 0.0185444 0.0464741 0.516984
2 0.593459 0.453438 0.0134003 0.0414224 0.516698
1 0.620599 0.419348 0.0117179 0.0397178 0.510059
1 0.584199 0.370608 0.0154809 0.0544534 0.509503
1 0.176103 0.450069 0.048303 0.071899 0.505816
