2 0.114078 0.302593 0.0829312 0.0959784 0.885881
2 0.110558 0.223431 0.0808599 0.0793248 0.878191
2 0.0132078 0.163 0.0264156 0.0760754 0.877843
2 0.189936 0.0831363 0.081872 0.0608708 0.874379
2 0.128759 0.47489 0.0896829 0.123644 0.874017
2 0.120251 0.389822 0.0843393 0.105057 0.873343
2 0.0476687 0.151829 0.0408997 0.0771561 0.86935
2 0.109038 0.149035 0.078121 0.0710916 0.867013
2 0.109828 0.0820584 0.0763692 0.0591644 0.866759
2 0.0546525 0.406562 0.0473116 0.106231 0.866304
2 0.195398 0.147099 0.0914131 0.068441 0.863282
2 0.047115 0.231692 0.0425419 0.0804289 0.863223
2 0.191682 0.369394 0.0576198 0.0867801 0.85794
2 0.20915 0.5344 0.0549441 0.0998822 0.856064
2 0.0630023 0.502136 0.0498057 0.100621 0.852918
2 0.200362 0.451953 0.0593746 0.0957106 0.849009
2 0.0126245 0.243288 0.025249 0.0865468 0.848799
2 0.256389 0.515935 0.0425552 0.0910871 0.84719
2 0.0488795 0.313649 0.0460456 0.0937682 0.845703
2 0.231062 0.286164 0.0415197 0.0753788 0.826996
2 0.247845 0.436731 0.044922 0.0890084 0.826213
2 0.239321 0.361135 0.0434919 0.0815948 0.825541
1 0.184507 0.027013 0.0783148 0.0540261 0.822655
1 0.483926 0.341712 0.0430273 0.0619399 0.817282
1 0.490323 0.381276 0.0420641 0.0533698 0.785399
2 0.261748 0.59239 0.0384767 0.0845664 0.785117
2 0.13064 0.663499 0.0423376 0.0936279 0.783032
1 0.473409 0.264913 0.0433283 0.0663825 0.778624
1 0.441701 0.28943 0.0293803 0.0579907 0.768156
1 0.495961 0.420445 0.0430683 0.0574507 0.767288
2 0.215293 0.601906 0.0465405 0.0628855 0.764819
2 0.172531 0.62645 0.0401471 0.0620427 0.755799
2 0.183911 0.29145 0.054668 0.0798497 0.750275
2 0.0148844 0.0870038 0.0297688 0.0712807 0.74371
1 0.478987 0.304696 0.0426252 0.062387 0.740955
1 0.513087 0.323845 0.0256752 0.04873 0.737165
2 0.198991 0.216922 0.0940161 0.0714428 0.737103
1 0.508774 0.288362 0.0262725 0.0502998 0.709471
1 0.548915 0.386042 0.0307952 0.0438182 0.702132
2 0.0512629 0.0812585 0.0405384 0.0642951 0.693671
1 0.459484 0.398834 0.0286228 0.052674 0.690101
1 0.501751 0.245244 0.0291314 0.0550449 0.678186
1 0.446367 0.323036 0.029912 0.0496837 0.671078
1 0.073178 0.59853 0.0538833 0.122215 0.659206
1 0.555582 0.428354 0.0298134 0.0498377 0.641206
2 0.138579 0.55695 0.0925622 0.117019 0.622203
1 0.529043 0.26977 0.0256017 0.0474458 0.611696
1 0.45225 0.361123 0.0290549 0.0576817 0.604918
1 0.527185 0.229693 0.0268061 0.0424057 0.604148
2 0.0284048 0.62123 0.0421142 0.10622 0.583343
1 0.0534318 0.0126401 0.0387643 0.0252802 0.582364
2 0.179003 0.216785 0.0526448 0.0709154 0.580654
1 0.550172 0.301829 0.020221 0.0374468 0.545424
2 0.0072359 0.637769 0.0144718 0.111179 0.539999
1 0.464522 0.434545 0.0279892 0.0450525 0.530854
1 0.0535124 0.0351363 0.0396131 0.032815 0.521536
1 0.565985 0.299567 0.0182659 0.0367386 0.520889
1 0.564222 0.474902 0.0222363 0.0518955 0.516151
1 0.54914 0.265364 0.0178427 0.0407668 0.515277
