1 0.475241 0.365188 0.0426868 0.0412447 0.869733
1 0.478174 0.325535 0.0435983 0.0407508 0.869207
1 0.481557 0.286416 0.0429481 0.0415888 0.868166
2 0.193829 0.287814 0.0598137 0.112517 0.856585
1 0.46815 0.443475 0.0422876 0.0439284 0.854599
1 0.471513 0.403781 0.0424327 0.0405738 0.853774
1 0.44228 0.361975 0.0286084 0.0410368 0.850626
1 0.439194 0.399805 0.028874 0.0428121 0.844461
2 0.203986 0.207881 0.0598176 0.113776 0.843459
1 0.445365 0.323853 0.028515 0.0413915 0.843106
1 0.465982 0.481741 0.0431702 0.0426223 0.840917
1 0.43579 0.438149 0.0286485 0.0420339 0.837176
1 0.449117 0.286379 0.028339 0.0401793 0.836918
1 0.463394 0.52118 0.0438974 0.0450021 0.835525
1 0.4326 0.47562 0.0291084 0.0407215 0.833998
1 0.0748011 0.5482 0.0323273 0.10465 0.828906
2 0.18582 0.369626 0.0542974 0.0996951 0.826255
1 0.505378 0.367012 0.0233046 0.0424705 0.824659
2 0.0648342 0.220211 0.0498745 0.110696 0.824547
1 0.499036 0.449196 0.02286 0.0436597 0.824288
1 0.502159 0.407384 0.0233082 0.0443178 0.820276
1 0.0432968 0.420528 0.0406085 0.107165 0.816606
2 0.104126 0.24696 0.047775 0.109559 0.81607
2 0.0522696 0.319222 0.0471749 0.109962 0.814833
1 0.429089 0.512035 0.0281605 0.0396194 0.812943
1 0.509464 0.327226 0.0242828 0.0435715 0.811315
2 0.246414 0.23108 0.0370339 0.0932908 0.810507
1 0.513262 0.287355 0.0250753 0.0428617 0.808459
2 0.217594 0.129531 0.059971 0.118041 0.801057
2 0.228104 0.388112 0.0356459 0.0859853 0.800608
1 0.296576 0.447646 0.0154145 0.035247 0.799663
1 0.521692 0.495003 0.0278583 0.0471124 0.792813
2 0.0784465 0.124841 0.0487599 0.127073 0.792226
2 0.255703 0.157427 0.0339185 0.092823 0.790863
1 0.522999 0.454561 0.0280654 0.0477137 0.7903
1 0.309501 0.449083 0.0158923 0.0341483 0.789897
1 0.461877 0.570314 0.043796 0.0527856 0.788497
2 0.118467 0.155092 0.0420734 0.110882 0.785001
1 0.524856 0.41119 0.0268165 0.0488475 0.780507
1 0.084196 0.43639 0.0432117 0.103057 0.769262
2 0.09402 0.339183 0.0463173 0.107368 0.768371
1 0.497333 0.487676 0.0219201 0.0433944 0.76229
1 0.408266 0.510747 0.0186204 0.0394923 0.759809
1 0.0361999 0.541966 0.0396166 0.112892 0.754538
2 0.236833 0.308361 0.0346118 0.0900418 0.750676
2 0.158845 0.173089 0.0465036 0.0959201 0.746673
2 0.137579 0.348807 0.0453864 0.102187 0.74296
1 0.408298 0.434417 0.0329375 0.0418867 0.728785
1 0.556524 0.465735 0.013798 0.0464043 0.725885
1 0.527451 0.369976 0.0256657 0.0419703 0.725053
1 0.41072 0.395797 0.0348765 0.0418773 0.723593
1 0.328222 0.421102 0.0213922 0.0343441 0.721044
1 0.326148 0.452705 0.0219471 0.0343636 0.71903
1 0.292319 0.47823 0.0163102 0.0355157 0.713868
1 0.418027 0.322235 0.0347302 0.0417107 0.712646
1 0.594473 0.489345 0.0105682 0.0393929 0.712387
2 0.266586 0.0848889 0.0362471 0.0907199 0.711827
1 0.407917 0.473066 0.0268488 0.0393465 0.705731
1 0.306647 0.480695 0.0163844 0.0354526 0.704106
1 0.557641 0.423655 0.0131575 0.0500539 0.700273
1 0.569702 0.434294 0.0135326 0.051835 0.699776
1 0.179619 0.458278 0.0503079 0.0887878 0.693678
1 0.284424 0.444822 0.014865 0.03369 0.689957
1 0.58312 0.444768 0.0125274 0.0478475 0.686981
1 0.519363 0.537234 0.0248966 0.048171 0.682817
1 0.570052 0.473365 0.0142811 0.0479012 0.681468
1 0.304601 0.519442 0.0160419 0.0483539 0.681315
1 0.606492 0.460105 0.0120134 0.0387655 0.674915
1 0.330935 0.389614 0.0191239 0.036713 0.672585
1 0.298904 0.414547 0.0145271 0.036046 0.672054
1 0.537575 0.291587 0.0272249 0.0470316 0.646937
1 0.41449 0.358836 0.0327881 0.0390465 0.645228
1 0.286366 0.412325 0.0166326 0.0356878 0.64469
1 0.00775473 0.406123 0.0155095 0.0997379 0.63543
1 0.426836 0.549694 0.0280191 0.0404405 0.634118
1 0.311369 0.417026 0.0157134 0.0349045 0.632205
1 0.595639 0.451739 0.0118685 0.0443418 0.62707
2 0.170341 0.0922878 0.0522285 0.10832 0.626931
1 0.604849 0.49429 0.0118118 0.0429781 0.623193
1 0.608616 0.429393 0.0121449 0.0412983 0.618525
1 0.566024 0.311663 0.0122379 0.0493047 0.613956
1 0.224786 0.467786 0.0388694 0.0801545 0.613265
1 0.53402 0.331003 0.0269996 0.0475552 0.612848
1 0.496512 0.524245 0.020323 0.0386225 0.609838
1 0.564071 0.349991 0.0127083 0.0529379 0.600531
1 0.568687 0.510177 0.0118486 0.0418749 0.600104
1 0.620324 0.440056 0.0114924 0.0360781 0.589053
1 0.291121 0.516361 0.0154394 0.0458522 0.582882
2 0.275785 0.0314435 0.046644 0.0628869 0.5826
1 0.570821 0.395075 0.0106314 0.0549906 0.578836
1 0.617916 0.470221 0.0111168 0.0385607 0.577421
1 0.42088 0.285805 0.0366634 0.0382422 0.57708
1 0.0974106 0.0446167 0.0542548 0.0785437 0.574985
1 0.321486 0.482883 0.0162853 0.0332369 0.574487
1 0.569018 0.545004 0.00989838 0.0386191 0.573874
2 0.145993 0.257847 0.0492623 0.107232 0.569948
1 0.553737 0.34118 0.00933514 0.0481427 0.560977
1 0.558773 0.384401 0.0111801 0.0511198 0.552982
1 0.288181 0.381998 0.0183663 0.0319154 0.552747
1 0.545976 0.581748 0.0142437 0.0444122 0.550081
1 0.302113 0.382051 0.013595 0.0324505 0.547644
1 0.609601 0.396322 0.012048 0.0453696 0.547158
1 0.601507 0.525881 0.0138396 0.0370392 0.545168
1 0.561693 0.50839 0.0114766 0.045409 0.544723
1 0.577106 0.327893 0.0129396 0.0500724 0.544509
1 0.582141 0.479057 0.0127697 0.0436866 0.544285
1 0.517811 0.579523 0.0223685 0.0495656 0.541776
1 0.0543069 0.0352943 0.0520308 0.0679402 0.53305
1 0.406629 0.543485 0.0158225 0.0313465 0.528216
1 0.317928 0.52283 0.012439 0.0509274 0.528097
2 0.00775391 0.233453 0.015492 0.059275 0.525603
1 0.559178 0.584845 0.014249 0.0397139 0.516606
1 0.314927 0.383923 0.0147116 0.0349791 0.516586
2 0.618518 0.559955 0.0104878 0.0314544 0.512851
1 0.555578 0.304312 0.00899639 0.0439716 0.512258
1 0.390575 0.51088 0.0162724 0.044008 0.510226
1 0.345485 0.458994 0.0162587 0.0364419 0.504588
2 0.0534051 0.0363404 0.0506772 0.0687954 0.500459
