1 0.469105 0.441399 0.0427288 0.0436726 0.866491
1 0.466093 0.481057 0.0434474 0.0446445 0.85882
1 0.474965 0.363509 0.0442543 0.0428703 0.856335
1 0.478338 0.324095 0.043503 0.0394806 0.8549
1 0.471907 0.402888 0.0427147 0.0393483 0.852006
1 0.438816 0.398546 0.0290314 0.0424452 0.838289
1 0.445594 0.322455 0.0299828 0.0408883 0.837146
1 0.499748 0.485914 0.0272189 0.0467131 0.83255
1 0.348325 0.395955 0.0208845 0.0336812 0.831789
2 0.105287 0.244715 0.0491554 0.110935 0.830834
2 0.0620537 0.221118 0.0523354 0.106102 0.830249
1 0.435809 0.436171 0.0295097 0.0420875 0.828246
1 0.502099 0.445504 0.027976 0.045914 0.826882
1 0.44226 0.360685 0.029105 0.0421463 0.825933
1 0.421473 0.358405 0.0219917 0.0401016 0.825723
1 0.508257 0.364728 0.0285849 0.0450712 0.82447
1 0.344913 0.42533 0.0204767 0.0375439 0.820941
1 0.481082 0.285068 0.0416435 0.0396077 0.819212
1 0.460494 0.570955 0.040811 0.0506851 0.818547
1 0.417815 0.394055 0.0213512 0.0425607 0.813538
1 0.327744 0.420234 0.0210391 0.0365119 0.813118
2 0.145614 0.257225 0.0504553 0.104911 0.812924
1 0.424827 0.321222 0.0216594 0.040817 0.810173
1 0.309562 0.445702 0.0138504 0.0345981 0.8094
1 0.511394 0.324358 0.0279036 0.0435956 0.808424
1 0.557926 0.422571 0.0153181 0.049792 0.807954
1 0.505884 0.405846 0.0297104 0.0443334 0.802861
1 0.0445662 0.425704 0.036253 0.105535 0.801386
1 0.324352 0.450372 0.0223038 0.0372335 0.79993
1 0.524609 0.493619 0.0238966 0.0471044 0.799598
1 0.415048 0.432939 0.0201315 0.0440214 0.797543
1 0.296638 0.444816 0.0161058 0.0333499 0.789333
1 0.0741431 0.545513 0.0348467 0.101923 0.785958
2 0.220383 0.131219 0.0539661 0.104452 0.785107
1 0.433257 0.475902 0.0282507 0.043228 0.783334
1 0.527277 0.454688 0.0222852 0.0459533 0.782649
1 0.463428 0.522262 0.0427723 0.0455517 0.778455
1 0.36107 0.428871 0.0170025 0.0359032 0.777123
1 0.521197 0.53508 0.0219759 0.0470216 0.776313
1 0.5139 0.284266 0.0274005 0.0391429 0.776024
1 0.570027 0.472363 0.0166893 0.0470605 0.774728
1 0.404405 0.357566 0.0210857 0.0391038 0.774242
1 0.330877 0.389586 0.0210052 0.0312912 0.769929
1 0.342926 0.459731 0.0206743 0.0415716 0.76989
1 0.533958 0.370088 0.0205843 0.0497469 0.76841
1 0.566124 0.508096 0.0162855 0.0451833 0.764237
1 0.555597 0.464163 0.015222 0.046583 0.760707
1 0.312229 0.41483 0.0166612 0.0321231 0.757675
1 0.350875 0.366436 0.0205675 0.0363664 0.755349
2 0.137827 0.349734 0.0440156 0.101421 0.754556
1 0.56069 0.384217 0.0149394 0.0538557 0.753146
1 0.360062 0.463966 0.0181247 0.0435253 0.75202
1 0.434665 0.512771 0.0194778 0.0378616 0.75113
1 0.407712 0.321539 0.0211783 0.0378788 0.750027
1 0.536158 0.329467 0.0231614 0.0476345 0.750024
1 0.332974 0.360728 0.020193 0.0332583 0.749035
1 0.306613 0.477885 0.0129317 0.0359777 0.748008
2 0.25609 0.156652 0.0329201 0.0923444 0.747815
2 0.0779879 0.130004 0.0494544 0.102218 0.737832
1 0.294207 0.475689 0.015766 0.0357162 0.734862
1 0.322004 0.488269 0.0219502 0.0444467 0.731298
1 0.496878 0.526871 0.0252987 0.0441918 0.730993
1 0.0159481 0.0271783 0.0317375 0.0491516 0.726695
1 0.491665 0.57282 0.0247275 0.0508514 0.725553
1 0.572293 0.435177 0.0172897 0.0518175 0.724969
1 0.449185 0.284604 0.0287461 0.0402903 0.720788
1 0.29874 0.413907 0.0150353 0.0314702 0.720584
1 0.54745 0.374937 0.0113487 0.0498896 0.719443
1 0.542907 0.460396 0.0114068 0.0446425 0.719026
1 0.401344 0.393453 0.0205338 0.0406184 0.718757
2 0.244397 0.225135 0.034904 0.0830877 0.717198
1 0.0868265 0.435533 0.0430359 0.096835 0.709904
1 0.564433 0.543075 0.0169108 0.0434862 0.701197
1 0.552146 0.502246 0.014496 0.0462301 0.700532
1 0.605261 0.494205 0.015243 0.0392565 0.696554
1 0.562075 0.586191 0.0179472 0.0484639 0.696406
2 0.204897 0.206123 0.0551172 0.105775 0.693757
1 0.542471 0.498562 0.0104401 0.0463713 0.693684
1 0.546597 0.586957 0.0159412 0.0526779 0.690105
1 0.517362 0.583341 0.0235357 0.0561761 0.68998
1 0.292748 0.513506 0.0168961 0.0455481 0.687414
2 0.208668 0.29015 0.0838998 0.121345 0.686542
2 0.119247 0.151224 0.047791 0.0987843 0.686034
1 0.0519824 0.31977 0.045353 0.107093 0.683264
1 0.396489 0.469646 0.016188 0.0396099 0.677993
2 0.159738 0.17285 0.0448298 0.0885609 0.673877
1 0.620312 0.441739 0.0124582 0.0337579 0.673255
1 0.549127 0.540082 0.0146877 0.0449439 0.667972
1 0.574519 0.396306 0.016175 0.0524339 0.666338
1 0.279862 0.475465 0.0189054 0.0352327 0.661437
1 0.590793 0.517499 0.0120581 0.0385544 0.659309
1 0.605064 0.524691 0.014045 0.0369453 0.657441
1 0.413287 0.47355 0.0179901 0.040732 0.656523
2 0.185597 0.366706 0.051517 0.0947968 0.649421
1 0.305542 0.515359 0.0129533 0.0453829 0.638673
1 0.56658 0.313706 0.012447 0.0497869 0.638466
1 0.579689 0.512567 0.0106297 0.0396815 0.635526
1 0.280588 0.444165 0.0221843 0.0307825 0.63027
1 0.433044 0.552113 0.0169434 0.046668 0.629478
1 0.608943 0.428795 0.0117502 0.041285 0.628941
1 0.620212 0.46985 0.0130886 0.0368135 0.628333
1 0.592166 0.48801 0.011327 0.0391842 0.62548
1 0.538082 0.288294 0.0222641 0.0406138 0.622718
2 0.263601 0.10129 0.0263732 0.0494043 0.621919
1 0.579455 0.364321 0.0176966 0.0547846 0.621709
1 0.278746 0.510565 0.0143378 0.0388645 0.621071
1 0.53346 0.585572 0.0156609 0.0562313 0.615957
1 0.340968 0.495289 0.0176306 0.0395723 0.611042
1 0.607574 0.460782 0.0121323 0.0372209 0.608426
2 0.186907 0.0303778 0.0530802 0.0607556 0.607313
1 0.580704 0.330038 0.0173483 0.0482062 0.595056
1 0.597833 0.417475 0.0120016 0.0465057 0.594465
1 0.397753 0.430685 0.0171369 0.0402478 0.591916
1 0.580651 0.478663 0.0114315 0.0439492 0.582073
1 0.428315 0.28385 0.0203981 0.037464 0.581282
2 0.0476435 0.117975 0.0233353 0.070992 0.578258
1 0.536163 0.537117 0.0143791 0.0447508 0.573409
1 0.433148 0.561034 0.0152116 0.0467809 0.572273
1 0.564078 0.353364 0.0132793 0.0548352 0.568464
1 0.544841 0.417301 0.0114094 0.0480216 0.558872
1 0.618926 0.501639 0.0122363 0.0354543 0.55776
1 0.555459 0.339212 0.00981706 0.0551444 0.555306
1 0.555056 0.30264 0.0103859 0.0419105 0.551218
1 0.133462 0.424164 0.0359483 0.0482426 0.545883
1 0.394086 0.5052 0.0156472 0.0331431 0.538988
1 0.42112 0.513337 0.0110547 0.0374491 0.538123
1 0.409402 0.5099 0.0139942 0.0362895 0.533294
1 0.595499 0.38271 0.0112227 0.0474292 0.529962
1 0.00700681 0.40354 0.0140136 0.0916824 0.526886
1 0.609426 0.39531 0.0108463 0.0481176 0.526543
2 0.170935 0.106785 0.0465651 0.0716566 0.521797
1 0.229688 0.0475602 0.055846 0.0915563 0.517659
1 0.00562254 0.300499 0.0112451 0.103327 0.505
1 0.620107 0.41054 0.0117403 0.0366476 0.501069
1 0.0535722 0.032066 0.0530328 0.0632396 0.500297
