2 0.146623 0.371249 0.085705 0.113911 0.889675
2 0.136708 0.208235 0.0833384 0.0845419 0.884954
2 0.134569 0.130995 0.0817646 0.0738205 0.875217
2 0.167346 0.547424 0.0947752 0.128406 0.875214
2 0.140569 0.286173 0.0845903 0.0971813 0.873253
2 0.0709515 0.137165 0.0427338 0.0773609 0.863851
2 0.156179 0.45781 0.0927514 0.122546 0.862433
2 0.0853003 0.484369 0.0560498 0.108043 0.860491
2 0.0800382 0.390191 0.0488413 0.107377 0.851379
2 0.0716689 0.216281 0.0443495 0.0838955 0.85104
2 0.229327 0.43023 0.0568256 0.0950343 0.842838
2 0.236839 0.515605 0.0546819 0.0976466 0.83749
2 0.223114 0.198016 0.0866333 0.0779757 0.831178
2 0.0320494 0.0720878 0.039646 0.0723786 0.825961
2 0.283232 0.497323 0.0384521 0.0838931 0.823798
1 0.613675 0.283474 0.0257145 0.040549 0.821788
1 0.384534 0.551909 0.0169655 0.0471027 0.819095
1 0.408084 0.470002 0.0209967 0.0396782 0.812891
2 0.0738283 0.297606 0.0458529 0.0902502 0.811013
2 0.0112708 0.520587 0.0224676 0.114466 0.810771
1 0.382484 0.415577 0.0230002 0.0402281 0.80965
2 0.217611 0.127895 0.0835752 0.0730566 0.807107
1 0.617871 0.319766 0.0226406 0.0403351 0.80607
2 0.275591 0.417481 0.041088 0.0854301 0.798249
1 0.593335 0.284541 0.0254568 0.04098 0.797875
1 0.402985 0.440293 0.0193602 0.0360502 0.794872
2 0.0384863 0.502908 0.0371462 0.111623 0.794617
1 0.38637 0.445951 0.0218615 0.0373782 0.794326
2 0.0300615 0.147346 0.0384764 0.0812845 0.792273
1 0.599983 0.322562 0.0232109 0.0436857 0.787085
1 0.4698 0.270722 0.0270704 0.0515588 0.782391
2 0.219171 0.349495 0.0560789 0.0933702 0.780688
1 0.376196 0.384144 0.0240246 0.0390654 0.775256
1 0.608204 0.248289 0.0266037 0.0398443 0.773175
1 0.388494 0.477977 0.0246191 0.0412566 0.773166
1 0.464988 0.236162 0.0266827 0.0559324 0.767907
1 0.394584 0.37914 0.020421 0.0367179 0.765931
2 0.133264 0.0621552 0.0764259 0.0625991 0.765758
2 0.289656 0.58011 0.0435983 0.0878526 0.763064
1 0.399769 0.41062 0.0214977 0.0387945 0.761638
1 0.549603 0.175241 0.0300476 0.0417849 0.760624
1 0.56381 0.250313 0.0314363 0.0443318 0.759462
1 0.380322 0.515078 0.018469 0.0396311 0.755449
1 0.623286 0.355591 0.0203793 0.0425385 0.755005
1 0.588137 0.247286 0.0258463 0.0410917 0.753294
2 0.0537844 0.599173 0.0458315 0.102715 0.750111
1 0.601345 0.215354 0.0252733 0.0401179 0.750025
2 0.0325945 0.309788 0.0390154 0.0899948 0.745804
2 0.029793 0.22499 0.0400887 0.0812719 0.739171
2 0.243393 0.583685 0.0450439 0.0541485 0.736955
1 0.557422 0.212777 0.0327881 0.0439945 0.736846
1 0.364899 0.421544 0.0189287 0.0433298 0.735925
1 0.573516 0.174913 0.0265686 0.0420975 0.733595
1 0.569939 0.287488 0.0325899 0.0446139 0.733169
1 0.542884 0.305686 0.0244844 0.0540677 0.732176
1 0.575963 0.329808 0.0316298 0.0486425 0.731349
1 0.53167 0.224843 0.0291222 0.0505771 0.730796
1 0.605908 0.359208 0.0226406 0.0448513 0.722398
1 0.370739 0.558152 0.0177982 0.048023 0.722134
1 0.63387 0.28263 0.0210278 0.0367955 0.721971
1 0.51394 0.322674 0.0418925 0.062811 0.720831
1 0.582535 0.368894 0.0302287 0.0461538 0.719293
1 0.495172 0.215862 0.041369 0.0584679 0.719026
2 0.00774159 0.420871 0.0154832 0.108879 0.718476
2 0.265742 0.340352 0.0403722 0.0847614 0.715184
1 0.581441 0.211188 0.0258448 0.0420002 0.715143
1 0.445167 0.248638 0.018614 0.0494229 0.706107
1 0.358604 0.49486 0.0113532 0.0402934 0.704532
1 0.537689 0.267055 0.0287132 0.0548887 0.703384
1 0.411201 0.503609 0.017491 0.0385608 0.697531
1 0.368605 0.454526 0.0189868 0.0393576 0.696991
1 0.477265 0.30972 0.0278875 0.0513725 0.693831
1 0.450815 0.283253 0.0218671 0.053275 0.689994
1 0.356138 0.463244 0.0126 0.0435495 0.68423
2 0.0718705 0.0659417 0.0428339 0.0683614 0.683168
1 0.654262 0.313659 0.0164501 0.0334268 0.679083
1 0.459201 0.35605 0.0219366 0.0530833 0.661595
1 0.366632 0.522355 0.0172756 0.0383031 0.657665
1 0.524436 0.187315 0.026271 0.0442311 0.656463
1 0.394466 0.510312 0.0185951 0.0404902 0.653546
1 0.51034 0.285119 0.0422649 0.0593282 0.652691
1 0.549644 0.341187 0.0277142 0.0503321 0.649666
1 0.589107 0.407894 0.0284044 0.0443826 0.636848
1 0.364428 0.487138 0.0135131 0.0426678 0.636724
1 0.480975 0.345406 0.027809 0.0487907 0.632823
1 0.360163 0.39024 0.0170656 0.0447645 0.632127
1 0.455547 0.321429 0.0219185 0.0482665 0.625938
2 0.197992 0.0641656 0.0474641 0.0621788 0.625885
2 0.00570143 0.318143 0.0113216 0.0943462 0.624384
2 0.17869 0.640721 0.089851 0.112692 0.620634
1 0.595644 0.18522 0.0241432 0.0353984 0.617094
1 0.398438 0.544112 0.0181386 0.0436871 0.615834
2 0.21063 0.272977 0.0537531 0.0862517 0.611611
2 0.25764 0.26602 0.0394471 0.0764388 0.604757
1 0.350374 0.530777 0.0179614 0.0416931 0.59656
2 0.135054 0.791346 0.0489512 0.128881 0.593929
1 0.630749 0.250996 0.0207991 0.0349637 0.587772
1 0.635406 0.316788 0.0191835 0.0376885 0.584971
2 0.0936753 0.685273 0.0969065 0.13367 0.57181
1 0.346006 0.532243 0.0142624 0.0381399 0.55996
1 0.418604 0.433009 0.0169845 0.0339522 0.558274
1 0.41017 0.376783 0.0177199 0.0376533 0.548178
1 0.627134 0.221073 0.0180136 0.0340589 0.548176
1 0.651218 0.283299 0.0162835 0.0329877 0.54784
1 0.342483 0.469993 0.0176057 0.0426734 0.546725
1 0.343513 0.501262 0.0190008 0.0397675 0.537873
1 0.377693 0.480056 0.0147599 0.0431599 0.536631
2 0.0971065 0.576759 0.0543706 0.112479 0.531173
1 0.640177 0.315718 0.0182767 0.0353518 0.52695
2 0.236885 0.0609689 0.0316645 0.0541256 0.519598
1 0.0190962 0.629795 0.038119 0.13074 0.51882
1 0.42443 0.464369 0.0198809 0.0406785 0.50989
