2 0.108387 0.148033 0.0793969 0.0717572 0.883153
2 0.129264 0.47792 0.0919668 0.122858 0.878381
2 0.114116 0.302152 0.0828179 0.0909656 0.878361
2 0.199541 0.450571 0.0554899 0.0947165 0.876875
2 0.110446 0.22327 0.0826002 0.0835161 0.876855
2 0.11998 0.39231 0.0855383 0.109679 0.876228
2 0.0463736 0.154151 0.0423105 0.0771238 0.871081
1 0.107015 0.0263953 0.0726204 0.0527907 0.867935
2 0.0470946 0.231439 0.041712 0.0790267 0.859108
2 0.189661 0.369064 0.0519689 0.0880352 0.85562
2 0.183482 0.290398 0.0504726 0.0826767 0.853126
2 0.208425 0.535746 0.0530282 0.0965447 0.840144
2 0.108524 0.0796785 0.074372 0.0561422 0.839443
2 0.253024 0.51692 0.0410875 0.0873019 0.836761
2 0.242961 0.434959 0.0408438 0.0839011 0.833108
2 0.178641 0.21541 0.0501068 0.0719663 0.830654
2 0.0670997 0.498358 0.0387975 0.0979041 0.828248
2 0.228528 0.283215 0.0387583 0.0768159 0.821488
2 0.222073 0.212481 0.0379799 0.070561 0.820597
2 0.0861311 0.691037 0.0425013 0.108672 0.819396
1 0.167187 0.0270881 0.0461412 0.0541762 0.816608
2 0.0208936 0.51897 0.0416449 0.106074 0.816555
2 0.0316078 0.621779 0.0488355 0.118456 0.811368
2 0.234374 0.358502 0.0406807 0.0826748 0.809796
2 0.0510683 0.311852 0.0398945 0.0859174 0.804103
1 0.550783 0.227556 0.0224195 0.037856 0.802135
1 0.484393 0.339752 0.044686 0.0629849 0.79666
2 0.567047 0.47723 0.031679 0.0653423 0.796463
1 0.144212 0.775516 0.0489077 0.137628 0.795919
1 0.206107 0.0277355 0.0299872 0.055471 0.794041
1 0.556652 0.263841 0.0286379 0.0419469 0.792973
1 0.441485 0.289198 0.028092 0.058093 0.791625
1 0.350839 0.432037 0.0203992 0.0405926 0.784754
1 0.490689 0.378692 0.042699 0.0565653 0.782273
1 0.527584 0.228143 0.028429 0.0422698 0.780598
2 0.127055 0.664594 0.0410732 0.0923277 0.775408
1 0.568456 0.228933 0.023122 0.0363103 0.770854
1 0.355175 0.464358 0.0201038 0.0403077 0.769994
1 0.501419 0.243422 0.0250792 0.052749 0.766937
1 0.494842 0.420713 0.0437055 0.0575814 0.76396
1 0.512573 0.322487 0.0249485 0.0608621 0.763721
1 0.552885 0.384053 0.0345633 0.053637 0.760209
2 0.07478 0.59177 0.0447993 0.110641 0.757945
1 0.359038 0.495752 0.0192691 0.0423063 0.756476
1 0.371953 0.457678 0.0190612 0.0372245 0.754229
1 0.458119 0.396979 0.0287827 0.0516703 0.75376
1 0.588241 0.334219 0.0230446 0.0399584 0.753443
2 0.0572731 0.403358 0.0399618 0.101298 0.752492
1 0.0504532 0.0140364 0.0402509 0.0280728 0.747655
1 0.575774 0.263855 0.0234276 0.0394525 0.747295
1 0.532602 0.267332 0.0320611 0.0486343 0.746541
1 0.340037 0.469316 0.0168826 0.0405955 0.744838
1 0.571643 0.338255 0.0204927 0.0429658 0.742926
2 0.559288 0.428338 0.0347448 0.0517253 0.738776
1 0.463386 0.435145 0.0268636 0.0523838 0.736434
2 0.171046 0.630234 0.0417401 0.0631983 0.728941
2 0.139746 0.565736 0.0914854 0.124604 0.720201
1 0.507147 0.285527 0.026498 0.0517665 0.711693
2 0.172694 0.145097 0.0462495 0.0702507 0.708734
1 0.565487 0.300842 0.0223515 0.0418935 0.707956
1 0.478131 0.303444 0.0441101 0.0592905 0.700802
2 0.260426 0.587483 0.0318186 0.0629518 0.700476
1 0.583835 0.299015 0.026111 0.0394813 0.69812
1 0.594998 0.264784 0.0266797 0.0379014 0.697677
2 0.213989 0.145416 0.0340818 0.0683237 0.697388
1 0.592547 0.371013 0.0216918 0.0427178 0.69454
1 0.518864 0.362553 0.0241766 0.0506594 0.693686
1 0.622736 0.328437 0.0186886 0.0333314 0.692686
1 0.33235 0.510251 0.0158032 0.0405421 0.691175
1 0.541029 0.30789 0.0370329 0.051072 0.691095
1 0.547926 0.346323 0.0329054 0.048494 0.690028
2 0.216704 0.59931 0.0387512 0.0526847 0.680012
1 0.347959 0.533753 0.0154142 0.0430489 0.675922
1 0.471993 0.263806 0.04023 0.0626992 0.672886
1 0.583473 0.413827 0.0195847 0.044173 0.669414
1 0.614335 0.268937 0.0201857 0.033223 0.668032
1 0.376411 0.488615 0.0200475 0.0423503 0.665147
1 0.0982207 0.802286 0.038113 0.123087 0.664824
1 0.452105 0.360031 0.0307421 0.0558409 0.659044
2 0.044725 0.711351 0.0463641 0.101276 0.658442
1 0.0503956 0.0370732 0.040196 0.0284551 0.658149
2 0.184793 0.081252 0.0769884 0.0634834 0.653896
1 0.345367 0.503406 0.016736 0.0387526 0.645421
1 0.619429 0.298819 0.0199285 0.0338136 0.642561
2 0.0161533 0.423348 0.0323067 0.110859 0.640578
1 0.468159 0.471402 0.0241097 0.0513795 0.630912
1 0.0633022 0.825467 0.051903 0.13734 0.623828
1 0.362904 0.529127 0.0173995 0.0425885 0.617741
2 0.107769 0.0932829 0.0743901 0.0401109 0.611947
1 0.609723 0.236959 0.0184752 0.0339678 0.605028
1 0.44728 0.323588 0.0295723 0.0471853 0.601089
1 0.327598 0.477826 0.0150693 0.0409073 0.587679
2 0.00756813 0.637242 0.0151363 0.118321 0.583037
2 0.0157402 0.747847 0.0314538 0.130175 0.574928
1 0.368187 0.426194 0.0205598 0.0392586 0.571859
1 0.629613 0.271248 0.0153912 0.0309974 0.57174
1 0.60377 0.298403 0.0186613 0.0372929 0.55102
1 0.318397 0.51875 0.0149698 0.0397822 0.550668
1 0.525234 0.402035 0.0232711 0.0515661 0.548164
1 0.598589 0.411736 0.0170021 0.0409464 0.542968
1 0.606876 0.331745 0.0183939 0.0356878 0.541393
1 0.386886 0.452965 0.0168651 0.0372668 0.533534
1 0.45014 0.485459 0.0158597 0.0403726 0.527219
2 0.0472276 0.074725 0.0428948 0.0508036 0.520246
1 0.576832 0.374183 0.0230452 0.0455662 0.516765
