2 0.150114 0.75652 0.109286 0.099766 0.918283
2 0.251813 0.652726 0.109868 0.0976968 0.916581
2 0.144334 0.474898 0.100713 0.0908166 0.914684
2 0.248683 0.226604 0.0907282 0.0712626 0.912358
2 0.144005 0.565289 0.102404 0.0927872 0.912322
2 0.257395 0.751176 0.113617 0.102969 0.910694
2 0.146456 0.659219 0.105349 0.096588 0.903721
2 0.247567 0.560763 0.106515 0.0940857 0.903591
2 0.146433 0.387399 0.0974395 0.0861969 0.902991
2 0.245914 0.468795 0.103018 0.0909431 0.898588
2 0.246772 0.303079 0.0962856 0.0746942 0.896132
2 0.456323 0.544635 0.100573 0.0890937 0.89444
2 0.450677 0.46023 0.100006 0.0811332 0.891413
2 0.246069 0.383203 0.100362 0.0840344 0.886832
2 0.0687025 0.753073 0.0560154 0.0908193 0.885517
2 0.156611 0.230784 0.0934532 0.072556 0.884475
2 0.263643 0.844213 0.114107 0.0944973 0.883554
1 0.2757 0.942834 0.111227 0.110395 0.883177
2 0.444054 0.381324 0.0985561 0.0753964 0.882945
2 0.157555 0.851481 0.113932 0.0943183 0.881912
2 0.150938 0.306635 0.0953956 0.0780633 0.88174
2 0.0757887 0.847694 0.0570567 0.0939748 0.880739
2 0.471618 0.722759 0.104296 0.101696 0.878723
2 0.5346 0.538203 0.0632986 0.0834469 0.877095
2 0.0660242 0.658763 0.05515 0.0938739 0.876093
2 0.439229 0.30771 0.0950347 0.0718738 0.874417
1 0.427883 0.172525 0.0834295 0.0732962 0.873981
2 0.0665387 0.473626 0.0520858 0.0853573 0.873937
1 0.354872 0.936675 0.0635316 0.113955 0.873021
2 0.434225 0.23869 0.0908997 0.0732613 0.869745
2 0.521139 0.38461 0.0602352 0.0788226 0.86966
2 0.464024 0.631975 0.105731 0.0960606 0.867547
2 0.348339 0.835653 0.0621051 0.0990862 0.867432
2 0.366258 0.303356 0.0496347 0.0755085 0.867219
2 0.0783855 0.31092 0.054717 0.0806452 0.865008
2 0.404799 0.821712 0.053979 0.0873342 0.86461
2 0.541362 0.619404 0.064705 0.088324 0.861662
2 0.0866834 0.234059 0.054133 0.0791506 0.860716
2 0.397128 0.732638 0.0535607 0.0952893 0.860047
2 0.0704736 0.389047 0.0536522 0.0841114 0.856911
2 0.369633 0.379833 0.0527205 0.0772961 0.856273
2 0.548208 0.703178 0.058143 0.0912231 0.855644
1 0.166802 0.947949 0.120695 0.102654 0.854475
1 0.0814886 0.946289 0.0605993 0.10409 0.854315
2 0.52807 0.459491 0.0619937 0.0791122 0.854055
2 0.0652132 0.564758 0.0529766 0.0878695 0.851663
2 0.363731 0.229882 0.0490787 0.0712568 0.844844
2 0.0272208 0.393353 0.0367184 0.0817647 0.844336
2 0.577094 0.45793 0.0452465 0.0749578 0.829126
2 0.340765 0.741435 0.0614123 0.0980359 0.826229
2 0.58445 0.531627 0.0450001 0.0753771 0.826091
1 0.837865 0.607532 0.0373665 0.0636405 0.825937
2 0.568486 0.385333 0.0455219 0.0770681 0.822296
1 0.496559 0.184169 0.0552279 0.0662278 0.817017
2 0.035916 0.314503 0.0376598 0.0822443 0.815686
2 0.0206982 0.748834 0.0364046 0.0881266 0.815596
1 0.361746 0.163664 0.0478978 0.06502 0.810203
2 0.59117 0.609552 0.0423391 0.0805805 0.805923
1 0.827394 0.528368 0.0386307 0.0696016 0.804966
2 0.520342 0.247859 0.0888037 0.0720156 0.80209
2 0.513834 0.31406 0.0587417 0.072834 0.800754
1 0.823988 0.487978 0.0384151 0.0789778 0.799833
2 0.559122 0.317407 0.0407167 0.0728562 0.797075
2 0.381456 0.549938 0.0519444 0.0925715 0.796656
2 0.388885 0.641249 0.0517665 0.0926883 0.790216
2 0.504463 0.247815 0.0566188 0.0718607 0.788105
1 0.843675 0.647167 0.0365875 0.0652501 0.78559
1 0.867806 0.411645 0.0293961 0.0402347 0.782165
1 0.831833 0.567523 0.0389568 0.0636987 0.780383
2 0.0189267 0.657401 0.0348049 0.0880934 0.774751
2 0.596592 0.689526 0.0410807 0.0783444 0.774012
2 0.375341 0.461738 0.0524993 0.085122 0.773825
2 0.334193 0.647744 0.0578647 0.095799 0.765801
1 0.541202 0.192831 0.0369051 0.0593463 0.756968
1 0.888723 0.574079 0.0233326 0.0526841 0.751833
1 0.854404 0.510256 0.0249897 0.066518 0.743365
1 0.896734 0.615876 0.0301174 0.0560716 0.728771
1 0.955444 0.450822 0.0149282 0.0314979 0.723871
1 0.896716 0.447317 0.0249641 0.0388321 0.721536
1 0.951888 0.42172 0.014189 0.0300678 0.720731
1 0.865384 0.589674 0.0219999 0.0514719 0.718795
2 0.450227 0.817067 0.0443586 0.0864783 0.716903
1 0.86186 0.549762 0.0259342 0.0560358 0.716344
1 0.876748 0.492756 0.0252975 0.0546545 0.714433
1 0.930253 0.641871 0.024741 0.0656776 0.711308
1 0.915605 0.561422 0.0287315 0.0543689 0.695188
1 0.872777 0.45134 0.0278023 0.0486185 0.691013
2 0.549718 0.252677 0.0401802 0.0693585 0.690928
1 0.867641 0.629237 0.0175785 0.0492102 0.690411
1 0.849525 0.467656 0.0226099 0.0641702 0.688916
1 0.901524 0.664649 0.029483 0.0614599 0.687632
1 0.884593 0.534004 0.0209396 0.0518172 0.682246
1 0.928718 0.594057 0.0241516 0.0609893 0.673199
1 0.958244 0.508912 0.0218727 0.0348272 0.666623
1 0.927098 0.518465 0.047369 0.0456058 0.656066
1 0.823813 0.437734 0.0516853 0.0731585 0.649177
1 0.922381 0.447798 0.0472359 0.0379914 0.643783
1 0.920054 0.414946 0.0531742 0.0356317 0.639
1 0.962039 0.540896 0.0204901 0.0386259 0.634557
1 0.922375 0.483629 0.049728 0.0395376 0.626619
1 0.889565 0.411573 0.0210268 0.0345859 0.621239
1 0.792979 0.5127 0.0149651 0.0482505 0.606193
1 0.95692 0.479405 0.0191021 0.0319665 0.601023
1 0.933378 0.553617 0.0418076 0.0586431 0.593362
1 0.920764 0.522092 0.0474014 0.0489434 0.589694
1 0.939559 0.587559 0.0325703 0.0628113 0.580921
1 0.414213 0.925933 0.0595148 0.121182 0.577209
1 0.804804 0.587613 0.0172659 0.0408958 0.571719
2 0.0440683 0.23876 0.0390348 0.0749139 0.559086
1 0.950164 0.624012 0.0204823 0.0661884 0.554089
1 0.803762 0.546905 0.0139654 0.0467153 0.551093
1 0.971898 0.570882 0.0143663 0.0439754 0.550496
1 0.9016 0.48581 0.023596 0.0436109 0.520749
1 0.0231653 0.476216 0.0335885 0.0832354 0.513407
1 0.567937 0.194781 0.0267603 0.0524072 0.509744
1 0.967674 0.571148 0.0203625 0.0457039 0.505203
1 0.877377 0.624704 0.0132629 0.0516607 0.503492
