1 0.477994 0.324436 0.0423731 0.0393468 0.872616
1 0.465673 0.480879 0.0421148 0.0443017 0.869961
2 0.114325 0.346011 0.0885508 0.121137 0.868258
1 0.474788 0.363774 0.043715 0.0411724 0.86275
1 0.445431 0.322688 0.0292429 0.0404146 0.858004
1 0.480811 0.285363 0.0422476 0.0412608 0.85695
1 0.497432 0.486172 0.0256225 0.0462999 0.856654
1 0.448566 0.285396 0.0276554 0.0406062 0.854815
1 0.468636 0.441815 0.0416296 0.0428589 0.85021
1 0.30923 0.446148 0.0157852 0.0349535 0.850206
1 0.345302 0.425374 0.0196189 0.0367208 0.847604
1 0.438521 0.397525 0.0279234 0.0430988 0.847201
1 0.295678 0.444247 0.0168928 0.0345645 0.846754
1 0.471619 0.402837 0.0426357 0.040913 0.846308
1 0.441955 0.36008 0.0284429 0.0413467 0.845627
1 0.348084 0.395293 0.019566 0.0397781 0.842337
2 0.19367 0.289651 0.0557687 0.106978 0.839749
1 0.332718 0.356331 0.020265 0.0388677 0.838032
1 0.43591 0.436507 0.0283956 0.0433463 0.837883
1 0.342646 0.456976 0.0204707 0.0362415 0.831758
2 0.0613861 0.221315 0.0522147 0.104646 0.831296
1 0.509172 0.324412 0.0242533 0.044853 0.831076
2 0.0505964 0.318094 0.0455285 0.107912 0.830707
2 0.185654 0.367001 0.0551974 0.0891351 0.829401
1 0.327903 0.421192 0.0209184 0.0385546 0.828663
1 0.424511 0.320643 0.0213035 0.0411992 0.825074
1 0.420702 0.357408 0.021242 0.0399178 0.824442
1 0.500867 0.445296 0.0275414 0.0448275 0.822733
2 0.13711 0.164259 0.087976 0.113288 0.821584
1 0.330137 0.388616 0.020257 0.0389214 0.819444
2 0.0432581 0.419707 0.0428488 0.100308 0.817803
1 0.360554 0.430171 0.0162738 0.0367675 0.815664
1 0.490479 0.574352 0.023965 0.0533703 0.815267
1 0.358549 0.46095 0.0159228 0.0379277 0.814268
1 0.306109 0.478398 0.0153462 0.0361311 0.814229
1 0.459944 0.570753 0.039381 0.0494369 0.812545
1 0.324683 0.450693 0.021214 0.0363385 0.811731
1 0.432851 0.475558 0.0287495 0.0414457 0.809303
1 0.417259 0.394401 0.0200643 0.0425183 0.808762
1 0.50638 0.364558 0.0250968 0.043641 0.808141
1 0.427941 0.283944 0.0204108 0.0405181 0.807116
1 0.311728 0.414573 0.0170657 0.0340593 0.805283
1 0.504077 0.405648 0.0279082 0.0458047 0.80216
1 0.511473 0.284005 0.0233179 0.0443373 0.801684
2 0.0772341 0.127308 0.0513509 0.107056 0.80024
1 0.293062 0.476064 0.0158763 0.0356974 0.799555
1 0.407922 0.507692 0.0181666 0.0390969 0.795292
1 0.537153 0.288177 0.0264276 0.0486888 0.792608
1 0.556693 0.422958 0.015791 0.0517095 0.790344
1 0.350248 0.362973 0.0179563 0.0405855 0.788893
1 0.522821 0.492927 0.027001 0.0496979 0.788353
1 0.321847 0.482827 0.0201523 0.0361916 0.785385
1 0.340651 0.489501 0.019349 0.0398397 0.784216
1 0.298295 0.412794 0.0154282 0.0322899 0.782579
1 0.305334 0.513025 0.0137761 0.037467 0.776493
1 0.281205 0.411879 0.0257148 0.0317277 0.774085
1 0.278808 0.442387 0.0239378 0.0336109 0.774034
1 0.593604 0.487088 0.00976753 0.036982 0.77036
1 0.356312 0.494297 0.0160305 0.0412469 0.769869
1 0.283057 0.381647 0.0261209 0.0309242 0.768528
1 0.414951 0.434244 0.0195947 0.0455585 0.765923
1 0.392083 0.50429 0.0155159 0.0404368 0.760441
1 0.554636 0.464102 0.0166821 0.0479148 0.760311
1 0.548348 0.540563 0.0146008 0.0456212 0.756787
2 0.254536 0.151296 0.0326487 0.0819775 0.756294
1 0.570157 0.472031 0.0169176 0.049182 0.755153
2 0.23551 0.305455 0.031947 0.0860716 0.755083
1 0.606498 0.462079 0.0112 0.0356082 0.754504
2 0.218647 0.125111 0.0477547 0.0979165 0.75392
1 0.559205 0.385426 0.0164 0.055514 0.751859
2 0.204594 0.207525 0.0574303 0.109302 0.749772
1 0.494697 0.527159 0.0247392 0.0445495 0.748083
2 0.124969 0.250081 0.0891812 0.12209 0.747285
1 0.527305 0.45354 0.02856 0.046561 0.747027
1 0.533612 0.370812 0.0275518 0.0515349 0.745142
1 0.404698 0.35595 0.0177111 0.0382872 0.745129
1 0.407709 0.320749 0.0198695 0.0367747 0.741293
1 0.536327 0.330668 0.0279034 0.0507418 0.736613
1 0.560651 0.588931 0.0190276 0.048632 0.733968
2 0.243718 0.226798 0.0349384 0.0832961 0.733012
1 0.570339 0.434679 0.0157124 0.0501614 0.730571
1 0.40788 0.53995 0.0141319 0.0291669 0.725027
1 0.574617 0.399462 0.0189484 0.0547651 0.72474
1 0.319182 0.518872 0.0163926 0.0420314 0.721821
1 0.380068 0.466783 0.0132449 0.0415926 0.720579
1 0.566116 0.508802 0.0150466 0.0456585 0.718211
1 0.595895 0.419086 0.0132277 0.0482173 0.717644
1 0.54273 0.58791 0.0186926 0.0534419 0.717092
1 0.604547 0.494341 0.0123006 0.0408655 0.715769
1 0.608577 0.396923 0.0122812 0.0443315 0.71412
1 0.59564 0.452445 0.0107593 0.0398443 0.711106
1 0.300952 0.381936 0.0149518 0.0342311 0.70686
1 0.584344 0.444435 0.0122903 0.0494209 0.70476
1 0.314286 0.382444 0.016813 0.0352712 0.697326
2 0.226879 0.385531 0.0280806 0.0785043 0.696238
1 0.608123 0.429235 0.0121927 0.0405443 0.694602
1 0.560758 0.34642 0.0164225 0.0559628 0.693996
1 0.411564 0.470875 0.0191208 0.0384611 0.693309
1 0.276576 0.474696 0.0230823 0.0344969 0.692933
2 0.275055 0.0253714 0.0302253 0.0507429 0.684654
1 0.531511 0.41253 0.0294607 0.0513818 0.684242
1 0.55191 0.503174 0.0156853 0.0463823 0.681585
1 0.402487 0.392955 0.0153256 0.0401578 0.668338
1 0.410479 0.284262 0.0211481 0.0393571 0.659719
1 0.56319 0.544795 0.0167236 0.0439848 0.657722
1 0.291228 0.507579 0.0164627 0.0305771 0.653747
1 0.392422 0.466953 0.0150069 0.0400133 0.653476
1 0.317541 0.351461 0.0157341 0.0347751 0.650157
2 0.0366855 0.533585 0.0396344 0.11673 0.647908
1 0.462424 0.523062 0.0418812 0.0460634 0.640074
2 0.264544 0.0825297 0.032374 0.0849743 0.624286
1 0.618353 0.440778 0.0113018 0.0325729 0.621676
1 0.577519 0.403527 0.0204509 0.0557164 0.617825
1 0.543506 0.498721 0.00819683 0.0464734 0.616938
1 0.379012 0.501754 0.0129624 0.0390352 0.608972
1 0.408048 0.567143 0.0126886 0.0282923 0.606605
1 0.366902 0.501576 0.0121626 0.0413125 0.592849
1 0.520761 0.535898 0.0278097 0.0501918 0.591933
1 0.619285 0.410842 0.0124207 0.0342663 0.580253
1 0.226208 0.0484882 0.0507965 0.0906208 0.573382
1 0.369374 0.466341 0.0108857 0.0413803 0.571771
1 0.579219 0.367116 0.0145778 0.0513145 0.563689
1 0.593222 0.381614 0.0108709 0.0457345 0.563159
2 0.0415637 0.113842 0.0360843 0.0744573 0.558887
1 0.582323 0.294291 0.00972843 0.0429506 0.557822
1 0.56397 0.309336 0.0148959 0.054162 0.555776
1 0.590812 0.517672 0.0101114 0.0363453 0.551979
1 0.583068 0.405009 0.0128587 0.0547836 0.551463
1 0.576573 0.367781 0.0172821 0.0521311 0.549187
1 0.365676 0.374473 0.0145357 0.0358867 0.540932
1 0.365962 0.405907 0.0165862 0.0374669 0.539295
1 0.429803 0.511319 0.0255552 0.0412337 0.538767
1 0.393853 0.429033 0.0142461 0.0400664 0.537472
1 0.540163 0.49905 0.0107767 0.045953 0.533489
1 0.531733 0.457418 0.0319077 0.0501178 0.533072
1 0.0961431 0.0406577 0.0603855 0.0781003 0.53094
1 0.57649 0.328509 0.014159 0.0512187 0.522368
1 0.371785 0.433041 0.0117714 0.0340376 0.522344
1 0.570236 0.275151 0.0134195 0.048783 0.517774
2 0.520354 0.537214 0.0275478 0.0503745 0.517254
1 0.00727105 0.405334 0.0145421 0.0960865 0.513207
1 0.617543 0.471536 0.0106113 0.038126 0.507864
1 0.0527177 0.0331915 0.050893 0.0617528 0.504056
1 0.591226 0.34069 0.010689 0.0494949 0.503779
1 0.579142 0.478654 0.0130029 0.0418025 0.501665
