2 0.480331 0.508616 0.0118737 0.0220442 0.836503
2 0.497437 0.43566 0.0122714 0.0233732 0.835594
2 0.556179 0.435444 0.0128894 0.0232312 0.83459
2 0.466442 0.436007 0.0124041 0.023504 0.834074
2 0.389884 0.436832 0.0129788 0.0237551 0.83253
2 0.603616 0.438944 0.0326637 0.0220104 0.831643
2 0.753484 0.35463 0.0230379 0.0218267 0.829539
2 0.599164 0.462096 0.0270048 0.0215659 0.827707
2 0.481662 0.460495 0.0124622 0.0221656 0.827659
2 0.750583 0.398 0.0229793 0.0207008 0.826983
2 0.466135 0.460428 0.0122356 0.0217258 0.82664
2 0.465481 0.508698 0.0119494 0.0219115 0.825592
2 0.479703 0.531902 0.012128 0.0202328 0.824612
2 0.752212 0.376374 0.022589 0.0208328 0.824558
2 0.71952 0.440254 0.0119201 0.0209362 0.823534
2 0.317393 0.438997 0.0132437 0.0239861 0.822205
2 0.757554 0.288534 0.0234411 0.0210084 0.821913
2 0.749261 0.419598 0.0223841 0.0204555 0.821719
2 0.465784 0.484766 0.0119705 0.022201 0.819392
2 0.481069 0.484212 0.012145 0.0215463 0.818545
2 0.669544 0.506969 0.021077 0.0207101 0.812712
2 0.317759 0.464544 0.012896 0.0235026 0.812626
2 0.482092 0.43584 0.013012 0.0229769 0.812207
2 0.493462 0.554193 0.0123195 0.020816 0.81147
2 0.758757 0.266687 0.0229492 0.0220595 0.81107
2 0.754868 0.331884 0.0235233 0.021625 0.810991
2 0.707464 0.44045 0.0129878 0.0218931 0.81052
2 0.594059 0.508745 0.0236622 0.0222973 0.808684
2 0.405973 0.436707 0.0128722 0.023675 0.808667
2 0.479012 0.555087 0.0125022 0.0213862 0.806973
2 0.389582 0.462043 0.0125986 0.023175 0.805918
2 0.465139 0.532471 0.0118293 0.0207777 0.805391
2 0.121849 0.351282 0.0254102 0.0242576 0.802208
2 0.49405 0.531493 0.0116682 0.0201955 0.802079
2 0.732476 0.418969 0.0114597 0.0210058 0.800047
2 0.693003 0.41786 0.0132223 0.0222444 0.796297
2 0.718389 0.461526 0.0122112 0.02036 0.795864
2 0.720897 0.418537 0.0117279 0.021936 0.795573
2 0.669829 0.48489 0.0232969 0.0217126 0.795063
2 0.492843 0.577731 0.0130277 0.0228477 0.794141
0 0.102647 0.378609 0.012981 0.0231199 0.793557
2 0.717083 0.483143 0.0120569 0.0212436 0.791203
2 0.668263 0.528649 0.0206668 0.0205816 0.789533
2 0.604764 0.415189 0.0334597 0.0240038 0.789456
0 0.407898 0.228678 0.0146424 0.0245566 0.789393
2 0.756139 0.309642 0.0234943 0.0215624 0.789174
2 0.691848 0.440815 0.0138061 0.0211255 0.788966
0 0.439671 0.229078 0.0135263 0.0239787 0.788251
2 0.731446 0.44033 0.011566 0.0203078 0.784914
2 0.606678 0.34223 0.0304036 0.0236263 0.78426
0 0.103836 0.402064 0.0118284 0.0218312 0.784197
2 0.316931 0.413818 0.0135632 0.0242886 0.784147
2 0.637514 0.52998 0.0218409 0.020648 0.782969
2 0.595679 0.485179 0.0239353 0.0223534 0.782883
2 0.730214 0.262673 0.0111101 0.0226673 0.779918
2 0.704584 0.483845 0.0128967 0.021353 0.778515
2 0.638899 0.50795 0.0226141 0.0204929 0.777251
2 0.421469 0.436599 0.012729 0.023418 0.776666
2 0.593431 0.531574 0.0231352 0.0212781 0.776145
2 0.436275 0.436547 0.0121786 0.0236497 0.772261
2 0.606916 0.317923 0.0287568 0.0234103 0.772102
2 0.733459 0.397102 0.0116508 0.0215635 0.771938
0 0.390348 0.307149 0.0136599 0.0240209 0.771232
2 0.694123 0.394876 0.0127555 0.021313 0.767464
2 0.706076 0.462059 0.0131447 0.0203859 0.766332
2 0.121259 0.327763 0.0256173 0.0234106 0.765683
2 0.555456 0.45966 0.01293 0.022316 0.765645
2 0.123977 0.399667 0.0267173 0.0222724 0.765226
0 0.471605 0.230311 0.0139938 0.024014 0.764496
2 0.405946 0.461568 0.0125347 0.0225342 0.763803
2 0.593368 0.553466 0.021664 0.0211774 0.760117
0 0.471871 0.20383 0.0143808 0.0250922 0.759422
0 0.5019 0.874171 0.019059 0.0379255 0.758945
2 0.634013 0.391464 0.0220522 0.0231332 0.758079
2 0.570988 0.435828 0.0114475 0.0226785 0.757521
2 0.634554 0.319659 0.0164886 0.023212 0.757175
2 0.535983 0.552377 0.0140098 0.0206068 0.756797
2 0.435397 0.533095 0.0121305 0.0205856 0.756682
2 0.494866 0.508298 0.0112554 0.0212697 0.754061
2 0.498807 0.385894 0.0127735 0.0234551 0.753357
2 0.63681 0.552866 0.0206026 0.0218611 0.752065
2 0.606951 0.29291 0.0266849 0.0241888 0.7514
2 0.730345 0.285202 0.0130187 0.0226468 0.751295
0 0.439858 0.202853 0.0137056 0.0243235 0.749559
2 0.748124 0.44069 0.021755 0.0193197 0.749154
0 0.424304 0.228904 0.013942 0.0236859 0.749151
2 0.669688 0.462515 0.027223 0.0210523 0.748984
2 0.464739 0.555938 0.0122504 0.0213538 0.748868
0 0.408058 0.201812 0.0146697 0.024464 0.748544
2 0.554727 0.483455 0.0126853 0.0224047 0.747977
2 0.54062 0.435384 0.0134935 0.0233459 0.74791
0 0.390781 0.281068 0.013814 0.0250677 0.746108
2 0.690535 0.462636 0.0150528 0.0206641 0.743615
2 0.31839 0.488199 0.0129042 0.0214027 0.743551
2 0.316412 0.28277 0.014649 0.0249313 0.742434
2 0.605747 0.390532 0.0326336 0.0231481 0.74219
2 0.570211 0.460656 0.0105385 0.0227799 0.741072
2 0.316273 0.229873 0.014455 0.0236771 0.740579
2 0.615674 0.552638 0.0208239 0.0215044 0.740542
2 0.421378 0.4618 0.0119352 0.0229606 0.739845
2 0.635547 0.343409 0.0200228 0.0230236 0.738729
2 0.686717 0.506428 0.0138401 0.0211583 0.738635
2 0.449021 0.609441 0.014032 0.0273015 0.734576
2 0.492275 0.606573 0.0136454 0.0265962 0.733395
2 0.708895 0.418087 0.0135071 0.0219604 0.733093
0 0.406755 0.307091 0.0146494 0.0238547 0.732247
2 0.632728 0.415894 0.0214497 0.0221909 0.732138
2 0.498456 0.410493 0.012627 0.0226022 0.73053
2 0.389749 0.558443 0.012098 0.0219093 0.730388
2 0.4356 0.510131 0.0117708 0.0207111 0.730185
0 0.390021 0.333447 0.013442 0.0237792 0.730072
2 0.722351 0.396477 0.011438 0.0224805 0.729441
2 0.320877 0.564191 0.0134075 0.0279468 0.728701
2 0.433793 0.609693 0.0149716 0.0273282 0.728463
0 0.438546 0.281395 0.0131479 0.0248392 0.727939
2 0.319175 0.51178 0.0131 0.022402 0.727382
2 0.335887 0.56399 0.0130054 0.0280219 0.727258
2 0.666854 0.55025 0.0200445 0.0209452 0.726836
2 0.125204 0.421737 0.0279484 0.0222895 0.72672
2 0.554018 0.506537 0.0126459 0.0223572 0.723974
2 0.729361 0.461328 0.0110571 0.0205183 0.723529
2 0.122853 0.376159 0.0258975 0.0237799 0.722206
2 0.759484 0.243395 0.022854 0.0219828 0.722176
2 0.741769 0.264781 0.0103518 0.022161 0.719892
2 0.734869 0.375123 0.0123661 0.0217857 0.719698
2 0.496844 0.459752 0.0114388 0.022556 0.719239
2 0.452169 0.385589 0.0132719 0.0229221 0.719206
0 0.455499 0.229729 0.0142622 0.0241896 0.71907
2 0.33355 0.229601 0.0152457 0.0259706 0.71899
2 0.641597 0.485694 0.020425 0.0208768 0.718675
2 0.38949 0.486648 0.0126255 0.0224625 0.714202
2 0.616446 0.530888 0.0205065 0.0199471 0.713223
2 0.495925 0.48447 0.0110827 0.0225153 0.711665
2 0.316254 0.387052 0.0136261 0.0237796 0.709585
0 0.439164 0.255187 0.013084 0.0241052 0.708914
2 0.126209 0.445164 0.0287736 0.0223228 0.708908
2 0.478674 0.578834 0.0123339 0.0220101 0.708636
2 0.653148 0.529187 0.0112766 0.0205029 0.708229
0 0.105039 0.424603 0.0101767 0.0211619 0.706461
2 0.684387 0.528176 0.0118526 0.0205473 0.706226
0 0.374503 0.28147 0.0142944 0.0254471 0.705925
2 0.33553 0.53558 0.012669 0.0239244 0.704929
2 0.785597 0.243235 0.0263916 0.0209418 0.704491
0 0.4062 0.333518 0.0145555 0.0234456 0.703274
2 0.320294 0.536073 0.0133596 0.0238393 0.701804
2 0.562987 0.211488 0.0122496 0.0227138 0.700933
0 0.407268 0.254207 0.0145658 0.0238122 0.698934
0 0.532973 0.870172 0.0384059 0.0387387 0.697054
2 0.70178 0.505251 0.0138031 0.0203883 0.697037
2 0.671071 0.439819 0.0273457 0.0214737 0.695439
2 0.467049 0.410509 0.0129436 0.0225393 0.694823
2 0.606769 0.267343 0.0252344 0.0241365 0.692595
2 0.316309 0.309046 0.0142525 0.0249301 0.692038
0 0.422164 0.359409 0.0137916 0.0237157 0.69095
2 0.390385 0.581768 0.0120359 0.0218057 0.690233
2 0.655077 0.50735 0.0105141 0.0204141 0.689616
2 0.61909 0.508761 0.0185791 0.0208167 0.689076
2 0.646021 0.463216 0.0158413 0.0209864 0.687249
2 0.5584 0.386714 0.0130743 0.0233282 0.68644
2 0.301844 0.463762 0.0133784 0.0241408 0.68608
2 0.405303 0.557885 0.0131548 0.0212558 0.685994
2 0.507899 0.553603 0.0120951 0.0207318 0.68537
2 0.511716 0.435639 0.0128386 0.0232615 0.685313
2 0.482578 0.410538 0.0132425 0.0225672 0.685221
0 0.391317 0.228523 0.0139132 0.0246801 0.683518
2 0.316092 0.361111 0.0138381 0.0247016 0.683321
2 0.635017 0.367721 0.0214828 0.0224703 0.68322
0 0.455649 0.203264 0.0141701 0.0248177 0.682988
2 0.316322 0.256406 0.0148147 0.0255219 0.682972
0 0.422928 0.307219 0.0137064 0.0236905 0.681219
2 0.731076 0.329627 0.0174307 0.0220838 0.68098
2 0.301418 0.439173 0.0136859 0.0247802 0.680369
2 0.695065 0.372057 0.0119823 0.0225995 0.679435
2 0.673873 0.417018 0.0251097 0.0214649 0.678775
2 0.302569 0.488845 0.0129862 0.0239279 0.678715
0 0.470839 0.256751 0.0137936 0.0249794 0.678166
0 0.332646 0.360933 0.0141198 0.0251 0.677913
2 0.572964 0.386941 0.0116495 0.023854 0.677177
2 0.303312 0.51256 0.0124263 0.0224759 0.677129
2 0.301066 0.413752 0.0138003 0.0258721 0.676227
0 0.389868 0.359419 0.0132987 0.0235441 0.675506
2 0.333015 0.255855 0.0147802 0.0247214 0.673329
2 0.635058 0.295209 0.0155348 0.0234866 0.67183
0 0.407214 0.280976 0.0145115 0.0247949 0.671307
2 0.434944 0.556273 0.01301 0.0201633 0.670717
2 0.421537 0.410578 0.0134737 0.0232086 0.668638
0 0.452857 0.882561 0.0181808 0.0358622 0.666846
0 0.438434 0.307523 0.0127417 0.0233215 0.66618
2 0.389394 0.51141 0.0123498 0.0225433 0.666021
2 0.740688 0.286712 0.0104605 0.0216075 0.66282
2 0.316483 0.20342 0.014357 0.026082 0.662516
2 0.405652 0.410643 0.0133148 0.0229743 0.660385
0 0.422543 0.333496 0.0136539 0.0234607 0.659593
2 0.451711 0.410386 0.0128704 0.0225282 0.659369
2 0.451051 0.436203 0.0124169 0.0234833 0.659133
2 0.508745 0.530221 0.0116227 0.0206228 0.658465
0 0.39109 0.254322 0.0134774 0.0240373 0.657423
2 0.405141 0.611364 0.0132649 0.0274763 0.655837
2 0.512513 0.385619 0.0117085 0.0231558 0.655302
2 0.3342 0.202823 0.0161448 0.025308 0.653679
0 0.333158 0.386813 0.014158 0.023805 0.653454
2 0.391373 0.610813 0.0132123 0.0269065 0.653065
2 0.316129 0.335037 0.0140521 0.0241662 0.652904
2 0.73274 0.352849 0.0169106 0.022741 0.651488
2 0.435917 0.461741 0.0115961 0.0227047 0.65062
2 0.690605 0.484201 0.0153955 0.0213262 0.650123
2 0.304263 0.537262 0.0122895 0.0250537 0.649164
2 0.629734 0.439531 0.0190338 0.0220501 0.648578
0 0.374518 0.307668 0.0140471 0.0248113 0.646669
2 0.46442 0.578911 0.0127375 0.021253 0.646631
2 0.120547 0.30397 0.0243737 0.0237584 0.646561
2 0.405429 0.510557 0.0125099 0.0215286 0.645923
2 0.389862 0.385519 0.0132189 0.0224081 0.645179
2 0.134287 0.575688 0.0225255 0.0206828 0.644654
2 0.653992 0.368806 0.0147495 0.0231657 0.643893
2 0.130061 0.535448 0.0299437 0.0208346 0.642034
2 0.534576 0.604365 0.0153506 0.0265923 0.641432
2 0.67492 0.394419 0.0255631 0.0215639 0.639545
2 0.501394 0.912927 0.0190973 0.0369454 0.636699
2 0.687989 0.48412 0.0131051 0.0211426 0.636469
2 0.420953 0.510439 0.0115559 0.0209696 0.634637
2 0.351072 0.564251 0.012742 0.0297557 0.634629
2 0.541812 0.410726 0.013636 0.022572 0.634375
2 0.622258 0.486 0.0141489 0.0218333 0.633138
2 0.68225 0.324093 0.023222 0.0233469 0.632944
0 0.105454 0.471332 0.0104025 0.0201465 0.632626
2 0.542769 0.386609 0.0139341 0.0232254 0.631756
2 0.128372 0.491068 0.0295172 0.0207811 0.630096
2 0.731345 0.30743 0.0168291 0.0214016 0.628101
2 0.607105 0.24184 0.0255228 0.0239075 0.627699
2 0.405605 0.486408 0.0121638 0.0216493 0.624904
0 0.418334 0.885171 0.0475807 0.0344584 0.621358
2 0.350698 0.229513 0.0136771 0.0262971 0.619325
2 0.0559793 0.24687 0.022149 0.0213492 0.616933
2 0.557185 0.410656 0.0129942 0.0224848 0.616465
2 0.778583 0.357214 0.0257163 0.0163238 0.615921
2 0.531677 0.909847 0.0384902 0.0375093 0.615866
2 0.348752 0.282401 0.0139411 0.0267916 0.61576
0 0.405865 0.35971 0.0141149 0.0237254 0.615624
0 0.375126 0.229167 0.0149767 0.0258351 0.614512
2 0.607568 0.217126 0.0244967 0.0242143 0.613035
0 0.42378 0.254944 0.013802 0.0240572 0.611172
2 0.551767 0.551732 0.0141344 0.0214998 0.610555
1 0.105808 0.555652 0.0112221 0.0194838 0.609876
2 0.78182 0.310064 0.0264608 0.0226349 0.609748
2 0.648424 0.439665 0.0144978 0.022141 0.608553
2 0.41946 0.610442 0.0129019 0.0265089 0.607455
2 0.651491 0.551443 0.0128038 0.0218214 0.607323
1 0.104361 0.535398 0.0118954 0.019379 0.604732
0 0.470102 0.282347 0.0138809 0.0238481 0.603896
2 0.711014 0.396209 0.0128153 0.0207409 0.603282
0 0.391504 0.201695 0.014177 0.0245362 0.60276
2 0.436798 0.410527 0.0127239 0.0229419 0.599901
2 0.389858 0.410714 0.013153 0.0233804 0.598034
2 0.334867 0.511551 0.0126962 0.0216793 0.597843
2 0.784498 0.265478 0.0262588 0.0180444 0.597199
0 0.0795559 0.288068 0.0117829 0.024911 0.595407
2 0.605259 0.366126 0.0294226 0.0227558 0.59498
2 0.685789 0.253558 0.0226465 0.0232197 0.594198
2 0.509509 0.507682 0.0118683 0.0214805 0.593811
2 0.478617 0.607469 0.0127237 0.0262433 0.593621
2 0.681034 0.347433 0.0207518 0.0217156 0.592986
2 0.389423 0.535104 0.012098 0.0206724 0.592794
2 0.562697 0.261131 0.0117203 0.0238989 0.591837
2 0.405664 0.385675 0.0135493 0.0223165 0.591469
2 0.683458 0.30021 0.0217676 0.0233769 0.591065
2 0.132222 0.556237 0.0262644 0.0196476 0.590967
2 0.742657 0.482163 0.0209915 0.0200737 0.59028
0 0.424481 0.201932 0.0139469 0.0243208 0.589936
1 0.0915458 0.332617 0.0100155 0.0223241 0.589504
2 0.553041 0.528949 0.0129654 0.0205315 0.588022
2 0.449318 0.579337 0.0132078 0.0220663 0.587811
0 0.332546 0.334199 0.0138613 0.0250001 0.587712
0 0.453061 0.92026 0.0183739 0.0371741 0.586866
0 0.423199 0.281232 0.0136774 0.0245861 0.586461
2 0.675957 0.371321 0.0265511 0.0231406 0.586415
2 0.467666 0.385864 0.0133608 0.023082 0.58405
2 0.716956 0.50397 0.0135833 0.0196949 0.584026
2 0.63547 0.270193 0.0164207 0.0232073 0.583575
0 0.486401 0.256941 0.0125372 0.0244279 0.583418
0 0.475786 0.843251 0.0231192 0.0416509 0.583013
2 0.350556 0.511308 0.0127089 0.0217947 0.581475
2 0.350777 0.535319 0.0125447 0.0234424 0.580999
2 0.526998 0.410653 0.0127791 0.022739 0.579808
2 0.627803 0.463069 0.016902 0.0214107 0.579425
2 0.569444 0.483437 0.00977726 0.0217033 0.578999
2 0.718399 0.260814 0.0121599 0.023026 0.578174
2 0.747761 0.461506 0.0188974 0.0203039 0.577315
2 0.695998 0.348582 0.0108675 0.0228093 0.576478
0 0.0830258 0.424795 0.0122481 0.0208768 0.576042
2 0.483189 0.385639 0.0133972 0.02371 0.574448
2 0.421293 0.486071 0.0114893 0.0209131 0.574281
2 0.572059 0.410932 0.0118498 0.0232374 0.573432
0 0.483741 0.360149 0.0135656 0.0232995 0.572136
0 0.0810665 0.380963 0.0106463 0.0240696 0.570827
2 0.662782 0.462679 0.0184444 0.0211678 0.570617
2 0.57836 0.212293 0.0137472 0.0241279 0.567759
2 0.575776 0.287725 0.0128264 0.0233475 0.567055
2 0.43567 0.486288 0.0112851 0.0214969 0.566134
2 0.129139 0.513378 0.0302568 0.0216968 0.565989
