1 0.516723 0.100612 0.0509985 0.0673034 0.912136
0 0.59944 0.670299 0.0872427 0.0770131 0.908933
0 0.398763 0.681717 0.0926292 0.0750142 0.908629
0 0.323482 0.684513 0.0569997 0.0736162 0.905733
2 0.396535 0.460746 0.0928838 0.0754068 0.905481
1 0.847532 0.0847658 0.08376 0.0663765 0.90191
1 0.910924 0.084097 0.0526926 0.0643509 0.900957
0 0.231042 0.68731 0.0462286 0.0699657 0.900905
1 0.237529 0.0653813 0.045108 0.0696642 0.900158
1 0.585164 0.0964197 0.0835325 0.0684998 0.899812
1 0.0323923 0.166363 0.0646749 0.0739725 0.899119
2 0.399201 0.758781 0.0926834 0.0737154 0.898816
1 0.586459 0.165144 0.0836512 0.0663829 0.898307
1 0.51781 0.168033 0.0511303 0.0692463 0.898159
2 0.813446 0.652185 0.0438614 0.0763604 0.896163
0 0.527864 0.671855 0.0531956 0.0763732 0.895903
1 0.394485 0.0491967 0.0852314 0.0693066 0.89552
1 0.851138 0.151213 0.0821408 0.0662865 0.895394
2 0.184536 0.545781 0.0459618 0.0711676 0.894839
1 0.46345 0.0381635 0.0513554 0.0705153 0.894717
2 0.23115 0.763278 0.0471953 0.0766887 0.894282
2 0.8573 0.217605 0.0833439 0.0634297 0.89421
1 0.277659 0.125096 0.0392681 0.0700118 0.893935
2 0.275502 0.761658 0.038593 0.0744064 0.893619
1 0.234614 0.194367 0.0464019 0.0726736 0.89324
1 0.323313 0.187275 0.0529058 0.0708952 0.892602
2 0.273917 0.395862 0.0368009 0.0723651 0.892369
2 0.273758 0.539864 0.0375334 0.0712765 0.891986
1 0.323874 0.120796 0.0533297 0.0704669 0.891896
0 0.184092 0.687631 0.0442811 0.0687094 0.891624
1 0.0969286 0.213125 0.0709753 0.0783793 0.891508
2 0.322165 0.537584 0.0560914 0.0692957 0.8914
1 0.102762 0.0874135 0.0726801 0.0768183 0.891249
1 0.843448 0.0264666 0.0824398 0.0529332 0.891043
0 0.473299 0.675534 0.0534046 0.0777234 0.89081
0 0.0861249 0.691931 0.0738397 0.0697802 0.890673
2 0.321432 0.466324 0.055493 0.0726255 0.890635
2 0.471862 0.600676 0.0536856 0.0739182 0.890515
2 0.59653 0.519742 0.0879365 0.0724966 0.889608
2 0.183938 0.763884 0.0456291 0.075775 0.889224
2 0.524679 0.522219 0.053234 0.0756764 0.888984
2 0.231174 0.543468 0.0457882 0.071609 0.888911
1 0.394675 0.180854 0.0873374 0.0657814 0.887853
2 0.231186 0.615508 0.0461319 0.0700953 0.887211
1 0.193757 0.0715356 0.0435571 0.0688507 0.887022
2 0.60073 0.752139 0.0871357 0.0870782 0.886271
2 0.664188 0.589407 0.0416448 0.0741895 0.886202
2 0.588519 0.231477 0.0833645 0.067225 0.885831
1 0.786639 0.0858563 0.0469547 0.0659569 0.885714
2 0.594778 0.445759 0.0868048 0.0742931 0.88571
2 0.322193 0.321524 0.0536125 0.0721671 0.885384
2 0.0858103 0.763008 0.0744936 0.06873 0.884849
1 0.741429 0.0866801 0.0509349 0.0664948 0.88468
2 0.0876542 0.553212 0.0739144 0.0742546 0.884668
2 0.274803 0.32415 0.0359402 0.0674538 0.884121
0 0.274681 0.685152 0.0374864 0.0691855 0.883731
2 0.321649 0.393316 0.0550647 0.0731337 0.883723
1 0.0310814 0.227169 0.0618832 0.0715386 0.883555
1 0.515557 0.0342894 0.051284 0.0664399 0.883154
2 0.874835 0.500178 0.0884247 0.0743634 0.88279
2 0.396151 0.38811 0.0915045 0.0739989 0.882647
1 0.906139 0.0253806 0.0512392 0.0507612 0.882572
2 0.395089 0.246383 0.0884535 0.0658365 0.882163
1 0.766333 0.655936 0.0461926 0.0756509 0.882048
2 0.397619 0.534051 0.0927226 0.0695473 0.881638
1 0.956797 0.0841586 0.0510168 0.0647351 0.881483
1 0.190597 0.200548 0.0446982 0.0722342 0.881431
1 0.278615 0.0586576 0.0372299 0.0680937 0.881327
1 0.394448 0.116069 0.0862911 0.0690306 0.88106
1 0.915198 0.149578 0.0515331 0.0657794 0.880279
2 0.667788 0.739675 0.0437281 0.0746761 0.88013
1 0.277027 0.191894 0.0397314 0.0712471 0.880101
1 0.155209 0.0766312 0.0355391 0.0694878 0.880016
2 0.707223 0.436055 0.0499806 0.0693933 0.880005
2 0.804033 0.43269 0.0429855 0.0694896 0.879963
1 0.464594 0.104752 0.0511223 0.0675598 0.879328
2 0.471258 0.527001 0.0532288 0.0765992 0.879123
2 0.47062 0.453528 0.0528148 0.0735092 0.878976
1 0.790369 0.15282 0.0460563 0.0679869 0.877911
2 0.0257555 0.556184 0.0514847 0.0691545 0.877626
1 0.692983 0.0884494 0.0517718 0.065781 0.877362
1 0.951982 0.0259935 0.0498943 0.051987 0.877193
2 0.523709 0.44936 0.0519123 0.0732269 0.877189
2 0.598135 0.594499 0.0876852 0.0778975 0.876381
2 0.185074 0.473852 0.0451471 0.074725 0.876322
2 0.592775 0.373394 0.0861662 0.0743284 0.876289
2 0.184077 0.616618 0.0454846 0.0697599 0.876004
1 0.192035 0.13718 0.0446288 0.0697974 0.87597
0 0.142099 0.688929 0.0367989 0.0681415 0.875832
2 0.0267216 0.42061 0.0534189 0.0683641 0.875567
1 0.100467 0.148882 0.0704082 0.0726301 0.875464
2 0.860146 0.285407 0.0830933 0.0676694 0.875315
2 0.273823 0.468044 0.0375396 0.0707438 0.875068
2 0.810874 0.57705 0.0428261 0.071445 0.874886
2 0.469824 0.37977 0.0519598 0.0730904 0.874722
2 0.590592 0.302816 0.0845938 0.0715472 0.874198
1 0.324236 0.0541859 0.053338 0.0701014 0.874107
2 0.662207 0.514927 0.0401901 0.0696863 0.873579
1 0.150734 0.204333 0.0366519 0.0716072 0.873302
1 0.236076 0.12939 0.046268 0.067092 0.873228
0 0.666019 0.663341 0.0420265 0.0705855 0.871385
2 0.807838 0.504506 0.0440523 0.0708841 0.871279
1 0.0331606 0.105001 0.0655715 0.068106 0.8704
2 0.519662 0.236072 0.0503019 0.0683295 0.870386
2 0.395575 0.317037 0.0901888 0.0677119 0.87009
2 0.0896948 0.416014 0.0718741 0.0731483 0.869698
2 0.186851 0.334532 0.0425858 0.0720826 0.869247
2 0.0883767 0.484441 0.0722619 0.07013 0.869241
2 0.143339 0.477455 0.0373825 0.0716413 0.868679
1 0.695066 0.156634 0.0506121 0.0719859 0.868676
1 0.744943 0.154503 0.0499593 0.0676351 0.868644
2 0.652317 0.226317 0.0405286 0.0649557 0.868641
2 0.946591 0.712462 0.0484001 0.0785702 0.868641
2 0.232973 0.260699 0.0444429 0.0690101 0.868403
2 0.0250658 0.624857 0.0501107 0.0665533 0.868334
2 0.231378 0.399658 0.0446532 0.0702622 0.86818
2 0.0279454 0.35473 0.0558208 0.0665515 0.868062
1 0.759142 0.43445 0.0442348 0.0711937 0.867812
2 0.0261821 0.489206 0.0522867 0.0683307 0.867778
2 0.869899 0.428545 0.0867492 0.0698459 0.867733
2 0.46853 0.309675 0.0515826 0.0685857 0.867693
2 0.529085 0.750463 0.0547478 0.078874 0.86697
2 0.7042 0.364688 0.049926 0.0689994 0.866711
2 0.142455 0.619478 0.0367569 0.0681259 0.866494
2 0.142104 0.7634 0.0374993 0.0712238 0.865813
2 0.143087 0.548006 0.0366057 0.0713907 0.865768
1 0.465851 0.171147 0.0512487 0.0693327 0.865765
2 0.798043 0.289144 0.0401487 0.0670306 0.864664
2 0.522585 0.378632 0.0514936 0.0716521 0.86444
2 0.231485 0.471199 0.0451769 0.0702674 0.864354
2 0.18585 0.403742 0.0433205 0.0713222 0.864112
1 0.747982 0.221274 0.0512133 0.0677769 0.86373
2 0.921317 0.215511 0.0507096 0.0648314 0.863264
2 0.32285 0.253447 0.0524488 0.0719177 0.863227
1 0.583386 0.0316529 0.0837872 0.0633058 0.86316
2 0.231797 0.330114 0.0449024 0.0700045 0.863145
2 0.474224 0.753515 0.0550106 0.074297 0.862728
2 0.0289177 0.289918 0.0578354 0.0674923 0.861966
1 0.152569 0.140697 0.0378844 0.0682703 0.859323
2 0.521214 0.30669 0.0516643 0.0713409 0.859268
2 0.276019 0.256695 0.0365703 0.0653898 0.859057
1 0.761338 0.507813 0.0448137 0.073472 0.85902
2 0.800938 0.362113 0.041132 0.072066 0.858469
2 0.146279 0.338769 0.0356962 0.0676753 0.858413
2 0.091532 0.347549 0.0714646 0.0680377 0.8581
2 0.87915 0.720161 0.0853785 0.0789025 0.857859
2 0.814976 0.725857 0.0422767 0.073832 0.85769
2 0.659749 0.440889 0.0407958 0.0712726 0.857645
2 0.864274 0.357917 0.0860729 0.0763813 0.857368
2 0.657198 0.365927 0.040966 0.0694807 0.856512
2 0.148676 0.270625 0.0365136 0.0721067 0.856018
1 0.961268 0.149106 0.0494579 0.065921 0.855767
1 0.783222 0.0257549 0.0447553 0.0515099 0.855751
2 0.0940815 0.279166 0.0707126 0.0741843 0.8548
1 0.649347 0.156894 0.0413911 0.0716373 0.854567
2 0.654724 0.295586 0.0402136 0.0682684 0.853751
0 0.714862 0.659132 0.0488842 0.0704784 0.853362
2 0.324002 0.759098 0.0561108 0.0726223 0.853162
2 0.877614 0.57265 0.0893692 0.0740055 0.853006
2 0.0870551 0.6217 0.0741785 0.0672 0.852971
0 0.946607 0.637298 0.0444942 0.0725518 0.852422
2 0.1898 0.266454 0.0419943 0.0730211 0.850859
2 0.701387 0.293873 0.0497293 0.0694667 0.849737
2 0.794681 0.219832 0.0432928 0.065846 0.847733
2 0.750958 0.291304 0.05091 0.0692255 0.847404
2 0.71639 0.735458 0.0487906 0.071655 0.847106
1 0.755937 0.362975 0.0448962 0.0708272 0.845213
2 0.710326 0.510122 0.0506263 0.0695036 0.844269
2 0.698317 0.224263 0.0486343 0.0659214 0.84425
2 0.0243014 0.762897 0.0486028 0.0685693 0.843614
2 0.46703 0.239319 0.051038 0.0681289 0.842429
2 0.944209 0.564041 0.0453583 0.0733078 0.840525
1 0.645242 0.028855 0.041 0.05771 0.838555
1 0.689576 0.0275761 0.0495491 0.0551521 0.837367
1 0.647433 0.088631 0.0412462 0.0626976 0.836536
2 0.986207 0.704194 0.0275856 0.076813 0.834185
2 0.981083 0.490689 0.0378344 0.0718973 0.832634
2 0.976613 0.35274 0.0452789 0.0712767 0.832632
2 0.144785 0.407502 0.0368635 0.0728494 0.83202
2 0.925658 0.282513 0.0470081 0.0675452 0.83192
0 0.526247 0.595736 0.0538424 0.0758728 0.831219
2 0.71247 0.582941 0.0507437 0.0720969 0.831159
2 0.878988 0.64687 0.086327 0.0763115 0.829196
2 0.940129 0.492309 0.0431435 0.0736418 0.828905
2 0.966977 0.215188 0.0441964 0.0651116 0.828057
2 0.936319 0.422005 0.0407253 0.0665514 0.823729
2 0.931885 0.353307 0.0442845 0.0733228 0.820748
0 0.985366 0.633295 0.0292686 0.0719542 0.817644
2 0.971778 0.280704 0.0443779 0.0643567 0.81399
1 0.986691 0.0284111 0.0266175 0.0558487 0.812942
1 0.988763 0.0867138 0.0224742 0.0638701 0.811527
2 0.978829 0.421565 0.0409667 0.06767 0.807063
1 0.991949 0.150199 0.0161025 0.0653395 0.803029
1 0.738231 0.0263782 0.0493095 0.0527564 0.800748
2 0.994247 0.21514 0.0115061 0.0667032 0.790506
2 0.0244232 0.693675 0.0488463 0.0680709 0.789532
0 0.322834 0.608843 0.0567504 0.0728431 0.780076
2 0.983361 0.560896 0.0332774 0.0741138 0.739209
1 0.0631112 0.866877 0.121574 0.126394 0.673396
1 0.185012 0.839835 0.0456968 0.0640401 0.657196
1 0.716711 0.793723 0.0486084 0.0315145 0.634728
0 0.398086 0.607018 0.091979 0.0729193 0.633203
1 0.398675 0.831097 0.0923521 0.0689006 0.62378
1 0.275842 0.815852 0.0386358 0.0288877 0.618849
0 0.274171 0.612125 0.0373435 0.06975 0.612043
1 0.668427 0.796176 0.044111 0.0325183 0.602909
1 0.763944 0.583139 0.0450273 0.0736524 0.585839
2 0.995319 0.281604 0.00936163 0.0647126 0.58578
