2 0.396581 0.383956 0.0877849 0.070998 0.912271
2 0.399624 0.754224 0.0914751 0.074938 0.910478
1 0.849303 0.0835498 0.0826386 0.0650268 0.909596
0 0.323353 0.680082 0.0539173 0.0717868 0.907663
1 0.239033 0.0608222 0.0454474 0.0694099 0.906926
0 0.398422 0.678207 0.0911303 0.0748693 0.906728
0 0.472491 0.67289 0.0542168 0.0758757 0.90491
0 0.527403 0.670157 0.0549081 0.0768056 0.904056
0 0.714452 0.657284 0.0526131 0.0740795 0.903914
2 0.397062 0.456772 0.0903409 0.0745091 0.903762
1 0.103335 0.0834022 0.0704809 0.0719524 0.902701
2 0.274907 0.608838 0.0382722 0.0710576 0.90226
1 0.845039 0.0251205 0.0812024 0.050241 0.902075
1 0.766246 0.654323 0.0510048 0.0765837 0.901868
1 0.0326497 0.162682 0.0649537 0.0690017 0.90161
2 0.858078 0.216732 0.0805397 0.0630579 0.900929
0 0.184787 0.684602 0.0435492 0.0692854 0.900252
1 0.693871 0.0851831 0.0528362 0.0634116 0.899578
1 0.58481 0.0302395 0.0836077 0.0604791 0.898262
2 0.397445 0.531433 0.0908116 0.0735112 0.898155
1 0.853513 0.15044 0.0818646 0.0659666 0.896755
2 0.599193 0.59182 0.0874573 0.0780983 0.896391
0 0.0871216 0.686845 0.0742973 0.0656976 0.896367
2 0.231265 0.611309 0.0461887 0.0717643 0.896316
2 0.470967 0.52387 0.0543435 0.0733505 0.896303
0 0.600502 0.666144 0.0888464 0.0766475 0.895998
2 0.875737 0.498632 0.0871459 0.0761708 0.895158
2 0.471347 0.598235 0.0544565 0.0724061 0.894636
2 0.878091 0.572681 0.0877983 0.0704562 0.894514
2 0.184696 0.612283 0.0434485 0.0715533 0.894388
2 0.707205 0.434899 0.049839 0.0709816 0.893903
1 0.58811 0.15946 0.0817539 0.0721967 0.893687
1 0.395663 0.0464138 0.0846459 0.0658258 0.89355
1 0.586281 0.0941685 0.0826934 0.0700556 0.893527
2 0.274889 0.535897 0.0386054 0.0710124 0.893021
2 0.0250833 0.618984 0.0501665 0.0666536 0.892744
1 0.958372 0.0843208 0.0488955 0.0659437 0.892543
2 0.323287 0.607088 0.0546898 0.0707744 0.892541
2 0.473755 0.749971 0.0537761 0.0736316 0.891904
1 0.466577 0.164825 0.050778 0.0718573 0.891199
2 0.664672 0.58481 0.0425885 0.0762941 0.890707
1 0.395995 0.177401 0.0862697 0.0653796 0.89053
2 0.323243 0.388986 0.0540696 0.0724762 0.890155
2 0.52036 0.232176 0.0506949 0.0672724 0.889462
1 0.0972164 0.211165 0.0708852 0.0722245 0.889399
1 0.518005 0.0965684 0.052235 0.0661751 0.889122
1 0.519203 0.164051 0.051893 0.0708362 0.888934
2 0.589259 0.228096 0.0825319 0.0680559 0.888703
2 0.814888 0.65104 0.0446221 0.0745067 0.888602
2 0.275066 0.755467 0.0388472 0.0709864 0.887838
1 0.0311024 0.222756 0.061464 0.0700637 0.887822
1 0.912726 0.0835057 0.0510937 0.0653481 0.887752
1 0.761134 0.504975 0.0486192 0.0717672 0.887462
2 0.525445 0.520283 0.0538682 0.0755116 0.887383
2 0.0257882 0.550788 0.0515764 0.066417 0.887316
2 0.469772 0.450078 0.05385 0.0750688 0.887248
1 0.742972 0.084359 0.0490806 0.064413 0.886939
2 0.323175 0.462761 0.0542945 0.0721757 0.886715
1 0.51692 0.0320587 0.0509574 0.0641174 0.886522
2 0.595202 0.443264 0.0870775 0.0720652 0.886319
1 0.787948 0.0835227 0.0460043 0.0647973 0.886268
2 0.597053 0.516764 0.0865291 0.0733039 0.88607
1 0.791568 0.150726 0.0465367 0.0684297 0.885982
2 0.185061 0.540591 0.0436841 0.0711584 0.885148
1 0.395478 0.111824 0.0851232 0.065909 0.884833
1 0.236195 0.187356 0.0454433 0.0718999 0.884627
1 0.325135 0.117909 0.0524428 0.0696555 0.884568
2 0.704887 0.362321 0.0491199 0.069482 0.884419
2 0.396168 0.243155 0.0856028 0.0657929 0.883911
1 0.916929 0.149235 0.0501113 0.0655198 0.883904
1 0.696398 0.15359 0.0504451 0.0761103 0.883648
2 0.274415 0.390799 0.0372092 0.0714664 0.883464
2 0.861569 0.284414 0.0808555 0.0669557 0.883306
1 0.194625 0.0678013 0.0430639 0.0682418 0.88316
2 0.276962 0.251332 0.0369818 0.0687863 0.882349
2 0.468716 0.376975 0.0528601 0.0717288 0.882042
1 0.953478 0.0254553 0.048881 0.0509106 0.882018
2 0.274623 0.464201 0.0383488 0.0698896 0.881993
2 0.593161 0.370299 0.0859997 0.0734316 0.881604
2 0.0273722 0.348651 0.0547138 0.0654487 0.881499
2 0.143288 0.613825 0.0368522 0.0720659 0.881406
1 0.192023 0.197552 0.0440025 0.0685284 0.881227
2 0.087014 0.617448 0.0746808 0.0693864 0.880855
2 0.0247853 0.687965 0.0495608 0.067026 0.880628
2 0.79651 0.217748 0.0428768 0.065775 0.880389
1 0.280721 0.0535851 0.0377014 0.0688591 0.880351
1 0.32571 0.0505015 0.0520372 0.0682379 0.88032
1 0.279279 0.119929 0.0381488 0.0666859 0.880254
1 0.908261 0.0248205 0.0498367 0.0496411 0.880058
2 0.0268347 0.416702 0.0536693 0.0661237 0.879728
1 0.0337437 0.103548 0.0669465 0.0620208 0.879006
2 0.275364 0.320084 0.0367019 0.0648776 0.878824
2 0.601813 0.745165 0.0890631 0.0809826 0.878751
0 0.231063 0.683984 0.04541 0.0693555 0.878608
2 0.521648 0.303653 0.0524812 0.0714118 0.877964
2 0.0871598 0.75825 0.0744408 0.0673105 0.877956
1 0.32472 0.183799 0.0524408 0.0677841 0.877806
2 0.467498 0.234716 0.0503523 0.0659155 0.877665
1 0.155653 0.0741073 0.0361269 0.0693767 0.877638
2 0.0262338 0.483352 0.0522732 0.0682188 0.877512
2 0.0879153 0.547914 0.0741296 0.0725978 0.877461
2 0.808531 0.50357 0.0452099 0.0708884 0.877325
2 0.591515 0.298191 0.0842534 0.0708196 0.877248
0 0.666658 0.660573 0.0431244 0.0758534 0.877036
2 0.524081 0.447476 0.0530392 0.0729874 0.876652
1 0.466 0.0992821 0.0506828 0.0597279 0.876602
1 0.278068 0.186938 0.038294 0.0701858 0.876568
2 0.396328 0.313097 0.0862655 0.0659018 0.876437
2 0.0894179 0.479358 0.0722598 0.0697706 0.876172
2 0.816773 0.727135 0.0453102 0.0737965 0.875728
2 0.879799 0.645494 0.0855765 0.0744381 0.875377
2 0.522578 0.375495 0.0529314 0.0708443 0.875331
2 0.529066 0.747546 0.0557846 0.0779319 0.875038
2 0.143392 0.542302 0.0367501 0.0696814 0.87497
1 0.646282 0.0275028 0.0417621 0.0550057 0.874739
0 0.275191 0.681493 0.0379619 0.0670889 0.87459
0 0.143166 0.68482 0.0361846 0.0677236 0.874553
2 0.234241 0.253605 0.0431176 0.0693396 0.874485
2 0.323406 0.535073 0.0545556 0.0712569 0.87444
2 0.185403 0.46969 0.0438836 0.0700649 0.873714
1 0.6509 0.151553 0.0421372 0.0767777 0.873477
2 0.0908707 0.410083 0.0723211 0.0698755 0.873411
2 0.812412 0.576946 0.044044 0.0690547 0.873143
2 0.231184 0.757631 0.0451642 0.0717985 0.872285
2 0.232467 0.323813 0.0431573 0.0689199 0.872263
1 0.690461 0.0268831 0.0498973 0.0537661 0.871991
2 0.711974 0.581765 0.0521426 0.0735562 0.871574
2 0.190795 0.260348 0.0416296 0.0707914 0.871546
2 0.398113 0.604326 0.0906451 0.0697982 0.871363
2 0.029244 0.28363 0.058488 0.0621444 0.871095
1 0.193434 0.133723 0.0432683 0.0671977 0.870723
2 0.231322 0.538224 0.0450758 0.0717797 0.870602
2 0.467944 0.305456 0.0512299 0.0694882 0.869231
2 0.716587 0.734304 0.0518568 0.0744319 0.868922
1 0.962996 0.149463 0.0477751 0.0654992 0.868703
2 0.149561 0.264422 0.0355349 0.0675031 0.868296
2 0.18516 0.759119 0.0447249 0.072323 0.867671
2 0.944719 0.565284 0.0481487 0.0712264 0.867585
1 0.465283 0.0341463 0.0499556 0.0682925 0.8671
1 0.784881 0.0245 0.043957 0.0490001 0.866499
2 0.881599 0.718187 0.0831593 0.0764857 0.866464
2 0.186654 0.400109 0.0430524 0.069422 0.866222
2 0.699861 0.221286 0.0485105 0.0679762 0.866075
2 0.655721 0.291261 0.0419189 0.0704465 0.865589
1 0.755782 0.360461 0.0468126 0.072828 0.865488
2 0.66817 0.739343 0.0428667 0.0752077 0.865174
2 0.975148 0.279729 0.0475646 0.0702197 0.86469
2 0.323753 0.318135 0.053723 0.0683392 0.864578
1 0.758533 0.4323 0.0462889 0.0717789 0.864547
2 0.324293 0.248406 0.0523873 0.0699591 0.864391
2 0.662397 0.510306 0.041886 0.0703372 0.864365
2 0.0922926 0.343634 0.0724275 0.0662976 0.864298
2 0.653181 0.22169 0.0417795 0.0665715 0.864133
1 0.648845 0.0843041 0.0427113 0.0592679 0.863552
2 0.926478 0.281527 0.0478516 0.0681022 0.862792
2 0.231532 0.466993 0.044301 0.0690746 0.861874
2 0.882784 0.807282 0.082891 0.103801 0.861844
1 0.100388 0.146755 0.0719103 0.0715584 0.861561
2 0.805831 0.430828 0.0438019 0.069061 0.861231
2 0.921995 0.2137 0.049116 0.0644668 0.861168
2 0.144119 0.472469 0.0361578 0.0701478 0.860613
2 0.709786 0.508164 0.0506383 0.0699608 0.860229
2 0.0946502 0.274822 0.0709623 0.0723687 0.860106
1 0.739442 0.0260796 0.0501619 0.0521592 0.860104
2 0.66014 0.436388 0.0409171 0.0709704 0.859393
2 0.702589 0.291212 0.0489361 0.0702447 0.858618
2 0.324282 0.756178 0.055631 0.0707563 0.857287
2 0.188356 0.330816 0.042263 0.0687656 0.857016
1 0.750764 0.21909 0.0466021 0.0687573 0.856661
1 0.153716 0.135772 0.0372695 0.0632488 0.856351
1 0.237936 0.123205 0.045218 0.062373 0.854893
2 0.231427 0.394845 0.0432004 0.0707798 0.853742
0 0.946004 0.637657 0.0473408 0.0725955 0.850779
2 0.143331 0.758413 0.0368192 0.0708302 0.850772
2 0.79961 0.28621 0.0421242 0.0675441 0.850745
2 0.147607 0.333519 0.0353486 0.0670783 0.850156
2 0.801219 0.358627 0.0403457 0.0721101 0.849213
1 0.151849 0.19922 0.037395 0.0696918 0.848276
2 0.947915 0.709268 0.0492655 0.0748136 0.847958
2 0.872913 0.426661 0.0884705 0.0671246 0.847782
2 0.0247015 0.757744 0.0494031 0.0635 0.847687
2 0.866844 0.356426 0.0847195 0.073474 0.847305
2 0.657878 0.363082 0.0417002 0.0700753 0.847294
2 0.818265 0.811155 0.0436851 0.0907009 0.84708
1 0.746416 0.15117 0.0459736 0.0685048 0.845172
2 0.949271 0.785062 0.0493199 0.0767438 0.844354
2 0.977372 0.351874 0.044445 0.0696845 0.843791
2 0.764114 0.579499 0.050889 0.0730245 0.8415
2 0.145849 0.40144 0.0349627 0.067359 0.839496
2 0.98171 0.488018 0.0365797 0.0725437 0.838436
2 0.969206 0.212533 0.0455666 0.0631224 0.836972
2 0.941494 0.49206 0.0439711 0.0750004 0.831934
1 0.989558 0.0870944 0.0208841 0.0657893 0.823891
2 0.938071 0.42084 0.0392172 0.0637821 0.819217
2 0.77132 0.819051 0.0490459 0.092388 0.80959
1 0.987474 0.028661 0.0250419 0.0567513 0.809411
2 0.979143 0.418767 0.039796 0.0633072 0.806781
2 0.143598 0.83526 0.0366619 0.0732529 0.802812
2 0.983423 0.558668 0.0331532 0.0714657 0.801992
2 0.932772 0.353289 0.0433339 0.0711397 0.801308
0 0.985672 0.629119 0.0286566 0.0725891 0.793666
2 0.526187 0.594593 0.0553978 0.0750748 0.790748
2 0.717625 0.791987 0.051168 0.0324729 0.788417
1 0.474353 0.816776 0.0527838 0.0565435 0.775652
2 0.669454 0.793474 0.0424087 0.0311004 0.775067
2 0.987044 0.702409 0.0259123 0.0749967 0.772729
1 0.992885 0.151275 0.0142291 0.0682621 0.768999
2 0.76902 0.730746 0.0502153 0.0753389 0.768854
2 0.530222 0.825585 0.0537147 0.0712333 0.75736
2 0.995302 0.212515 0.00895001 0.0619427 0.730216
1 0.987803 0.792971 0.0241642 0.105534 0.705263
1 0.753631 0.287896 0.0467547 0.0700414 0.618271
2 0.602727 0.797386 0.0901947 0.0257309 0.536445
