2 0.399658 0.75441 0.0915565 0.0740012 0.912136
2 0.858044 0.217108 0.0802401 0.0622389 0.908592
0 0.71497 0.657844 0.0521761 0.0731957 0.906835
0 0.398512 0.677957 0.0918562 0.0722524 0.906369
1 0.849395 0.0835246 0.0823641 0.0644797 0.905319
1 0.0326537 0.162556 0.064875 0.0705812 0.904272
2 0.274778 0.608325 0.0381871 0.0707523 0.90425
0 0.600879 0.665987 0.08836 0.074295 0.902829
1 0.517843 0.0970605 0.0507359 0.0637059 0.901349
1 0.103067 0.0825053 0.0704642 0.0712077 0.900761
2 0.707612 0.434645 0.0491158 0.0703306 0.90048
2 0.87584 0.498592 0.0872295 0.0759296 0.900037
2 0.025111 0.619071 0.050222 0.0655027 0.899176
1 0.853421 0.150913 0.0813389 0.0656176 0.897428
1 0.845209 0.0253378 0.0809697 0.0506757 0.897171
0 0.323393 0.681005 0.0539836 0.0697066 0.896841
2 0.184671 0.611827 0.0434444 0.0704705 0.896141
0 0.0871689 0.686292 0.0737567 0.0650534 0.895941
1 0.0969258 0.21242 0.0712054 0.0741189 0.895648
2 0.231014 0.610978 0.0461433 0.0724966 0.895466
2 0.397372 0.458083 0.0898905 0.0705319 0.895016
0 0.527431 0.66993 0.0546546 0.0763837 0.89469
1 0.76639 0.654216 0.0495392 0.0763241 0.894451
2 0.396598 0.384683 0.0875449 0.0698814 0.894034
1 0.23908 0.0605662 0.0443351 0.0684698 0.893562
1 0.517033 0.0315799 0.0498674 0.0631597 0.893194
1 0.518763 0.164643 0.0509697 0.0673626 0.892889
1 0.0309239 0.221669 0.0618478 0.0701414 0.892718
0 0.27476 0.680893 0.0381192 0.0675677 0.892388
2 0.322837 0.389214 0.0535636 0.0711434 0.891911
2 0.471032 0.522734 0.0535616 0.0741199 0.891894
2 0.589552 0.227774 0.0815413 0.0650939 0.891672
2 0.878465 0.572891 0.0875676 0.0689 0.890171
1 0.742858 0.0845424 0.0492584 0.0651659 0.889413
2 0.520149 0.232046 0.0503067 0.0651835 0.889198
2 0.664943 0.585233 0.0425909 0.0755096 0.888981
1 0.194595 0.0672425 0.0439091 0.0688058 0.888634
2 0.525493 0.519739 0.0529476 0.0760924 0.888519
1 0.588047 0.159516 0.081333 0.0652287 0.888189
2 0.397643 0.531591 0.0903571 0.0721053 0.888161
1 0.465915 0.100903 0.0495262 0.0629778 0.88798
2 0.705076 0.361288 0.0483924 0.069372 0.887976
2 0.274738 0.536127 0.0381789 0.0694897 0.887924
0 0.184563 0.684078 0.043003 0.0685934 0.887888
1 0.912514 0.0833663 0.0518093 0.0649656 0.887769
1 0.586533 0.0925613 0.081785 0.0644385 0.887655
2 0.0248555 0.687558 0.0497014 0.0670683 0.887506
1 0.761366 0.504888 0.0477972 0.071433 0.887167
1 0.395239 0.0464505 0.0848172 0.064369 0.88698
2 0.0868908 0.617637 0.0740465 0.0683598 0.886788
2 0.712105 0.581233 0.0524368 0.0745069 0.886212
1 0.466253 0.166785 0.0496419 0.0661769 0.886097
2 0.882496 0.802478 0.0828278 0.0963685 0.886018
2 0.398213 0.604774 0.0910855 0.0705535 0.885938
2 0.814829 0.65109 0.044705 0.0741279 0.885877
2 0.597103 0.516229 0.0860346 0.0726602 0.885634
1 0.917201 0.149178 0.0507336 0.06511 0.885543
1 0.15565 0.0734001 0.0360331 0.0684354 0.885522
2 0.274198 0.391453 0.0370138 0.0700527 0.885301
1 0.395831 0.17671 0.0856627 0.0617606 0.885106
2 0.861255 0.284253 0.0797342 0.0669468 0.884939
2 0.472163 0.597752 0.0534685 0.0732417 0.884806
2 0.521307 0.302623 0.0515921 0.0697154 0.884624
2 0.59527 0.44299 0.086404 0.0706926 0.884601
2 0.395881 0.242509 0.0849308 0.0644611 0.884478
1 0.585062 0.0295817 0.081571 0.0591633 0.884378
2 0.593142 0.369824 0.0851064 0.0717611 0.884354
1 0.958012 0.083636 0.0483983 0.0654938 0.884253
1 0.32582 0.0500215 0.0512404 0.0655129 0.884184
1 0.78789 0.0840013 0.0457164 0.0647909 0.884171
2 0.323011 0.462767 0.0541991 0.0731348 0.883715
2 0.0275033 0.347463 0.0549573 0.0641299 0.883666
1 0.280461 0.0539925 0.0371809 0.068657 0.882998
1 0.278984 0.12067 0.0377039 0.0665588 0.88218
2 0.274168 0.464385 0.0384173 0.07073 0.882161
2 0.2341 0.252481 0.0423733 0.0676032 0.88213
2 0.185087 0.5408 0.0435287 0.071094 0.881984
1 0.395485 0.112103 0.0847769 0.0646141 0.881972
0 0.667052 0.660084 0.0431373 0.0748526 0.881794
2 0.323341 0.607133 0.054693 0.0703697 0.881688
1 0.792363 0.151534 0.0453043 0.0656833 0.881687
1 0.0336175 0.102156 0.0671217 0.0688331 0.881598
1 0.32526 0.116601 0.051958 0.0666294 0.880668
1 0.952901 0.0250158 0.0490288 0.0500316 0.880321
1 0.465397 0.0343458 0.0484927 0.0669678 0.880052
2 0.467414 0.234112 0.0499536 0.0645633 0.879847
2 0.468231 0.304806 0.0508251 0.0686818 0.879672
2 0.470169 0.449188 0.0528797 0.0722123 0.879555
2 0.469053 0.376508 0.0518863 0.0691411 0.879168
1 0.324739 0.182897 0.0521911 0.0666855 0.878937
2 0.276864 0.251894 0.0359048 0.0662518 0.878348
1 0.235991 0.188677 0.0441389 0.0667485 0.878294
1 0.693369 0.0855722 0.05132 0.0625987 0.878244
2 0.601972 0.743789 0.0887537 0.0779338 0.878238
1 0.908204 0.0248252 0.0503953 0.0496503 0.877962
2 0.796656 0.217451 0.0426313 0.0645016 0.877879
2 0.0291421 0.283113 0.0582842 0.0626842 0.877768
2 0.529022 0.748446 0.0556103 0.0803697 0.877607
2 0.59149 0.297533 0.0831855 0.0693691 0.877569
2 0.522583 0.374634 0.0516317 0.0699519 0.877566
2 0.0875595 0.5484 0.0739495 0.0725092 0.876863
2 0.275483 0.320781 0.0357016 0.0661208 0.876658
2 0.396028 0.312803 0.085931 0.0662632 0.87661
2 0.143117 0.614304 0.0368702 0.0702676 0.875942
2 0.026244 0.483057 0.0522173 0.068187 0.875802
1 0.277811 0.187112 0.0374405 0.0683272 0.875634
2 0.0870345 0.756985 0.0740182 0.0665225 0.875403
2 0.0905722 0.409601 0.07173 0.0688474 0.875203
1 0.191724 0.198943 0.043968 0.0695093 0.875172
2 0.0249125 0.755818 0.0497935 0.0648907 0.874921
2 0.0256601 0.550894 0.0513188 0.0674585 0.87483
2 0.185492 0.469906 0.0438169 0.0694714 0.874736
2 0.0892864 0.479325 0.0720888 0.0694685 0.874538
1 0.1536 0.136917 0.0374552 0.0671424 0.874279
1 0.193384 0.134069 0.0432957 0.0690152 0.873774
2 0.18664 0.400332 0.0430566 0.0678644 0.873034
2 0.230974 0.538202 0.0453006 0.0708052 0.871925
2 0.52403 0.446547 0.0520866 0.0707471 0.871604
2 0.149475 0.263858 0.0362667 0.0683668 0.871564
2 0.0269553 0.415742 0.0539105 0.0674874 0.871376
2 0.662516 0.510393 0.0417016 0.071222 0.871315
2 0.323464 0.535384 0.0549266 0.0702495 0.871018
1 0.962661 0.149129 0.0473984 0.0651579 0.870593
2 0.881821 0.716549 0.0837208 0.0744673 0.870289
1 0.755995 0.360185 0.046139 0.0720489 0.870092
2 0.808675 0.503166 0.0448582 0.0701566 0.869218
2 0.232766 0.324131 0.0428975 0.0705756 0.869045
1 0.650576 0.153724 0.0413515 0.0715253 0.868429
2 0.975269 0.280118 0.048159 0.0700978 0.868294
2 0.474132 0.749736 0.0534441 0.0742875 0.867694
1 0.100222 0.146329 0.0712746 0.0727073 0.867414
2 0.143315 0.542663 0.0369661 0.0694847 0.867254
1 0.695627 0.153293 0.0495245 0.069419 0.866707
2 0.805731 0.431038 0.0436875 0.0678973 0.866613
1 0.648746 0.0857511 0.0407634 0.0604619 0.865213
2 0.922294 0.214182 0.0494838 0.0644306 0.865172
2 0.81657 0.72686 0.0453299 0.0739506 0.864816
2 0.323238 0.317379 0.0534509 0.0673488 0.86468
1 0.237706 0.124934 0.0435579 0.0616561 0.864519
2 0.668404 0.738685 0.0431336 0.0761563 0.864066
2 0.275017 0.755162 0.0392075 0.0714812 0.863837
2 0.926328 0.281176 0.0484486 0.0670396 0.863792
2 0.184997 0.757198 0.0447688 0.0707614 0.863721
2 0.231009 0.466861 0.0443581 0.0693329 0.863631
1 0.646047 0.0271555 0.040795 0.054311 0.863571
2 0.324012 0.248521 0.0523576 0.0673409 0.862457
2 0.0921532 0.343306 0.0715273 0.0657834 0.862438
2 0.699051 0.220987 0.0476866 0.0667644 0.86221
2 0.188425 0.330707 0.04261 0.0682313 0.861551
2 0.147384 0.333017 0.0358507 0.0665952 0.861315
2 0.65587 0.291687 0.0411339 0.0691399 0.861118
2 0.660389 0.435461 0.040679 0.0706785 0.860773
2 0.0943147 0.275576 0.0705624 0.0732508 0.860252
2 0.324322 0.756397 0.0554313 0.0694987 0.859674
1 0.690053 0.0265056 0.0479921 0.0530112 0.859323
1 0.784902 0.02453 0.0446489 0.0490599 0.859247
2 0.653117 0.222436 0.0410415 0.0647945 0.859234
2 0.716637 0.734356 0.0506661 0.0731014 0.858476
2 0.65804 0.362624 0.0412599 0.0689432 0.858385
1 0.758752 0.432552 0.0452082 0.0713761 0.858359
2 0.709934 0.507417 0.0500042 0.0680775 0.856902
2 0.70251 0.290463 0.0483799 0.0689294 0.856781
2 0.144263 0.472592 0.0362948 0.0699774 0.856712
2 0.190659 0.261559 0.0415433 0.0684759 0.856168
2 0.944588 0.565472 0.0470812 0.0694101 0.855505
2 0.231467 0.395974 0.0434051 0.0678264 0.855254
2 0.231078 0.756117 0.0445292 0.0702649 0.855218
1 0.739445 0.0259284 0.048831 0.0518568 0.854493
0 0.473339 0.672118 0.0527755 0.0753134 0.85426
2 0.143086 0.757152 0.0369658 0.068981 0.854051
1 0.746439 0.151922 0.047588 0.0652494 0.853671
2 0.753889 0.288243 0.0467181 0.0690629 0.852198
1 0.750576 0.218876 0.046998 0.0690823 0.851448
2 0.801648 0.35917 0.0408642 0.0721773 0.850587
1 0.152092 0.19965 0.0381992 0.0688572 0.849392
2 0.812163 0.576824 0.0441774 0.0697458 0.849171
0 0.143053 0.684485 0.0362065 0.0672077 0.847411
2 0.873045 0.42606 0.0879787 0.068522 0.847029
2 0.145849 0.401341 0.0356944 0.0680929 0.844849
2 0.799869 0.286071 0.0417129 0.0672684 0.844453
2 0.948633 0.709036 0.048309 0.0726051 0.842639
2 0.880385 0.645176 0.0859371 0.0755949 0.842093
2 0.977114 0.351657 0.0449484 0.0696579 0.839614
2 0.865109 0.356537 0.0799007 0.0733585 0.838115
2 0.982065 0.487955 0.0358694 0.0733866 0.837915
2 0.949582 0.786257 0.0494366 0.0784623 0.837674
2 0.969442 0.21243 0.0455463 0.063092 0.832757
2 0.941473 0.492416 0.0435039 0.0758639 0.831664
0 0.946763 0.637097 0.0460731 0.0734446 0.829425
2 0.938145 0.41965 0.0397026 0.0640913 0.815325
1 0.987443 0.0269825 0.0250961 0.0531251 0.813097
2 0.979141 0.417741 0.0400932 0.0632079 0.81015
1 0.989516 0.08579 0.0209685 0.066125 0.808132
2 0.717721 0.790737 0.0506248 0.0340418 0.799736
0 0.985693 0.629339 0.0286135 0.0742179 0.797121
2 0.669908 0.794144 0.0420889 0.0317546 0.783304
2 0.764001 0.579592 0.0498224 0.0733294 0.779487
2 0.932487 0.352806 0.0434442 0.0700856 0.777719
2 0.987004 0.702232 0.0259924 0.0748275 0.777123
0 0.230858 0.683415 0.045028 0.0679724 0.775592
2 0.983936 0.557786 0.0321284 0.0710378 0.766303
2 0.818557 0.808589 0.0442589 0.0880804 0.757668
2 0.995298 0.21277 0.0090075 0.0626698 0.736435
1 0.992796 0.150625 0.014408 0.0664754 0.720126
2 0.526099 0.594199 0.0548817 0.0748258 0.698325
1 0.474581 0.800471 0.0509338 0.02586 0.698172
2 0.768785 0.73054 0.0489623 0.0733386 0.676711
1 0.987964 0.801724 0.0237796 0.123492 0.60747
2 0.602684 0.797579 0.0909208 0.0273083 0.606707
2 0.599136 0.591451 0.0873508 0.076269 0.562042
