0 0.523225 0.644146 0.0474949 0.0638797 0.921734
1 0.571473 0.0915232 0.0725077 0.0634541 0.91355
2 0.582183 0.513426 0.0769887 0.0630818 0.91125
2 0.580593 0.450495 0.0757354 0.0642644 0.908311
2 0.410758 0.46338 0.0786035 0.0630304 0.90481
0 0.584966 0.641739 0.076409 0.0647563 0.904766
2 0.0871963 0.426232 0.0642735 0.0599663 0.904192
1 0.160377 0.139972 0.0606787 0.0672807 0.903631
2 0.0859478 0.484933 0.0643874 0.0601481 0.903521
2 0.0843529 0.600814 0.0628322 0.0565267 0.902916
1 0.410015 0.108505 0.0740307 0.0633591 0.901907
1 0.662387 0.088467 0.0442473 0.0596195 0.901614
0 0.412389 0.650859 0.078775 0.0628244 0.901564
2 0.519679 0.454378 0.0473558 0.0638894 0.901409
2 0.306297 0.592983 0.0349671 0.0614939 0.900887
1 0.153634 0.306728 0.0611291 0.063819 0.900629
1 0.72638 0.630654 0.043568 0.0656107 0.900327
1 0.46935 0.0998599 0.0447216 0.063594 0.900307
2 0.347708 0.591536 0.048526 0.0627371 0.89885
0 0.476217 0.647336 0.0479222 0.0628846 0.898133
1 0.51536 0.209682 0.045394 0.0612028 0.898015
1 0.79713 0.141662 0.0703143 0.0588471 0.897368
1 0.410194 0.220883 0.0759483 0.0590502 0.896817
1 0.513926 0.0958176 0.045323 0.0628044 0.89671
2 0.347452 0.405635 0.0477338 0.0631978 0.895867
2 0.579637 0.387938 0.0749176 0.0639146 0.895396
1 0.722865 0.502678 0.0432984 0.0663426 0.894735
2 0.34755 0.467831 0.0483826 0.0622013 0.894269
1 0.624256 0.0894663 0.037053 0.0610012 0.89424
2 0.680413 0.56914 0.0449448 0.0623833 0.894169
2 0.586258 0.707538 0.0765761 0.0701829 0.894104
1 0.238316 0.127589 0.0376234 0.0634273 0.894035
2 0.583818 0.577324 0.0770122 0.0640449 0.893915
2 0.347874 0.529512 0.0482942 0.06384 0.893414
2 0.348767 0.717227 0.0500826 0.0615855 0.893169
2 0.0836196 0.659496 0.0640627 0.0569451 0.892812
1 0.800216 0.1983 0.0704663 0.0577474 0.892507
2 0.195145 0.476196 0.0323493 0.0604662 0.892435
2 0.0852472 0.542877 0.0635288 0.058796 0.892207
2 0.147224 0.598982 0.0643119 0.0597374 0.892032
2 0.229282 0.595421 0.0393559 0.0629115 0.891302
1 0.742262 0.0868226 0.0385678 0.056733 0.891272
2 0.147005 0.658962 0.063725 0.0592176 0.890917
2 0.0352893 0.714103 0.0344558 0.0555117 0.890899
1 0.942202 0.146619 0.0679848 0.0599182 0.890372
1 0.275853 0.122146 0.0398975 0.0624774 0.889978
1 0.30954 0.229724 0.0341536 0.0614252 0.889899
2 0.306356 0.531117 0.0348882 0.0629173 0.889847
1 0.574059 0.20625 0.0726614 0.0606293 0.889845
2 0.516464 0.26921 0.0451023 0.0631811 0.889815
2 0.147931 0.539938 0.0637277 0.060678 0.889503
1 0.311253 0.117509 0.0340109 0.0617366 0.889365
2 0.518906 0.392307 0.0466843 0.0615998 0.889298
2 0.822064 0.560643 0.0752139 0.062053 0.889255
2 0.520906 0.515907 0.0476885 0.0621687 0.889236
2 0.26877 0.656533 0.0420638 0.0621441 0.889193
1 0.514656 0.152705 0.0454788 0.0569595 0.889117
2 0.683906 0.700609 0.0443882 0.0672796 0.888892
2 0.411347 0.587825 0.0788208 0.0622864 0.888886
1 0.850855 0.141813 0.044735 0.0580371 0.887879
2 0.411021 0.525092 0.0792313 0.0625576 0.887418
2 0.229727 0.533872 0.0392829 0.0623473 0.887182
2 0.413393 0.716177 0.0793404 0.0654199 0.886775
1 0.946192 0.199593 0.0668099 0.0581871 0.886417
2 0.763018 0.501355 0.0377512 0.0629086 0.886201
2 0.80484 0.255622 0.0710335 0.0583029 0.886129
2 0.410147 0.339536 0.0772303 0.0626966 0.886079
1 0.707194 0.143512 0.0441151 0.0592648 0.885927
1 0.350328 0.113855 0.0464531 0.0608267 0.885832
2 0.0360276 0.600906 0.0349753 0.0573987 0.885392
2 0.347679 0.344802 0.0475441 0.0607672 0.885351
2 0.638274 0.509505 0.0367911 0.0620189 0.885197
2 0.306308 0.469018 0.0338626 0.0610678 0.88514
0 0.682293 0.633714 0.0446407 0.0654999 0.885104
1 0.349472 0.170445 0.0471085 0.06046 0.884747
2 0.674386 0.382703 0.0436171 0.0627623 0.884709
1 0.233537 0.296328 0.0381479 0.0627388 0.884638
1 0.937809 0.0930158 0.0683452 0.060279 0.884584
1 0.890134 0.142176 0.0436282 0.0593637 0.884529
2 0.7524 0.256419 0.03901 0.0597867 0.88447
1 0.1558 0.250048 0.0613969 0.0677229 0.884408
2 0.270093 0.410003 0.0402948 0.0619861 0.884301
2 0.577828 0.326878 0.0747529 0.0619975 0.884249
1 0.666681 0.201054 0.0441421 0.0621395 0.884146
2 0.410372 0.279332 0.07641 0.0620277 0.884107
2 0.767595 0.627867 0.0394469 0.0635634 0.883669
2 0.268915 0.594659 0.0422446 0.0623004 0.883595
2 0.269631 0.471517 0.0406604 0.0611492 0.883514
1 0.703932 0.0876967 0.0442339 0.0576013 0.883355
2 0.724958 0.566699 0.0434779 0.0631546 0.883044
0 0.641562 0.636403 0.0376022 0.0631961 0.882912
0 0.348427 0.653119 0.04955 0.0603541 0.882298
2 0.410304 0.401942 0.0778822 0.0633796 0.882241
2 0.676905 0.444345 0.0441955 0.060832 0.882142
1 0.793734 0.0861964 0.0696414 0.0558621 0.881903
1 0.748486 0.199266 0.0393519 0.0588471 0.881821
2 0.00941597 0.601372 0.0188319 0.0573325 0.881585
2 0.67852 0.506523 0.044309 0.0620004 0.881375
2 0.642955 0.702808 0.0388989 0.0676404 0.881115
1 0.572786 0.149454 0.0722328 0.0577919 0.880967
2 0.471644 0.334841 0.0465871 0.0619734 0.880946
1 0.85455 0.197431 0.0442433 0.0574472 0.880658
1 0.34879 0.226882 0.0468674 0.0606024 0.880592
2 0.146732 0.718371 0.0633718 0.0578234 0.880469
2 0.950708 0.253818 0.0678487 0.0573389 0.880438
2 0.230202 0.474242 0.0384464 0.0607722 0.880305
1 0.0945956 0.261629 0.061688 0.06382 0.880144
2 0.194067 0.6579 0.0320946 0.0600896 0.880138
2 0.808549 0.315124 0.0699602 0.0610926 0.880125
2 0.671869 0.320378 0.0438741 0.0625582 0.880004
1 0.709685 0.200495 0.0440496 0.0596072 0.879642
2 0.231149 0.413377 0.0378297 0.0609338 0.879596
2 0.728411 0.697899 0.0438752 0.0709024 0.879443
2 0.898912 0.25334 0.0416695 0.0594591 0.879363
1 0.0999503 0.15389 0.0619431 0.0653218 0.879197
1 0.720676 0.440149 0.042123 0.0625942 0.879141
2 0.348209 0.284511 0.0463452 0.06137 0.878929
2 0.0114654 0.430716 0.0229308 0.0590664 0.878861
1 0.745594 0.142206 0.0397412 0.0592456 0.878814
2 0.575813 0.265757 0.0735159 0.0618774 0.87876
2 0.823942 0.622054 0.0746472 0.0643296 0.878743
1 0.053707 0.161493 0.0360847 0.0616233 0.8786
2 0.307216 0.346355 0.0326796 0.0600096 0.878215
1 0.15813 0.195335 0.0609829 0.0626373 0.87812
1 0.235189 0.239002 0.0379049 0.063537 0.877814
2 0.517614 0.331239 0.0458601 0.0614408 0.877645
2 0.760601 0.438793 0.0374688 0.0613794 0.877542
2 0.471051 0.272667 0.0448282 0.0633487 0.87752
1 0.846656 0.0866876 0.0439732 0.0558068 0.877469
1 0.718297 0.37868 0.0423139 0.0626935 0.877261
2 0.473095 0.457882 0.0470163 0.0656326 0.876804
2 0.955473 0.311976 0.0677813 0.0612416 0.876627
2 0.269214 0.532402 0.0411143 0.0621926 0.876165
2 0.0377631 0.486344 0.0342041 0.0591387 0.876127
2 0.474446 0.58374 0.0480663 0.0652749 0.875942
2 0.472078 0.395888 0.0472937 0.0627855 0.875939
1 0.712311 0.257637 0.0433074 0.0595802 0.875831
2 0.268809 0.718499 0.0416545 0.0595939 0.875584
2 0.0353362 0.65848 0.0347181 0.0572045 0.875523
2 0.859083 0.253534 0.0425089 0.0594367 0.875488
2 0.819534 0.497535 0.0744469 0.0643704 0.875471
2 0.228921 0.657277 0.0389187 0.0624243 0.875381
1 0.885704 0.0878207 0.0435271 0.0563684 0.875127
1 0.205285 0.132035 0.0318556 0.0631089 0.874994
1 0.470601 0.212712 0.044825 0.0630912 0.874731
2 0.19626 0.415435 0.031974 0.06105 0.87456
2 0.0100322 0.543658 0.0200644 0.0585373 0.874546
2 0.634994 0.384943 0.036554 0.0622903 0.874312
2 0.473509 0.520066 0.0482721 0.0641402 0.874186
1 0.273284 0.232173 0.0399744 0.0631937 0.873583
1 0.893951 0.197396 0.0422493 0.0591183 0.873354
2 0.757993 0.377278 0.0374812 0.0627741 0.873167
2 0.669163 0.259552 0.0432341 0.0599359 0.872459
1 0.410215 0.165054 0.0742308 0.0624472 0.872288
2 0.229325 0.719042 0.0391219 0.0608994 0.872185
1 0.66469 0.144663 0.0452011 0.0580657 0.87216
2 0.905985 0.371922 0.0394474 0.0619454 0.871774
2 0.149659 0.421504 0.0630292 0.0630688 0.871668
1 0.0974474 0.208036 0.0614261 0.0636597 0.871514
2 0.755319 0.316044 0.0386122 0.0607618 0.87146
2 0.812411 0.376872 0.0720147 0.0625777 0.870736
1 0.310482 0.173674 0.0341211 0.0595996 0.869982
2 0.148504 0.480921 0.0628686 0.0604491 0.869965
2 0.0838584 0.717733 0.0623264 0.0564472 0.869687
2 0.477031 0.711788 0.0470656 0.0658426 0.869557
1 0.236692 0.184109 0.0384421 0.0625216 0.869378
2 0.306381 0.406455 0.0328615 0.0621675 0.868814
2 0.769594 0.693121 0.0396536 0.067184 0.86846
2 0.308393 0.286481 0.0329726 0.0606325 0.868416
2 0.882097 0.676263 0.0396465 0.0679097 0.868118
2 0.815985 0.437117 0.0739592 0.0610639 0.868033
2 0.825812 0.684034 0.0739698 0.0680541 0.867719
1 0.715265 0.317153 0.0428751 0.0600728 0.867304
2 0.194746 0.535578 0.032258 0.0605541 0.867297
2 0.0893877 0.370121 0.0632467 0.0595632 0.867281
1 0.790137 0.0335493 0.0690582 0.05703 0.8672
2 0.765578 0.564301 0.0387509 0.0628823 0.866319
2 0.010723 0.487365 0.0214459 0.0587616 0.866255
2 0.0391494 0.429128 0.0335814 0.0595976 0.86607
2 0.0368578 0.543574 0.0348462 0.057847 0.865359
1 0.470147 0.156062 0.0446945 0.0568101 0.865188
0 0.969814 0.60408 0.0603719 0.0622259 0.864806
1 0.0353732 0.771006 0.0346306 0.0579392 0.864743
2 0.00906221 0.657777 0.0181244 0.0568296 0.864538
2 0.00886026 0.713353 0.0177205 0.0544324 0.864197
1 0.932904 0.0395054 0.0693754 0.0616181 0.864165
1 0.626465 0.144606 0.0371403 0.0560556 0.863639
2 0.27082 0.351126 0.0396379 0.0616767 0.863075
2 0.194224 0.59696 0.032008 0.059673 0.862364
1 0.628051 0.200614 0.0374868 0.0620297 0.861783
2 0.959276 0.371931 0.0669926 0.0614084 0.861721
2 0.867597 0.373657 0.0411968 0.0625139 0.861565
2 0.524271 0.70926 0.0478142 0.064884 0.86143
2 0.633149 0.322071 0.0356109 0.0636444 0.860526
2 0.640039 0.573125 0.0372517 0.0631408 0.860159
2 0.878803 0.55286 0.0400789 0.0605659 0.859549
1 0.199597 0.298628 0.0323755 0.0651438 0.859197
2 0.902153 0.311456 0.0412636 0.0615409 0.858144
2 0.232238 0.353593 0.0382814 0.0609231 0.857947
2 0.0418223 0.373373 0.0352707 0.0596899 0.85738
2 0.151391 0.362201 0.0612537 0.0639372 0.856338
2 0.198012 0.35577 0.0316461 0.062054 0.855906
2 0.630415 0.26029 0.0363252 0.0619238 0.855546
1 0.0162604 0.269643 0.0320507 0.0617616 0.854022
2 0.194194 0.718949 0.0328514 0.0600971 0.853834
2 0.968173 0.544962 0.0636539 0.0584973 0.853817
2 0.882734 0.740029 0.04044 0.0642373 0.853683
1 0.021469 0.167475 0.0355762 0.0637042 0.853212
1 0.274616 0.176034 0.0406596 0.0569801 0.852406
2 0.271917 0.28995 0.0392238 0.0616073 0.850294
1 0.05063 0.215234 0.0362587 0.0593177 0.85007
2 0.862433 0.312933 0.0411892 0.0604444 0.84998
1 0.203562 0.186939 0.031996 0.0587283 0.849708
2 0.962074 0.430053 0.0682272 0.0570235 0.849338
1 0.0480436 0.267691 0.0357687 0.0610528 0.849295
1 0.0456001 0.32116 0.0352711 0.0604224 0.848388
2 0.921205 0.670986 0.0397795 0.0677495 0.847497
2 0.966087 0.487108 0.0656104 0.0599162 0.84706
1 0.0183718 0.219278 0.0346209 0.0548638 0.843725
1 0.201668 0.239781 0.0316828 0.06107 0.841713
2 0.914473 0.488492 0.0404398 0.0625937 0.841207
2 0.908928 0.429932 0.0374992 0.05844 0.839388
1 0.881681 0.0353501 0.0422254 0.0569688 0.838746
2 0.636735 0.447473 0.0369341 0.0620196 0.83855
2 0.872199 0.431907 0.0383774 0.0580132 0.838374
2 0.876096 0.491577 0.0400885 0.0641906 0.838111
2 0.917705 0.54787 0.0406076 0.0604243 0.837765
2 0.306357 0.717225 0.0348711 0.0598651 0.8373
2 0.0125372 0.376635 0.0250744 0.059059 0.836626
2 0.729715 0.768707 0.0421503 0.0685865 0.834599
1 0.0920924 0.316082 0.0623396 0.0598433 0.83443
1 0.739156 0.0329012 0.037797 0.0566668 0.827922
1 0.842781 0.0342569 0.0439134 0.0588207 0.827468
0 0.919544 0.609295 0.0393696 0.0653352 0.827431
2 0.770606 0.769685 0.0401601 0.0837676 0.824544
2 0.826751 0.755971 0.0724488 0.0830292 0.823294
0 0.880301 0.613097 0.0388502 0.0643853 0.822443
2 0.644371 0.769706 0.0379455 0.0673007 0.809359
1 0.701693 0.0333346 0.0425085 0.0570647 0.803626
2 0.686039 0.7682 0.0463389 0.0658381 0.789557
2 0.970854 0.664281 0.0582918 0.0678659 0.773998
2 0.0088351 0.77123 0.0176702 0.0583674 0.728493
2 0.0144577 0.322435 0.0289154 0.0567489 0.727312
2 0.521705 0.580193 0.0478611 0.0653001 0.714493
2 0.306333 0.654932 0.0340019 0.0610254 0.701703
1 0.413943 0.757349 0.0792173 0.0188038 0.632546
1 0.003863 0.169504 0.00745155 0.0592056 0.625532
1 0.413578 0.764199 0.0786549 0.0308154 0.554054
1 0.97103 0.733056 0.0579393 0.0782484 0.532014
1 0.0841411 0.774816 0.061189 0.0528532 0.516652
2 0.19476 0.783558 0.0338367 0.0595765 0.509454
