2 0.601035 0.74659 0.0892409 0.0781953 0.912251
1 0.585841 0.0946683 0.0839254 0.0714255 0.911009
0 0.397916 0.68045 0.0912138 0.0732382 0.90966
2 0.274167 0.610246 0.0375993 0.069402 0.908288
0 0.323236 0.683317 0.0561366 0.0734518 0.90639
2 0.524906 0.522059 0.0546634 0.0764437 0.905791
2 0.598347 0.594424 0.0886265 0.0767478 0.904824
1 0.84795 0.0839299 0.0831715 0.0659477 0.904768
2 0.857608 0.216976 0.0826706 0.0633216 0.903438
0 0.274411 0.683579 0.0377574 0.0708084 0.902629
2 0.664245 0.588205 0.0428921 0.0742773 0.902124
1 0.911479 0.0832582 0.0527103 0.0645439 0.901894
1 0.851693 0.150524 0.0824731 0.0659732 0.898398
2 0.184743 0.543051 0.0448507 0.0711208 0.898383
1 0.586746 0.160272 0.0832586 0.0715444 0.897934
1 0.394778 0.0475147 0.0866696 0.0693838 0.897784
0 0.471938 0.675328 0.0539432 0.0764422 0.897565
1 0.692188 0.0858824 0.0516022 0.0637299 0.897555
0 0.59997 0.668194 0.088287 0.0770161 0.897285
0 0.714307 0.65884 0.0513279 0.0743026 0.896051
1 0.844232 0.0256677 0.082252 0.0513354 0.895689
2 0.322171 0.464777 0.0554724 0.0720106 0.895081
2 0.322491 0.608652 0.0565875 0.0720718 0.895066
1 0.0964906 0.213787 0.0709166 0.0762261 0.894879
1 0.956929 0.0839477 0.0510887 0.0642789 0.894636
1 0.466049 0.167847 0.0522375 0.0735372 0.894518
2 0.0876872 0.550072 0.0740477 0.0696866 0.894203
2 0.322249 0.536047 0.0566902 0.0717454 0.894172
2 0.0247857 0.620357 0.0495715 0.0639006 0.893478
2 0.396344 0.457952 0.091102 0.0757135 0.893416
1 0.787355 0.0845583 0.0458549 0.0656096 0.893303
2 0.0857625 0.759068 0.0744961 0.069428 0.893277
1 0.464663 0.0367135 0.0518827 0.0705005 0.893042
0 0.0862194 0.688501 0.0745514 0.0687706 0.893032
2 0.595002 0.445124 0.0882568 0.073962 0.892989
2 0.274041 0.538795 0.0377385 0.0714704 0.892899
1 0.0322546 0.162886 0.0640386 0.0704653 0.892393
2 0.47028 0.524984 0.0540761 0.073403 0.892066
1 0.906707 0.0248293 0.0506306 0.0496586 0.891911
2 0.596727 0.519506 0.0878704 0.0753963 0.891858
1 0.69459 0.154216 0.0497214 0.0746777 0.891627
1 0.517396 0.0992954 0.0521127 0.0697848 0.891218
2 0.522065 0.376854 0.0536467 0.0742825 0.890747
2 0.397215 0.531366 0.0915296 0.0740022 0.89062
1 0.237856 0.0641395 0.0454146 0.0696745 0.890506
2 0.469426 0.453091 0.0539467 0.0769305 0.890215
0 0.527417 0.671966 0.0550243 0.0755011 0.89011
2 0.519839 0.233934 0.0508671 0.0698079 0.88982
2 0.274143 0.39502 0.0371714 0.0720307 0.889623
1 0.102524 0.0879671 0.0721996 0.0717278 0.889322
2 0.0255098 0.553388 0.0510196 0.0673602 0.889162
1 0.765309 0.655874 0.0474418 0.0764821 0.888643
2 0.0267177 0.416992 0.0532152 0.0660324 0.888614
0 0.231751 0.684859 0.0460768 0.0715951 0.88845
2 0.471116 0.599479 0.053709 0.0757022 0.888416
2 0.588627 0.229002 0.0834628 0.0674198 0.888414
1 0.518399 0.166318 0.0516348 0.0701132 0.888274
1 0.0308412 0.224017 0.0613769 0.0719285 0.887917
2 0.231449 0.540582 0.0464713 0.0704324 0.887521
2 0.322264 0.39147 0.0545891 0.0747847 0.886842
2 0.275012 0.32403 0.0370387 0.0698633 0.88623
2 0.274138 0.46679 0.0370895 0.0700945 0.885987
1 0.193825 0.0705653 0.0439724 0.069378 0.885953
1 0.323935 0.117894 0.0540733 0.0703651 0.885211
2 0.398658 0.757464 0.0918775 0.0729714 0.885139
1 0.584393 0.0321082 0.0844127 0.0642164 0.884944
1 0.915586 0.149097 0.0515686 0.065831 0.884923
2 0.143413 0.545013 0.0368598 0.0692135 0.884356
2 0.231526 0.612742 0.0460537 0.0692166 0.884327
1 0.742394 0.0855049 0.0495239 0.0646735 0.884218
1 0.191123 0.199615 0.0459356 0.0734393 0.8842
2 0.875672 0.500188 0.0876461 0.0745158 0.883908
2 0.591153 0.299905 0.0850994 0.0726618 0.883891
1 0.278064 0.121739 0.0402839 0.0688653 0.883479
2 0.0868923 0.619048 0.0744499 0.0667114 0.883429
1 0.394909 0.111894 0.0875606 0.0699142 0.883106
2 0.592793 0.372105 0.0868504 0.0744248 0.882669
2 0.662177 0.514265 0.0419079 0.0727948 0.88239
1 0.952661 0.0259128 0.0506711 0.0518256 0.881961
2 0.704242 0.364704 0.0502142 0.0703686 0.881674
2 0.861693 0.283179 0.0814838 0.0648199 0.881615
1 0.235166 0.190117 0.0459334 0.0742297 0.880806
1 0.650019 0.153237 0.0408564 0.0737586 0.880653
1 0.790494 0.151483 0.045825 0.0670998 0.880647
1 0.27912 0.0561348 0.0381512 0.069828 0.880625
2 0.231362 0.759001 0.0460332 0.0703983 0.880495
2 0.877971 0.572868 0.0878137 0.0740117 0.880262
1 0.099972 0.148943 0.0712475 0.0733388 0.878344
2 0.523717 0.449171 0.0534046 0.0737587 0.877977
2 0.468444 0.379113 0.053062 0.0731567 0.877843
2 0.39566 0.384463 0.0900622 0.0751102 0.877798
2 0.707048 0.436863 0.0498234 0.0710899 0.877711
2 0.0259425 0.486128 0.0517901 0.0651393 0.877562
1 0.155079 0.0747863 0.0367809 0.0689956 0.8774
2 0.185232 0.47183 0.0444603 0.073645 0.877299
1 0.395165 0.177761 0.08835 0.0698819 0.877128
1 0.192521 0.136297 0.0455763 0.0723611 0.877086
2 0.18448 0.614067 0.0463293 0.0695694 0.87706
2 0.813503 0.652993 0.0456669 0.0748533 0.876887
0 0.666251 0.662003 0.0437219 0.0745872 0.876725
2 0.879241 0.645865 0.0848037 0.0749873 0.876692
2 0.528786 0.749108 0.0547203 0.07597 0.876254
1 0.277048 0.187726 0.0402735 0.073796 0.875963
1 0.0332392 0.105634 0.0660183 0.0611285 0.875583
2 0.0275412 0.351203 0.0550824 0.0655762 0.875412
1 0.323486 0.184337 0.0540392 0.07174 0.874814
2 0.652533 0.223738 0.0410454 0.067679 0.874752
2 0.668222 0.741101 0.0435196 0.0794925 0.874642
1 0.783851 0.0256905 0.0447244 0.051381 0.874594
2 0.46642 0.237627 0.0525693 0.0678182 0.874087
2 0.711972 0.584435 0.0510404 0.0719662 0.874068
2 0.0290133 0.284528 0.0573665 0.0625656 0.873591
2 0.716582 0.737534 0.0514751 0.073726 0.87357
2 0.473182 0.751703 0.0554315 0.0733076 0.872547
2 0.811354 0.578195 0.0444394 0.0690175 0.872537
2 0.521125 0.304925 0.0529461 0.0718723 0.872186
2 0.880623 0.719967 0.0825244 0.0761446 0.871581
2 0.467539 0.307426 0.0521782 0.0733324 0.871562
2 0.275969 0.254097 0.0363655 0.0682715 0.871356
2 0.395583 0.245125 0.0881564 0.07073 0.870966
2 0.805659 0.431535 0.0446262 0.0691521 0.870938
1 0.647751 0.0863501 0.0411029 0.0612755 0.870495
2 0.0891407 0.481984 0.0733116 0.0668098 0.870479
1 0.150972 0.203235 0.0377147 0.0717054 0.870143
2 0.944061 0.564653 0.045166 0.0726975 0.869826
1 0.689551 0.0272627 0.0500181 0.0545254 0.869385
2 0.0902339 0.412217 0.0720699 0.0702875 0.869276
2 0.322775 0.320282 0.0536604 0.0705351 0.86859
2 0.023931 0.760466 0.047862 0.0679969 0.868299
2 0.323217 0.250588 0.0536625 0.0706669 0.868242
2 0.0923624 0.34486 0.0722009 0.0681487 0.867852
2 0.144312 0.474854 0.0364896 0.0708037 0.867609
2 0.323932 0.757726 0.0564062 0.0721474 0.867556
1 0.960979 0.148828 0.0480541 0.0649228 0.867223
2 0.925705 0.281404 0.04696 0.0642603 0.867088
2 0.660492 0.440114 0.041712 0.0699684 0.86706
2 0.809206 0.505169 0.0445526 0.0717764 0.866988
2 0.146953 0.335981 0.035598 0.0681566 0.866896
2 0.23353 0.257853 0.0440852 0.0690235 0.866237
1 0.516251 0.0334497 0.0520282 0.0668836 0.865986
2 0.698617 0.222751 0.0497401 0.0688288 0.865956
1 0.645741 0.0282315 0.0411217 0.056463 0.865483
2 0.232384 0.326845 0.0449274 0.0704777 0.86518
2 0.815644 0.728994 0.0466141 0.075834 0.864354
2 0.187266 0.332487 0.0428729 0.0715292 0.864187
2 0.186396 0.400837 0.043356 0.0701917 0.864172
2 0.274889 0.758238 0.0399562 0.0704983 0.863927
2 0.232089 0.397435 0.0450313 0.0709169 0.862871
1 0.760957 0.507373 0.0489306 0.0738917 0.862724
2 0.395326 0.314387 0.0903583 0.0694196 0.862424
2 0.796047 0.218887 0.0432875 0.0670076 0.862403
2 0.921299 0.215263 0.0499798 0.0630974 0.861809
1 0.754906 0.36176 0.048256 0.0734738 0.861302
1 0.745053 0.152263 0.0481174 0.0664367 0.860437
2 0.657833 0.365517 0.041523 0.0726982 0.859802
1 0.465367 0.101058 0.0516565 0.0655696 0.859782
2 0.189461 0.264351 0.0430143 0.0720431 0.859146
1 0.738922 0.0263 0.0510092 0.0525999 0.859134
1 0.324704 0.0523322 0.0532437 0.0680593 0.858895
2 0.655047 0.293328 0.0405721 0.0695888 0.858505
1 0.152891 0.139232 0.0382398 0.069005 0.858012
1 0.749106 0.219807 0.0501781 0.0689874 0.857992
2 0.701558 0.292887 0.0496324 0.0704302 0.857431
2 0.946827 0.711457 0.0494993 0.0755212 0.857316
2 0.149082 0.267568 0.0360511 0.0692587 0.856454
2 0.709927 0.510706 0.0507652 0.0714088 0.85444
1 0.75797 0.433351 0.0473812 0.0722566 0.851685
2 0.0942428 0.276897 0.0701569 0.0743559 0.850835
2 0.872798 0.428259 0.0869465 0.0720076 0.849239
2 0.142769 0.615161 0.0360988 0.0686067 0.848098
2 0.752752 0.290024 0.0503247 0.0694954 0.847694
0 0.945256 0.636708 0.046101 0.0740669 0.84667
2 0.231908 0.469583 0.0462113 0.0685897 0.846539
2 0.145336 0.404311 0.0365957 0.0709285 0.845397
2 0.882745 0.809361 0.0846504 0.101904 0.84482
2 0.799614 0.287719 0.041613 0.0681638 0.840669
1 0.236388 0.127142 0.0458745 0.0696205 0.840531
2 0.0240166 0.690554 0.0480332 0.0657932 0.840482
2 0.8016 0.35936 0.0412476 0.0726631 0.83854
2 0.976544 0.350554 0.04531 0.0689262 0.837962
2 0.948279 0.785301 0.0495524 0.0738504 0.828337
1 0.989452 0.0862952 0.0210953 0.0622601 0.826081
2 0.980943 0.489164 0.0381137 0.0716614 0.825138
2 0.142764 0.834945 0.0386373 0.0743771 0.824139
2 0.966496 0.214058 0.0440224 0.0649152 0.820338
2 0.865215 0.354402 0.0825632 0.0724066 0.819896
2 0.941024 0.492571 0.0418106 0.0726206 0.819636
2 0.98638 0.703915 0.0272402 0.0750642 0.818237
2 0.979007 0.419365 0.0409096 0.0692978 0.816025
2 0.938399 0.421857 0.038045 0.0684335 0.81378
2 0.973813 0.280304 0.0479691 0.0647357 0.811226
1 0.991923 0.150172 0.0161538 0.0650139 0.804013
2 0.39793 0.605402 0.0911617 0.0734258 0.802885
1 0.987174 0.0283619 0.0256523 0.0561804 0.800051
0 0.984083 0.630443 0.0318333 0.0725245 0.783477
1 0.474499 0.804399 0.0533163 0.0304214 0.766158
2 0.994258 0.215357 0.0114835 0.0648304 0.763557
2 0.818159 0.818439 0.0430132 0.0947566 0.757668
1 0.767941 0.73299 0.0478723 0.0743848 0.756701
2 0.931216 0.351322 0.0449454 0.0731561 0.751331
0 0.184758 0.686425 0.0449071 0.0719193 0.723342
1 0.770308 0.822098 0.048415 0.0883826 0.707493
0 0.142398 0.686664 0.0371826 0.0709489 0.687795
2 0.184658 0.759305 0.0467544 0.0678864 0.680482
2 0.165848 0.758699 0.0835588 0.0693694 0.63871
2 0.142315 0.758272 0.037782 0.068163 0.626065
1 0.763239 0.582097 0.0478677 0.0721458 0.611818
2 0.98239 0.559703 0.0352203 0.0724734 0.611376
0 0.525952 0.59712 0.0555621 0.0741956 0.604366
0 0.165903 0.686836 0.0823652 0.0728636 0.602679
2 0.172786 0.614207 0.0692735 0.0705187 0.566041
1 0.987746 0.784652 0.0243677 0.0838014 0.532239
1 0.987815 0.812275 0.0242835 0.140793 0.517782
