0 0.397812 0.684089 0.0911852 0.0717728 0.923664
1 0.516559 0.102185 0.0521616 0.0673448 0.919345
0 0.322859 0.687349 0.0567334 0.0705543 0.918748
1 0.517654 0.16915 0.0527044 0.0704087 0.918573
0 0.599932 0.672091 0.0883152 0.0740324 0.915362
1 0.585014 0.0983347 0.084701 0.0703188 0.915344
0 0.471832 0.6791 0.0543354 0.0737278 0.91012
1 0.322893 0.189493 0.0536601 0.0710377 0.906828
1 0.324248 0.0553514 0.0524104 0.07086 0.905594
1 0.586398 0.16503 0.0844335 0.0700259 0.904296
0 0.525669 0.599128 0.0547416 0.0756002 0.901981
2 0.395796 0.38985 0.0906959 0.0735943 0.901652
0 0.183405 0.689773 0.0451355 0.068659 0.901174
2 0.32206 0.539689 0.0555982 0.0726934 0.901153
2 0.395837 0.463495 0.0911888 0.0726296 0.900756
1 0.51553 0.036007 0.0522875 0.0691775 0.900431
0 0.2742 0.686074 0.0378029 0.0685599 0.900425
2 0.468859 0.457719 0.0540038 0.0771917 0.898736
0 0.086006 0.6927 0.0740414 0.0683015 0.898107
2 0.273635 0.541406 0.039045 0.0711834 0.8981
2 0.469999 0.529348 0.0541473 0.07654 0.897735
1 0.394616 0.0501129 0.0870593 0.0726434 0.897376
0 0.230444 0.688958 0.0464714 0.0692547 0.896705
1 0.464873 0.106212 0.0516376 0.067374 0.896644
2 0.594937 0.447763 0.0881308 0.0722665 0.896593
2 0.184368 0.547366 0.0462356 0.0714021 0.896538
1 0.91067 0.0857999 0.0522411 0.06549 0.896127
2 0.596755 0.520776 0.0877743 0.073545 0.895917
1 0.0310205 0.227548 0.0619431 0.0694247 0.895229
1 0.957091 0.0861127 0.0507095 0.0663359 0.895087
1 0.765609 0.657199 0.0481234 0.0739397 0.895016
1 0.279098 0.0593914 0.0374696 0.0701054 0.894739
2 0.523073 0.451791 0.053546 0.0742675 0.894467
2 0.808772 0.506749 0.0448399 0.0691943 0.89442
1 0.847947 0.0861655 0.0831318 0.0661436 0.894291
2 0.468114 0.384753 0.0529089 0.0744489 0.894253
1 0.464099 0.0397294 0.0516079 0.0717226 0.893935
1 0.394529 0.180819 0.0882386 0.0704121 0.893648
0 0.526907 0.674381 0.0550343 0.0733998 0.893521
2 0.588821 0.232217 0.0849398 0.0688534 0.893325
2 0.321569 0.396229 0.0549614 0.0748234 0.892959
2 0.524481 0.524932 0.0549076 0.0751158 0.892322
1 0.465518 0.172928 0.0528011 0.0719806 0.892272
1 0.852293 0.153464 0.081996 0.0677526 0.89178
2 0.184044 0.765681 0.046337 0.0730285 0.891729
2 0.275109 0.761419 0.0388938 0.0730584 0.890973
2 0.396823 0.535787 0.0912257 0.0720954 0.890484
2 0.321547 0.467853 0.054883 0.0732407 0.88984
1 0.0324118 0.166881 0.0644825 0.0741265 0.888717
0 0.713742 0.661807 0.0501699 0.0724671 0.888049
1 0.691958 0.0904147 0.0507925 0.0667789 0.887965
1 0.0967805 0.214625 0.0705536 0.0765711 0.887963
2 0.805179 0.434044 0.0435421 0.0681165 0.887943
2 0.399134 0.760766 0.0931861 0.0750683 0.887826
2 0.230833 0.7635 0.0468277 0.0718755 0.887628
2 0.703566 0.366959 0.0491701 0.0703257 0.886965
1 0.843389 0.0267012 0.0821503 0.0534023 0.88674
2 0.2739 0.399856 0.0377245 0.0721556 0.886734
1 0.234847 0.196637 0.0460815 0.0730164 0.886587
2 0.0249514 0.625536 0.0499027 0.0673979 0.886503
2 0.322073 0.325351 0.0544852 0.0718853 0.886345
2 0.521433 0.380118 0.0534633 0.0709996 0.886094
1 0.906052 0.0261269 0.0516621 0.0522538 0.88604
2 0.87081 0.430657 0.0873132 0.0709329 0.885971
2 0.274519 0.328637 0.037376 0.0711818 0.885834
2 0.184863 0.475989 0.0449167 0.0714134 0.885822
2 0.275787 0.258913 0.0377595 0.0670172 0.885728
2 0.0874459 0.55286 0.0743428 0.0700794 0.885637
0 0.666129 0.665087 0.0408268 0.0702778 0.885342
2 0.0886251 0.484589 0.0730016 0.0706184 0.885238
2 0.273806 0.470581 0.0381901 0.0708252 0.884995
2 0.857232 0.219516 0.0815058 0.0643427 0.884659
2 0.395133 0.319784 0.0896727 0.0693854 0.884618
2 0.467185 0.314067 0.0529267 0.0706211 0.884301
2 0.813582 0.653437 0.0444786 0.0730812 0.883673
2 0.706782 0.439877 0.0500445 0.0708755 0.883495
1 0.394428 0.11743 0.0878623 0.0719947 0.883187
0 0.397237 0.610005 0.0906926 0.0756404 0.882995
1 0.277258 0.193674 0.0401172 0.0701924 0.882932
0 0.322452 0.612636 0.0567503 0.073347 0.882069
1 0.190613 0.202658 0.0450444 0.0750424 0.881833
1 0.914936 0.151586 0.051038 0.0663183 0.881114
2 0.230854 0.544034 0.0452919 0.0708943 0.880617
2 0.323458 0.762067 0.0553058 0.0731157 0.879794
2 0.0857182 0.76407 0.0744465 0.0677247 0.87934
0 0.142107 0.691034 0.0359301 0.0684127 0.879169
2 0.874393 0.502039 0.0860358 0.073025 0.879028
2 0.667921 0.741042 0.0426348 0.0777764 0.878865
1 0.193389 0.0721168 0.0439176 0.0694337 0.878469
1 0.741675 0.0886456 0.0501117 0.0655497 0.878462
2 0.52053 0.309002 0.0528117 0.0724049 0.878135
1 0.191912 0.137751 0.0443729 0.0686843 0.877817
1 0.79039 0.154418 0.045656 0.0695572 0.877393
2 0.394528 0.249653 0.0888369 0.0698878 0.8773
2 0.593066 0.374816 0.0880372 0.0744408 0.876835
1 0.278389 0.126957 0.0385296 0.0697542 0.876344
1 0.688729 0.0290851 0.0493133 0.0581702 0.876319
2 0.322544 0.256067 0.0536413 0.0714564 0.875806
2 0.0901319 0.416618 0.0733042 0.0724189 0.875279
2 0.590817 0.303694 0.0863474 0.0732137 0.875225
1 0.23787 0.066707 0.0444682 0.0691734 0.875163
2 0.233111 0.263436 0.0444311 0.0695808 0.874642
2 0.0260043 0.491549 0.0519326 0.0670519 0.873986
2 0.880433 0.721155 0.082975 0.0797738 0.873906
1 0.760559 0.507624 0.0481007 0.0718103 0.87352
2 0.0253935 0.558167 0.0507079 0.0664509 0.873389
1 0.748077 0.222997 0.0483908 0.0686567 0.873362
2 0.815542 0.729622 0.0447411 0.0768983 0.873124
2 0.66178 0.516447 0.0411055 0.0722456 0.872639
2 0.14301 0.548936 0.0370209 0.0712533 0.872625
2 0.519211 0.237552 0.0516639 0.0720727 0.872301
2 0.466138 0.243046 0.0529358 0.073683 0.871686
1 0.0995682 0.151141 0.070874 0.070399 0.871397
2 0.947357 0.712488 0.0476814 0.076613 0.871165
2 0.231342 0.473509 0.0455793 0.0702167 0.870502
1 0.951776 0.0264634 0.0517459 0.0529268 0.870301
2 0.660192 0.443597 0.0408346 0.0703539 0.870294
1 0.236307 0.131081 0.0455967 0.0648535 0.869918
2 0.47363 0.754092 0.0546867 0.0741023 0.869828
2 0.600911 0.747684 0.0885481 0.0749043 0.869764
1 0.786418 0.0873661 0.0463984 0.0655987 0.86976
1 0.649178 0.158005 0.0419265 0.0708489 0.869681
2 0.187005 0.336515 0.0434258 0.0728521 0.869619
2 0.802284 0.361645 0.042647 0.0714195 0.869431
1 0.757983 0.436153 0.0468957 0.0714284 0.869349
2 0.811333 0.579476 0.0435307 0.0696599 0.869189
2 0.231759 0.402694 0.0450199 0.0687873 0.869123
2 0.528317 0.752141 0.0540543 0.0788505 0.869032
2 0.920511 0.216675 0.0491017 0.0642985 0.868914
2 0.0277859 0.355667 0.0548742 0.0692084 0.86866
1 0.154325 0.0775737 0.0364563 0.0695407 0.868543
2 0.470714 0.603968 0.054002 0.0757821 0.867682
2 0.767864 0.736189 0.0480654 0.0813007 0.867154
2 0.0919082 0.348334 0.0720621 0.0685283 0.866888
2 0.0940152 0.279293 0.0708357 0.0716067 0.866864
2 0.0267308 0.423303 0.0534036 0.0705013 0.866505
1 0.150654 0.205798 0.0375381 0.071594 0.866073
2 0.652408 0.227558 0.0404981 0.0692308 0.866006
1 0.69435 0.157954 0.0501144 0.0699517 0.865796
1 0.754508 0.364033 0.0474638 0.0715701 0.86568
2 0.185877 0.406188 0.0439215 0.0729418 0.86552
1 0.961568 0.151661 0.0486488 0.0668344 0.865193
1 0.783443 0.026784 0.0444206 0.053568 0.865059
1 0.744918 0.156477 0.0490895 0.0687017 0.86408
2 0.865967 0.359018 0.0836237 0.0735485 0.863825
1 0.323474 0.122726 0.0529901 0.0701842 0.863431
2 0.143494 0.479522 0.0377387 0.0716053 0.862635
1 0.64724 0.0906339 0.0418762 0.0649347 0.862193
2 0.701039 0.296106 0.0488109 0.0707122 0.861157
1 0.644934 0.0302591 0.0422262 0.0605183 0.861093
2 0.0240853 0.764071 0.0481276 0.0675262 0.861043
1 0.152235 0.14111 0.0386356 0.0682022 0.860995
2 0.709135 0.512483 0.0504004 0.0693444 0.860857
2 0.232171 0.333335 0.0445579 0.0702503 0.860599
2 0.798797 0.290592 0.0430266 0.0669707 0.859752
2 0.189019 0.267974 0.0430246 0.0729614 0.85949
2 0.148567 0.271564 0.0361722 0.0713832 0.859458
2 0.664371 0.59212 0.0414749 0.0731877 0.859041
2 0.924666 0.284314 0.0473839 0.0686567 0.858285
2 0.794953 0.221974 0.0445447 0.0679856 0.857817
2 0.141962 0.765045 0.0366372 0.0711323 0.857344
2 0.861218 0.286341 0.0810982 0.0660315 0.856349
2 0.145349 0.409309 0.0362823 0.0715328 0.856214
2 0.146473 0.340348 0.0350502 0.0685418 0.855374
0 0.877379 0.574669 0.0873368 0.0732358 0.854782
2 0.0286572 0.29008 0.0572962 0.0680574 0.853573
2 0.698256 0.225221 0.0495629 0.0700477 0.853139
2 0.71553 0.738964 0.0490448 0.0769702 0.851087
1 0.58334 0.033716 0.0846966 0.0674319 0.846741
2 0.973023 0.28231 0.046595 0.0682727 0.846395
2 0.657665 0.37062 0.0415427 0.0706423 0.846006
2 0.940664 0.495306 0.0439769 0.0748383 0.843331
0 0.94642 0.638118 0.0441744 0.0714664 0.841249
2 0.751495 0.292284 0.0478005 0.070561 0.840557
2 0.0240978 0.694743 0.0481624 0.0660058 0.839466
2 0.967416 0.215878 0.045116 0.0641569 0.839454
2 0.981157 0.491313 0.0376864 0.0725663 0.835058
1 0.988851 0.0893429 0.022297 0.0668095 0.834822
2 0.655263 0.298399 0.0407375 0.0704317 0.834641
1 0.991916 0.154257 0.016167 0.0686935 0.824002
2 0.93705 0.423286 0.0399536 0.066549 0.822933
2 0.976329 0.352271 0.0442188 0.070633 0.818771
2 0.931617 0.35394 0.0427097 0.0717554 0.816167
1 0.986316 0.0293839 0.0273676 0.0587678 0.816074
0 0.944313 0.567874 0.0455673 0.0685288 0.81416
2 0.979267 0.42126 0.0406618 0.0657929 0.813961
1 0.10186 0.0913894 0.0710272 0.0729806 0.808382
0 0.273654 0.614198 0.0388061 0.0720296 0.80473
1 0.738334 0.0276713 0.0510063 0.0553426 0.804175
2 0.98631 0.707557 0.027381 0.0728461 0.802237
0 0.985346 0.632543 0.0293076 0.0731976 0.80097
2 0.142371 0.620856 0.036267 0.0699909 0.800083
0 0.183834 0.618697 0.045764 0.0704435 0.798405
0 0.983106 0.561749 0.0337879 0.0699828 0.795015
1 0.76298 0.582821 0.0477201 0.0744832 0.770655
2 0.230454 0.61717 0.0462539 0.0729169 0.755739
1 0.924369 0.977782 0.0378324 0.0379988 0.752593
0 0.878798 0.648545 0.0860154 0.0773054 0.751235
1 0.962331 0.978419 0.0344734 0.0399956 0.743805
2 0.994698 0.217898 0.0101894 0.0660686 0.726775
0 0.086932 0.622394 0.0738943 0.0684676 0.724574
1 0.0328557 0.108033 0.0657113 0.0633581 0.679501
2 0.87898 0.648138 0.0858048 0.077276 0.645038
1 0.473984 0.805696 0.0536977 0.0274857 0.617457
2 0.710717 0.586141 0.050187 0.0721275 0.611687
1 0.948094 0.760071 0.0479557 0.0321443 0.592725
1 0.0858487 0.819686 0.0738517 0.0398361 0.564507
2 0.0240756 0.82023 0.0481189 0.0418378 0.557824
1 0.98638 0.774038 0.027208 0.0608442 0.555953
2 0.880158 0.805512 0.0793989 0.0775644 0.553262
2 0.598392 0.595591 0.0886915 0.0752876 0.547765
1 0.323629 0.819818 0.0547121 0.0339151 0.540307
2 0.668737 0.796881 0.0428329 0.0308453 0.521385
1 0.184926 0.84707 0.0470556 0.0821048 0.510616
