1 0.79752 0.138061 0.0692778 0.0534722 0.909145
1 0.722418 0.499271 0.0428011 0.0652781 0.905907
1 0.624455 0.0846284 0.0358983 0.0594704 0.905009
1 0.571611 0.0882924 0.071609 0.0596521 0.902441
2 0.410678 0.396974 0.0777352 0.0602576 0.899565
2 0.585588 0.638685 0.0768867 0.0643229 0.896539
2 0.576288 0.26162 0.072567 0.0584393 0.89616
2 0.147396 0.595928 0.0621962 0.0586709 0.895901
2 0.584018 0.57392 0.0755579 0.0666167 0.894178
1 0.46923 0.0957345 0.0442856 0.060455 0.893205
2 0.411004 0.457216 0.0789051 0.063692 0.89308
2 0.580483 0.447155 0.0749416 0.0630556 0.892898
1 0.0970924 0.203729 0.0611548 0.060382 0.892657
1 0.720278 0.436213 0.0417882 0.0632354 0.892302
2 0.582161 0.509915 0.0748333 0.0639095 0.892086
1 0.745904 0.138452 0.0390307 0.0548545 0.892054
1 0.160086 0.137534 0.0606077 0.0633772 0.891963
2 0.579363 0.384441 0.0744947 0.0623024 0.891603
1 0.153997 0.304074 0.0608274 0.0632524 0.891425
2 0.411443 0.520669 0.0792835 0.0640199 0.890876
2 0.520067 0.44954 0.0472988 0.0619612 0.890511
2 0.0852569 0.538011 0.0641621 0.0571681 0.890436
1 0.794028 0.0834828 0.0679159 0.051515 0.890278
2 0.523574 0.641332 0.0473379 0.0645504 0.88992
2 0.147699 0.536045 0.0620313 0.0609308 0.889821
1 0.515461 0.205294 0.0455429 0.0598781 0.889092
2 0.521363 0.512386 0.0479834 0.0632046 0.88867
2 0.41221 0.583435 0.0792173 0.0628408 0.888474
1 0.748222 0.194799 0.0381718 0.0559259 0.888163
2 0.348034 0.586831 0.0491025 0.062534 0.888111
1 0.800569 0.19531 0.0703959 0.0553981 0.887657
2 0.763124 0.498141 0.0401347 0.0634074 0.887425
2 0.412589 0.646519 0.078849 0.0651406 0.887417
1 0.51476 0.148488 0.0457226 0.0551766 0.887054
2 0.306411 0.587955 0.0333521 0.0619054 0.88684
1 0.573133 0.145053 0.0715199 0.0551038 0.886699
1 0.513823 0.0919881 0.0437448 0.0584003 0.886569
1 0.850568 0.138029 0.0439798 0.0549254 0.886461
2 0.347642 0.525182 0.0486608 0.0635813 0.885922
2 0.475938 0.643289 0.0480416 0.0660898 0.88587
2 0.824249 0.61882 0.0739507 0.0678554 0.885313
2 0.825686 0.680172 0.0729821 0.0709061 0.885064
1 0.707094 0.13893 0.0423254 0.0555144 0.884909
2 0.147145 0.65542 0.0625753 0.0587013 0.884322
2 0.151765 0.359538 0.0613681 0.0624731 0.884304
2 0.347843 0.401808 0.0479372 0.0616199 0.884165
2 0.230078 0.652716 0.0389957 0.0609898 0.883484
2 0.0404939 0.426895 0.0355527 0.0580705 0.883457
2 0.47507 0.578977 0.0484222 0.0662493 0.882836
2 0.522313 0.576421 0.0478328 0.0658186 0.882725
2 0.410548 0.273129 0.0762055 0.0644482 0.882639
2 0.084461 0.596507 0.0638347 0.0576444 0.88249
2 0.578154 0.322885 0.0737242 0.0584217 0.882394
1 0.846696 0.0840166 0.04371 0.0522447 0.88211
2 0.194384 0.653612 0.0322632 0.0593654 0.881959
1 0.574477 0.201819 0.0719962 0.0614133 0.881946
1 0.0925589 0.312192 0.0616003 0.0560209 0.881814
2 0.0863373 0.480665 0.0626694 0.0599097 0.881408
2 0.678898 0.502855 0.0450546 0.0629266 0.881317
1 0.742625 0.0829893 0.037845 0.0540917 0.881294
2 0.230601 0.467936 0.0388107 0.0642993 0.881252
2 0.519241 0.387765 0.0465971 0.0613195 0.881204
2 0.640293 0.569386 0.0383943 0.064796 0.881184
1 0.0946331 0.258962 0.061088 0.0616272 0.880805
2 0.149248 0.41678 0.0624448 0.0641041 0.880718
2 0.229914 0.591632 0.0391663 0.0606589 0.88068
2 0.306851 0.649514 0.0324466 0.0602503 0.880664
2 0.0876656 0.422151 0.0633091 0.0593575 0.880546
1 0.704535 0.0836714 0.0424997 0.054955 0.880544
1 0.718065 0.374266 0.0418764 0.0622034 0.880512
1 0.890516 0.138377 0.0423855 0.0556109 0.880105
2 0.413497 0.712844 0.0788219 0.0644229 0.880101
2 0.0835566 0.655902 0.0641514 0.0568909 0.880077
2 0.348293 0.649024 0.0493783 0.0612868 0.879919
2 0.348526 0.280121 0.0473545 0.0612466 0.879875
2 0.349191 0.713344 0.0488285 0.0648509 0.878917
2 0.677177 0.439992 0.0441128 0.0621404 0.87844
1 0.156178 0.24575 0.0618455 0.0689684 0.878372
2 0.0901522 0.366322 0.0615269 0.0589541 0.878306
2 0.804954 0.25192 0.0707348 0.0558359 0.878219
1 0.349506 0.164951 0.0461286 0.0598697 0.878071
2 0.230139 0.53026 0.0388612 0.0612278 0.877806
1 0.941965 0.142445 0.0675899 0.0565638 0.877467
2 0.0103692 0.539788 0.0207307 0.0573754 0.877303
2 0.812274 0.372842 0.0743415 0.0645342 0.877118
2 0.306019 0.526387 0.0334918 0.0610478 0.877087
2 0.348332 0.341096 0.0475061 0.059544 0.876958
2 0.808463 0.310497 0.0705192 0.0589556 0.876942
2 0.305745 0.464693 0.0330586 0.0615717 0.876814
2 0.95123 0.249081 0.06572 0.0539736 0.876709
2 0.230603 0.715069 0.0390673 0.0615599 0.876655
2 0.969264 0.602263 0.061253 0.0650568 0.876647
1 0.309375 0.22473 0.0335414 0.0625791 0.876346
1 0.158464 0.191449 0.0610213 0.0634324 0.876339
1 0.664157 0.139751 0.0427845 0.0559168 0.875758
2 0.760026 0.435374 0.037949 0.0603869 0.875674
2 0.270117 0.65143 0.0400989 0.0600046 0.875469
1 0.854822 0.194689 0.0433809 0.0583346 0.875415
2 0.68247 0.630073 0.0443596 0.0652153 0.875367
2 0.822644 0.557254 0.0746574 0.0619702 0.875303
1 0.34908 0.221813 0.0473997 0.0609826 0.875215
2 0.67217 0.31547 0.0425364 0.0593797 0.874948
2 0.75633 0.37317 0.0345444 0.0626537 0.874723
2 0.30723 0.342408 0.0335697 0.0592194 0.874679
2 0.473515 0.452783 0.0475462 0.06514 0.874591
2 0.638268 0.505906 0.0381237 0.0627266 0.874578
1 0.410489 0.159988 0.0735625 0.0620647 0.874426
1 0.894712 0.194312 0.0416841 0.0575476 0.874382
1 0.410616 0.215435 0.0749211 0.0569948 0.874373
2 0.725135 0.562557 0.0432463 0.0634092 0.87435
2 0.473845 0.515328 0.0484961 0.0643899 0.87424
2 0.269499 0.527988 0.0390297 0.0604222 0.874027
2 0.64189 0.633195 0.0379725 0.0644585 0.874005
2 0.347561 0.463734 0.0481439 0.0620556 0.87385
1 0.712617 0.25294 0.0404541 0.0582047 0.873772
2 0.517922 0.327015 0.0452407 0.0575755 0.873725
2 0.23138 0.795575 0.0401008 0.0965911 0.873701
2 0.148044 0.476419 0.0619192 0.0622897 0.873694
2 0.410304 0.336685 0.0761163 0.0580655 0.873495
1 0.937705 0.090124 0.066791 0.0593827 0.873449
2 0.194605 0.532084 0.0317043 0.0609114 0.873442
1 0.276327 0.117775 0.039434 0.0620288 0.873261
1 0.350059 0.108407 0.0456839 0.0607366 0.873165
2 0.51673 0.265161 0.0449579 0.0604199 0.873157
2 0.306444 0.402502 0.0329978 0.0607992 0.873099
1 0.662232 0.0836125 0.0425991 0.0583236 0.872684
2 0.899573 0.249735 0.0405544 0.0552213 0.872629
1 0.0476378 0.263083 0.0358097 0.0595875 0.872251
1 0.470511 0.207314 0.0455366 0.0609549 0.872116
2 0.0386426 0.482894 0.0344958 0.0574595 0.871902
2 0.767817 0.622736 0.0401985 0.0635709 0.871893
2 0.675103 0.377357 0.0429375 0.0610268 0.871868
1 0.946631 0.196648 0.0673103 0.0543472 0.871277
2 0.146722 0.714736 0.0621219 0.0597147 0.87115
2 0.472809 0.390764 0.0465082 0.0607079 0.87077
1 0.709534 0.195229 0.040531 0.0553731 0.870741
2 0.232678 0.349127 0.037402 0.0597541 0.86981
2 0.878951 0.548545 0.0391373 0.0633565 0.869594
2 0.47114 0.268251 0.0444245 0.0625304 0.869523
2 0.820315 0.493937 0.0749782 0.0653583 0.869343
2 0.636762 0.441667 0.0378778 0.0628004 0.868393
2 0.269556 0.465902 0.0391297 0.0631177 0.868226
2 0.586832 0.701536 0.0768795 0.0654624 0.867941
2 0.308205 0.282623 0.0331779 0.0595919 0.867806
2 0.471618 0.331422 0.0456672 0.0558046 0.867571
2 0.231363 0.406977 0.0385229 0.0611517 0.867519
2 0.0827491 0.714969 0.0637042 0.0563816 0.867267
2 0.766164 0.55994 0.0392882 0.0620233 0.867206
2 0.194874 0.470787 0.0322267 0.0631496 0.867187
2 0.26993 0.589935 0.039674 0.0618262 0.866623
1 0.238889 0.123641 0.0382162 0.0618997 0.865717
2 0.680724 0.566135 0.0446496 0.0632251 0.86557
2 0.970392 0.663623 0.0589981 0.0650785 0.86552
2 0.64348 0.698674 0.0379925 0.0657299 0.865487
1 0.666397 0.196413 0.0427168 0.0590021 0.864868
2 0.635097 0.378357 0.0368565 0.0598125 0.864686
2 0.27022 0.714627 0.0391127 0.0637211 0.864425
1 0.235375 0.234748 0.0376702 0.0632851 0.864281
1 0.053572 0.158114 0.0361629 0.060224 0.864078
2 0.881227 0.60947 0.0393253 0.0668013 0.863227
1 0.626387 0.139356 0.0356558 0.0522511 0.8626
2 0.0369177 0.539858 0.0347233 0.0569503 0.862519
1 0.31124 0.112658 0.0327488 0.0608421 0.86206
1 0.0501082 0.211112 0.0367032 0.058153 0.861632
1 0.41045 0.10378 0.0729946 0.0587497 0.861414
1 0.885458 0.0834905 0.040893 0.055966 0.860977
2 0.68416 0.695438 0.0442509 0.0675466 0.860773
1 0.233908 0.292194 0.0374303 0.0618444 0.860291
2 0.307363 0.713606 0.034157 0.0640268 0.860269
2 0.863629 0.307418 0.0408206 0.0579006 0.859479
2 0.752019 0.251931 0.0371798 0.0575989 0.859476
1 0.205297 0.128423 0.0319917 0.0599155 0.858514
2 0.270126 0.403229 0.0389845 0.0608423 0.858202
2 0.194032 0.594222 0.0317727 0.0592576 0.858183
2 0.19607 0.40916 0.032272 0.0599337 0.857844
1 0.310113 0.168825 0.0332562 0.0574439 0.857648
2 0.194585 0.714168 0.0331135 0.0596872 0.857321
1 0.273737 0.226097 0.0390518 0.0627107 0.857206
2 0.755347 0.311509 0.0367451 0.0616197 0.857026
1 0.274828 0.171274 0.039294 0.0549404 0.857008
2 0.882236 0.673246 0.0407994 0.0722398 0.856553
2 0.962849 0.425786 0.0659544 0.0584692 0.855731
1 0.0165799 0.266323 0.0325328 0.0588727 0.855074
2 0.968258 0.541829 0.0634842 0.0607428 0.854717
2 0.0426128 0.372174 0.0359265 0.0605027 0.85444
1 0.715643 0.312832 0.0420277 0.0610065 0.853737
1 0.628366 0.194929 0.0353409 0.0599181 0.852699
2 0.919325 0.605662 0.0383419 0.0639876 0.852666
2 0.524118 0.704025 0.0479866 0.0606791 0.85262
2 0.955926 0.304687 0.0659493 0.0569838 0.852592
2 0.815762 0.432143 0.0760453 0.0598373 0.852276
2 0.669767 0.25479 0.0424658 0.0581302 0.851403
1 0.199919 0.293878 0.0329092 0.06406 0.851036
2 0.0337916 0.71066 0.0340773 0.0551353 0.850363
2 0.198159 0.350825 0.0319378 0.060805 0.849548
2 0.769472 0.687479 0.0405231 0.0657835 0.849253
2 0.917414 0.543782 0.0393253 0.0639233 0.849028
2 0.90339 0.30605 0.0392368 0.0595463 0.848623
2 0.914523 0.483686 0.0388056 0.0613941 0.848424
2 0.958994 0.365462 0.0649921 0.0615653 0.848093
2 0.859438 0.250149 0.0423584 0.055424 0.846234
2 0.270754 0.34447 0.038763 0.0597964 0.846037
2 0.921085 0.668081 0.0384981 0.0680616 0.845226
2 0.0354706 0.597349 0.0350487 0.0589859 0.845219
2 0.476357 0.708871 0.0473455 0.0662993 0.845067
1 0.23714 0.178308 0.038162 0.05927 0.844958
2 0.633159 0.318059 0.03563 0.0581976 0.844108
1 0.0450572 0.317373 0.035993 0.0601623 0.842958
1 0.469877 0.151303 0.0446377 0.0559722 0.842735
1 0.203494 0.182438 0.0324448 0.0581764 0.842361
1 0.0183405 0.216197 0.034659 0.0571568 0.842289
2 0.87223 0.427703 0.0385135 0.0583063 0.841684
1 0.0149569 0.319398 0.0299099 0.0588628 0.841437
2 0.966604 0.483375 0.0657463 0.0584643 0.840274
2 0.0340718 0.655055 0.0347809 0.0549685 0.839667
2 0.909781 0.425881 0.0382104 0.0600118 0.839285
1 0.201986 0.23631 0.0327039 0.0634341 0.837529
2 0.727849 0.690299 0.0437994 0.0666965 0.837415
2 0.876232 0.487212 0.0388961 0.064401 0.837409
2 0.827048 0.754247 0.0725513 0.0865283 0.836249
1 0.100688 0.151181 0.0615079 0.0573114 0.834088
2 0.906064 0.366969 0.0378323 0.0641968 0.833966
1 0.0212694 0.164171 0.034724 0.059329 0.832285
1 0.0134822 0.373697 0.0269644 0.0594353 0.829425
1 0.0346838 0.776135 0.0340661 0.0701549 0.828443
2 0.882971 0.739473 0.041327 0.0690426 0.827194
2 0.868697 0.370017 0.0386561 0.0632943 0.826607
2 0.630834 0.255812 0.0355123 0.0598719 0.818766
2 0.00944842 0.597354 0.0188968 0.059601 0.815809
2 0.726228 0.625891 0.0436648 0.0630947 0.795816
2 0.770571 0.756507 0.0390095 0.0700494 0.795283
1 0.931535 0.0341249 0.0665836 0.0578829 0.775887
2 0.194679 0.792087 0.0332175 0.0895976 0.775145
2 0.271844 0.285362 0.0377222 0.0606913 0.771179
2 0.00771374 0.710688 0.0154275 0.054715 0.762311
1 0.010978 0.483735 0.021956 0.0569427 0.74956
2 0.0081613 0.653505 0.0163226 0.054229 0.711143
1 0.00818738 0.782503 0.0163748 0.080424 0.643785
1 0.0829704 0.785117 0.0606462 0.0742679 0.603848
2 0.0119706 0.427568 0.0239411 0.0563335 0.588428
1 0.003878 0.168319 0.00733312 0.0589361 0.587163
2 0.73152 0.75886 0.0414406 0.0624611 0.557159
