1 0.571209 0.0903495 0.0721377 0.0613315 0.911321
2 0.580722 0.449726 0.0753532 0.0633177 0.909004
1 0.796248 0.139412 0.0689741 0.0570486 0.904377
2 0.0850439 0.599284 0.0619501 0.0570886 0.901758
1 0.706155 0.140494 0.0430001 0.0569375 0.900437
1 0.468614 0.0979644 0.0441635 0.0624583 0.900405
1 0.661611 0.0856346 0.0440982 0.0582505 0.900156
2 0.579483 0.387543 0.0748283 0.0645556 0.899623
2 0.347398 0.404326 0.0481258 0.0615803 0.899438
2 0.58418 0.57675 0.076958 0.0663231 0.899358
2 0.582255 0.512448 0.0765422 0.0648544 0.899169
1 0.513266 0.0945723 0.0446695 0.0606892 0.897718
1 0.515095 0.207243 0.0460962 0.0607976 0.897171
2 0.0879742 0.425457 0.0625868 0.0593401 0.897123
1 0.159612 0.139663 0.0607827 0.063926 0.895577
2 0.0867692 0.484529 0.0626137 0.0589242 0.894797
1 0.572911 0.147272 0.0719143 0.0550081 0.893647
1 0.799603 0.196504 0.0703721 0.0553998 0.892418
1 0.721848 0.500532 0.0424455 0.0646661 0.892314
2 0.306082 0.592337 0.0338886 0.0610106 0.892239
2 0.638223 0.508144 0.0372893 0.0632793 0.892175
2 0.517363 0.328866 0.0461971 0.0590525 0.892059
1 0.153465 0.306205 0.0612783 0.062846 0.89181
2 0.411804 0.586821 0.0794454 0.0627968 0.891572
1 0.744702 0.139678 0.0390884 0.0568071 0.891561
1 0.409554 0.108596 0.0730587 0.059821 0.89122
2 0.147112 0.598777 0.0641633 0.0580631 0.89109
2 0.410182 0.340424 0.0769473 0.0614767 0.890995
2 0.82206 0.559518 0.0739595 0.0623716 0.890892
1 0.410103 0.218861 0.0755665 0.0580733 0.890189
1 0.84995 0.138981 0.0446887 0.0571404 0.889994
2 0.57779 0.324566 0.0740477 0.059858 0.889972
2 0.412532 0.649421 0.0793974 0.0640846 0.889766
2 0.52124 0.514677 0.0472414 0.0622041 0.889541
1 0.746829 0.196651 0.0383435 0.0581287 0.889463
2 0.585308 0.641159 0.0768946 0.0665546 0.889079
2 0.347528 0.528338 0.0488937 0.0617137 0.888582
1 0.720061 0.438244 0.041172 0.0608758 0.888504
2 0.0853531 0.541978 0.0633447 0.057335 0.888434
2 0.575976 0.262696 0.0729006 0.0614666 0.8882
1 0.944688 0.197406 0.065369 0.0562877 0.888055
2 0.520232 0.451915 0.0466234 0.0623458 0.887965
2 0.1475 0.540338 0.0640676 0.0588577 0.887799
1 0.514135 0.150708 0.0452579 0.0550177 0.887523
1 0.623739 0.086925 0.0360422 0.0590585 0.887196
1 0.0920223 0.313838 0.0618207 0.0598401 0.887014
1 0.574015 0.20356 0.0723802 0.061224 0.886732
2 0.347559 0.466439 0.0486056 0.063384 0.886259
2 0.763228 0.499034 0.0397529 0.0617771 0.885913
1 0.940454 0.142876 0.0662571 0.0590759 0.885696
1 0.792922 0.0840645 0.0679388 0.0545004 0.885522
2 0.410081 0.400671 0.0773948 0.0623385 0.88517
1 0.155658 0.249068 0.0623374 0.0682451 0.884965
2 0.0364213 0.599905 0.0359408 0.0583524 0.884944
2 0.523358 0.643174 0.0473393 0.0656458 0.884699
2 0.0847371 0.657321 0.063402 0.0568466 0.884073
1 0.275966 0.122063 0.040394 0.0629343 0.884026
2 0.522515 0.578487 0.0477333 0.0655637 0.883976
2 0.348142 0.283747 0.0474507 0.0627541 0.883725
2 0.410658 0.461996 0.0788362 0.0629765 0.883525
2 0.803964 0.253346 0.0714254 0.0574179 0.883332
1 0.470206 0.210077 0.0448512 0.0642525 0.882093
2 0.411035 0.522408 0.0787816 0.0648567 0.882071
2 0.0845377 0.71679 0.0638332 0.059217 0.881949
2 0.917608 0.548069 0.0416603 0.065878 0.881872
1 0.741638 0.0843087 0.0372288 0.0548361 0.881772
2 0.0113422 0.430259 0.0226844 0.05691 0.881598
2 0.767868 0.625929 0.0398236 0.0655952 0.880437
2 0.899596 0.251808 0.0440644 0.0583425 0.880162
1 0.703377 0.0847208 0.0423985 0.0561043 0.880155
1 0.845893 0.083849 0.0435341 0.0546655 0.879924
1 0.158118 0.194628 0.0613604 0.0638719 0.879914
2 0.823178 0.620822 0.0725325 0.0660942 0.879907
2 0.473216 0.455161 0.0481568 0.062495 0.879885
2 0.347617 0.590355 0.0495625 0.06278 0.879832
2 0.519048 0.390253 0.0468146 0.0616945 0.87972
2 0.19486 0.475595 0.0332468 0.0616449 0.879643
1 0.348624 0.226029 0.0478012 0.0610167 0.879369
1 0.853764 0.195106 0.0438938 0.0556418 0.879037
2 0.147474 0.657633 0.0624733 0.0571992 0.878809
1 0.889633 0.139883 0.0429251 0.0588131 0.87867
1 0.238457 0.126505 0.0390707 0.0633965 0.87859
1 0.0943792 0.260795 0.0620286 0.0602213 0.87835
2 0.347914 0.652126 0.0504083 0.0597077 0.878332
1 0.34995 0.112615 0.0463324 0.0578639 0.878112
2 0.766167 0.562125 0.0393513 0.0631957 0.87808
2 0.858052 0.251988 0.0443455 0.0576549 0.877992
2 0.473701 0.517671 0.0489699 0.0660761 0.877716
2 0.413227 0.714927 0.0802898 0.0650694 0.877459
1 0.409873 0.163365 0.0735838 0.061453 0.877382
1 0.349252 0.168869 0.0469604 0.0613581 0.877104
2 0.151006 0.362029 0.0618343 0.0638464 0.876894
2 0.347864 0.343715 0.0482956 0.0601113 0.876829
1 0.712282 0.254578 0.0424644 0.0597594 0.87673
2 0.306082 0.529733 0.0337207 0.0614956 0.876547
2 0.516032 0.266208 0.0455774 0.0614248 0.876293
2 0.474932 0.582237 0.0489733 0.0659074 0.875749
2 0.641879 0.636144 0.0376252 0.0656615 0.875731
2 0.676515 0.442428 0.0439524 0.0626662 0.875391
2 0.306894 0.405629 0.0326785 0.06191 0.875306
1 0.234842 0.237539 0.039797 0.063207 0.875122
2 0.476057 0.645596 0.0479948 0.066335 0.875109
1 0.663981 0.141464 0.0438789 0.0567357 0.87451
1 0.717852 0.376998 0.0428194 0.0622308 0.87404
1 0.935833 0.0895349 0.0664432 0.0576665 0.873861
1 0.233359 0.295831 0.0387541 0.0642467 0.87377
2 0.824913 0.68122 0.0714845 0.0661849 0.873666
2 0.87922 0.613096 0.0406887 0.0655316 0.873606
2 0.819741 0.494974 0.0741884 0.0663023 0.873423
2 0.14796 0.718046 0.0623368 0.061404 0.873328
1 0.309388 0.172129 0.0342595 0.0591425 0.873312
2 0.586498 0.707932 0.0769978 0.0718762 0.873267
2 0.148018 0.480912 0.062889 0.0606172 0.873233
2 0.348763 0.715132 0.0485397 0.0631415 0.872418
1 0.309025 0.228528 0.0343827 0.0612906 0.872403
2 0.80848 0.312185 0.0704922 0.0592392 0.872337
2 0.634573 0.382796 0.0363043 0.0616859 0.872259
2 0.035234 0.713261 0.0341121 0.0594132 0.872166
2 0.00988564 0.542445 0.0197713 0.0594942 0.872048
2 0.0384145 0.485496 0.0360326 0.0579238 0.871713
2 0.306472 0.467853 0.0332928 0.0623704 0.871204
1 0.708371 0.196985 0.0426685 0.057294 0.871146
1 0.66608 0.198038 0.0427162 0.0593815 0.8708
1 0.199313 0.297694 0.0338185 0.0645379 0.870198
2 0.410149 0.278288 0.0765812 0.0645201 0.869958
2 0.00942921 0.600396 0.0188584 0.0585238 0.869904
2 0.149477 0.420903 0.0632509 0.0651398 0.869741
1 0.310864 0.116109 0.033119 0.0614268 0.869631
2 0.307391 0.345346 0.032478 0.0599078 0.869607
1 0.205083 0.130721 0.0331542 0.0617078 0.869598
2 0.269582 0.469788 0.0408433 0.0622598 0.869596
2 0.640389 0.572054 0.0374119 0.0644301 0.86953
2 0.229912 0.533509 0.0390138 0.0623768 0.86946
1 0.625982 0.141948 0.0364047 0.0548202 0.869412
1 0.273026 0.230539 0.0407206 0.0620434 0.868954
1 0.0999367 0.151988 0.0628051 0.0674841 0.868921
2 0.684258 0.69913 0.0451881 0.0683308 0.868663
2 0.306394 0.653572 0.0340723 0.058938 0.868399
1 0.726625 0.627843 0.0434479 0.0653293 0.868359
1 0.202991 0.185578 0.0333728 0.0600434 0.867784
2 0.671797 0.318254 0.0431326 0.0614189 0.86766
2 0.761435 0.4368 0.0399994 0.0597184 0.867602
1 0.274201 0.175705 0.0407642 0.0574724 0.867026
1 0.236536 0.182183 0.0398614 0.0615513 0.866582
2 0.968377 0.544334 0.0632463 0.0607568 0.86629
2 0.270029 0.654814 0.0413236 0.0594288 0.866231
1 0.931525 0.0380331 0.0673138 0.0580983 0.866053
2 0.269359 0.532077 0.0405308 0.0623517 0.865948
2 0.0902022 0.369175 0.0608851 0.0601597 0.865483
2 0.472134 0.393207 0.0472937 0.0621945 0.865103
2 0.674182 0.37941 0.0433578 0.0619248 0.864924
2 0.67842 0.505362 0.043946 0.0645279 0.864906
1 0.715167 0.315203 0.0431067 0.0616383 0.864704
2 0.229849 0.594775 0.039114 0.0604253 0.864693
2 0.669166 0.25693 0.0430517 0.0617944 0.864437
1 0.0163466 0.270154 0.0326932 0.0610135 0.864253
2 0.470789 0.271505 0.0450098 0.0645783 0.863985
2 0.682385 0.632732 0.0442951 0.0663349 0.863726
2 0.955427 0.307436 0.0653391 0.0569799 0.862795
1 0.628051 0.197987 0.036733 0.0604906 0.86263
2 0.0402133 0.429154 0.0362289 0.057336 0.862593
2 0.230124 0.472249 0.0385212 0.0632705 0.862504
2 0.471178 0.332859 0.0461428 0.0598732 0.86214
1 0.893977 0.195108 0.042635 0.0563753 0.862065
2 0.196331 0.414286 0.0323244 0.0633186 0.861879
1 0.0150145 0.32417 0.0300289 0.0626597 0.861513
2 0.878179 0.55267 0.0403234 0.0629787 0.861471
2 0.230828 0.411411 0.0378129 0.0624975 0.861162
2 0.270691 0.718289 0.041915 0.064039 0.861095
1 0.884645 0.0847296 0.0413534 0.0562246 0.860931
2 0.680442 0.568216 0.0440737 0.0646034 0.860929
1 0.0970544 0.207185 0.0618506 0.06394 0.860788
2 0.950675 0.251713 0.0657215 0.0569575 0.860417
2 0.269658 0.594115 0.0410646 0.0604238 0.860199
1 0.047563 0.265911 0.0355726 0.0582777 0.859665
2 0.881328 0.675137 0.0427279 0.0695191 0.859655
2 0.035822 0.6565 0.0357979 0.0548845 0.859215
2 0.969828 0.603278 0.060344 0.0655179 0.858936
2 0.037112 0.54247 0.0356212 0.0576298 0.858224
2 0.769481 0.68969 0.0397192 0.0666636 0.858074
2 0.0422842 0.374088 0.036182 0.0603091 0.857866
1 0.053232 0.161512 0.0360959 0.0628991 0.857098
2 0.523974 0.709045 0.048069 0.0655345 0.85692
2 0.270255 0.408187 0.0407755 0.0627296 0.856665
2 0.0089201 0.712767 0.0178402 0.0583511 0.855827
2 0.643224 0.702735 0.0375416 0.0699566 0.855642
1 0.469502 0.153014 0.0439598 0.0545947 0.855418
2 0.230489 0.718236 0.0396729 0.0627914 0.855051
2 0.307342 0.716736 0.0350317 0.0628591 0.85489
2 0.966446 0.485672 0.0649826 0.0616585 0.854858
2 0.752133 0.254125 0.0386843 0.0581217 0.854691
2 0.27096 0.348232 0.0397034 0.061584 0.854118
2 0.919016 0.608514 0.0410701 0.0646558 0.854116
1 0.050287 0.215442 0.0367174 0.0589155 0.854052
2 0.23204 0.351872 0.0386329 0.0605798 0.85394
2 0.970673 0.663285 0.0585323 0.068553 0.853349
2 0.959707 0.36674 0.0648339 0.0642873 0.853114
2 0.0105288 0.485813 0.0210576 0.0577784 0.85255
2 0.962715 0.426506 0.0659532 0.0594476 0.852372
1 0.880473 0.0334305 0.0410204 0.0536813 0.852227
2 0.914368 0.487515 0.0411424 0.0629554 0.851589
2 0.920952 0.668569 0.0408888 0.0669807 0.851165
2 0.906306 0.369183 0.0413277 0.061481 0.84903
2 0.229967 0.65552 0.0399063 0.0591072 0.848425
2 0.903405 0.309321 0.0437797 0.0583521 0.847728
2 0.194888 0.536232 0.0319599 0.0618458 0.847613
2 0.476893 0.709951 0.0468411 0.0648458 0.847205
1 0.201141 0.240185 0.0341699 0.0624632 0.847082
2 0.86246 0.310432 0.041806 0.0584567 0.845967
2 0.876056 0.491238 0.0401512 0.0652004 0.845161
1 0.0178348 0.220221 0.0348361 0.0573879 0.845109
2 0.194934 0.717036 0.0326252 0.0610851 0.844209
2 0.909343 0.427847 0.0397674 0.0623126 0.843949
2 0.63629 0.445253 0.0375023 0.0629955 0.843866
1 0.0449332 0.31988 0.0355406 0.0602128 0.84334
2 0.630405 0.258409 0.0366104 0.0634348 0.843037
2 0.755716 0.313757 0.0378089 0.0609113 0.842819
2 0.194019 0.596605 0.03159 0.0581126 0.842499
2 0.193889 0.656287 0.0316807 0.0587714 0.840339
2 0.0129776 0.3771 0.0259552 0.060567 0.838804
2 0.308373 0.285693 0.0329646 0.0613939 0.838441
2 0.816044 0.434532 0.0734772 0.0597814 0.838024
1 0.842534 0.0317501 0.04118 0.0529743 0.836969
1 0.0215987 0.167604 0.0362348 0.0634547 0.834527
2 0.757991 0.375565 0.0389309 0.06175 0.831977
2 0.632487 0.321182 0.0355344 0.0603443 0.831487
2 0.81089 0.37465 0.0679136 0.0643109 0.831159
2 0.00906985 0.656289 0.0181397 0.0548452 0.826634
2 0.87242 0.42983 0.0378128 0.0596823 0.825026
2 0.882733 0.740636 0.0429133 0.0676102 0.81983
1 0.0351429 0.776265 0.032834 0.0658483 0.808369
2 0.196646 0.797629 0.0325437 0.0930314 0.806979
2 0.197608 0.355563 0.0320306 0.0620309 0.806148
2 0.826488 0.757471 0.0712341 0.0902508 0.802098
2 0.866932 0.371641 0.0419254 0.0640078 0.764382
2 0.724662 0.564491 0.0418732 0.0631396 0.756336
2 0.271942 0.289001 0.039445 0.0627999 0.755434
2 0.00923888 0.77892 0.0184778 0.070792 0.732921
2 0.231111 0.79596 0.0391941 0.0884518 0.720374
2 0.728815 0.693534 0.0426715 0.0670316 0.683812
1 0.0041727 0.171327 0.0080232 0.0581334 0.591003
2 0.686226 0.766316 0.0465799 0.0589198 0.570567
1 0.921736 0.733277 0.0365185 0.0670683 0.556323
1 0.516498 0.800733 0.0107685 0.016062 0.542504
2 0.771535 0.756849 0.0375366 0.0648519 0.540439
