0 0.713703 0.660427 0.0511837 0.0737788 0.920048
1 0.585939 0.0967996 0.085181 0.0725387 0.918978
1 0.517058 0.100929 0.0523199 0.0693212 0.917965
0 0.472007 0.678431 0.0544649 0.0757237 0.915707
1 0.464531 0.0374386 0.0525535 0.0705059 0.914658
0 0.527278 0.674318 0.0556864 0.0771746 0.913245
1 0.518463 0.168511 0.0524256 0.0706148 0.912872
0 0.398037 0.682709 0.0914807 0.074399 0.912603
0 0.323127 0.685976 0.0564312 0.0734175 0.912171
1 0.766159 0.656727 0.0496745 0.0764365 0.910796
1 0.516066 0.0348664 0.0526201 0.0682568 0.908297
1 0.586826 0.163001 0.0845079 0.0730171 0.908153
2 0.395608 0.390284 0.0914459 0.0731419 0.907577
2 0.396277 0.462681 0.0923126 0.0743438 0.904119
2 0.322632 0.61191 0.0574625 0.072693 0.904115
2 0.321589 0.467819 0.0560527 0.0723336 0.903872
1 0.91145 0.0844252 0.0528406 0.065168 0.902347
2 0.525112 0.524481 0.0553312 0.0758772 0.900357
1 0.394875 0.0477386 0.0875011 0.0742131 0.89994
1 0.324553 0.0531941 0.0534322 0.0706886 0.899423
1 0.848112 0.0852134 0.0838349 0.0677691 0.899397
0 0.183925 0.689557 0.0468258 0.0694217 0.899097
1 0.323698 0.187296 0.0536555 0.0718514 0.898009
0 0.600238 0.67033 0.0894815 0.0772889 0.897957
2 0.274285 0.398129 0.0375593 0.0715559 0.897517
2 0.469462 0.457536 0.054066 0.0741959 0.89744
0 0.0862186 0.692315 0.0740288 0.0681861 0.897264
1 0.790814 0.153202 0.0466122 0.0699745 0.897243
2 0.469983 0.528831 0.0546925 0.0737517 0.89719
2 0.598553 0.59513 0.0888633 0.0764739 0.897112
2 0.322131 0.539293 0.0571217 0.0730022 0.897088
1 0.278359 0.124496 0.040147 0.0706726 0.896916
0 0.231612 0.687921 0.0462492 0.0705931 0.896699
2 0.321923 0.396138 0.0546862 0.0730168 0.896555
2 0.395437 0.319036 0.0908546 0.0721325 0.896486
0 0.274585 0.685974 0.0381505 0.0698346 0.896066
2 0.594672 0.447612 0.0877975 0.0757531 0.895735
1 0.0969677 0.214159 0.0704463 0.0811792 0.895707
1 0.851993 0.151819 0.082951 0.0678262 0.895511
1 0.0326204 0.165941 0.0651449 0.0746858 0.895133
1 0.0313016 0.225733 0.062519 0.0705777 0.894573
2 0.468295 0.384909 0.0531841 0.0727222 0.894313
1 0.906648 0.0257023 0.0519546 0.0514047 0.894035
2 0.184428 0.618097 0.0465938 0.0704814 0.893986
2 0.397284 0.534981 0.0914788 0.0742377 0.893447
2 0.703457 0.367325 0.0501272 0.0722391 0.89205
1 0.694719 0.156251 0.049213 0.0741701 0.891731
2 0.399026 0.757997 0.0918585 0.0727707 0.891696
2 0.857377 0.218651 0.0819698 0.0651023 0.891663
2 0.597003 0.52128 0.0876985 0.0756671 0.891599
1 0.279057 0.0579242 0.0386676 0.07144 0.890773
2 0.1848 0.546278 0.0453495 0.0726277 0.890458
2 0.589197 0.230852 0.0847153 0.069736 0.889502
2 0.231603 0.543525 0.0470844 0.072754 0.889453
2 0.185354 0.476712 0.0449641 0.0724899 0.888969
2 0.087637 0.552251 0.0746619 0.0724071 0.888768
1 0.277479 0.191677 0.0410265 0.0723437 0.88835
1 0.102816 0.0865842 0.0719742 0.0759716 0.888078
2 0.874753 0.501308 0.0865835 0.0767419 0.887793
2 0.805134 0.433113 0.0445867 0.0708958 0.887732
2 0.0249343 0.625371 0.0498123 0.0662146 0.887624
2 0.275339 0.326725 0.0376842 0.0700066 0.887386
1 0.584443 0.0332589 0.0852386 0.0665178 0.886972
1 0.190756 0.202033 0.0452252 0.0742019 0.886787
2 0.322489 0.324541 0.0543574 0.0723735 0.886671
2 0.590911 0.301946 0.0868468 0.0735318 0.886624
1 0.787162 0.0860531 0.0458112 0.066535 0.886611
1 0.741076 0.0878802 0.0501345 0.067094 0.886459
1 0.692325 0.087572 0.0500506 0.0639358 0.886249
2 0.276405 0.25739 0.0378754 0.0670717 0.886041
2 0.27408 0.46922 0.0374319 0.069448 0.885874
1 0.95736 0.0848561 0.0504307 0.0648702 0.885861
2 0.601614 0.752774 0.0896784 0.0885035 0.885688
1 0.91551 0.149918 0.0506666 0.0662164 0.885402
1 0.237742 0.0652962 0.0457332 0.0703836 0.885337
2 0.521736 0.379792 0.0543259 0.0730567 0.885232
2 0.0859894 0.76375 0.0743556 0.0699748 0.884823
2 0.664156 0.589847 0.0424409 0.0759126 0.884592
2 0.0869804 0.621666 0.0743227 0.0701907 0.88455
2 0.592662 0.374768 0.0872458 0.0737202 0.884546
1 0.324053 0.120344 0.0540191 0.0706516 0.88403
2 0.523611 0.451305 0.0545104 0.073877 0.883959
2 0.231755 0.762879 0.0463583 0.0736042 0.883817
2 0.184366 0.762997 0.0471189 0.0707324 0.883243
2 0.0889937 0.483908 0.0737341 0.0705262 0.883037
2 0.467489 0.314183 0.0523514 0.0717592 0.882931
2 0.473795 0.753854 0.0553656 0.0740108 0.882557
1 0.39501 0.113409 0.087859 0.0708595 0.882108
0 0.666177 0.665129 0.0423952 0.0732167 0.882031
2 0.232521 0.330798 0.0452554 0.0722373 0.880267
2 0.652926 0.226577 0.0410562 0.0687453 0.879498
2 0.711703 0.585394 0.0517122 0.0723553 0.87916
2 0.813671 0.654228 0.0458717 0.0763773 0.879091
1 0.395115 0.181193 0.0886847 0.0685652 0.878946
2 0.520841 0.30826 0.0534465 0.0725611 0.878338
2 0.795014 0.220541 0.0448525 0.0687717 0.878303
2 0.231724 0.472701 0.0464599 0.0706293 0.878048
1 0.843288 0.0263233 0.0834373 0.0526466 0.87802
2 0.0255998 0.556356 0.0511767 0.0690504 0.8778
2 0.881418 0.720054 0.0845193 0.080477 0.877519
2 0.395256 0.248547 0.0896536 0.0711609 0.877458
2 0.231715 0.616009 0.0472991 0.071844 0.877305
1 0.192216 0.137476 0.0447091 0.0708748 0.877234
1 0.155398 0.0754319 0.0368377 0.0703455 0.877153
2 0.880387 0.648021 0.0881714 0.0754344 0.876823
2 0.0262476 0.489538 0.0524518 0.068378 0.87645
2 0.397987 0.608889 0.091045 0.0733404 0.876176
2 0.233221 0.260658 0.0447276 0.0696617 0.875973
2 0.668114 0.740987 0.0425999 0.0752775 0.875767
2 0.466847 0.243135 0.0530495 0.0720488 0.875593
1 0.19365 0.0720193 0.0428522 0.0682519 0.875552
2 0.816013 0.730121 0.0465614 0.0766579 0.87523
2 0.706982 0.43937 0.0511952 0.073053 0.874957
2 0.0267722 0.42148 0.0535444 0.0696269 0.874952
1 0.648134 0.088782 0.0423338 0.0635571 0.87491
2 0.0943203 0.278953 0.0707202 0.0728137 0.874868
2 0.715334 0.737045 0.0516466 0.0747755 0.874245
1 0.758123 0.435009 0.0470159 0.0730191 0.873969
1 0.235097 0.194421 0.0465525 0.072 0.873798
0 0.142351 0.690226 0.0365365 0.0685591 0.873748
2 0.51973 0.237105 0.0517877 0.0710293 0.873443
2 0.865981 0.358441 0.0824562 0.0759389 0.873234
1 0.754774 0.363084 0.048546 0.073691 0.873083
2 0.660284 0.442901 0.0425089 0.0723311 0.872472
1 0.150875 0.204934 0.0385279 0.0735384 0.872464
1 0.952523 0.0259821 0.0506907 0.0519643 0.872435
1 0.748497 0.221371 0.050202 0.0698093 0.872016
2 0.322979 0.255015 0.0534812 0.0730337 0.871914
2 0.882211 0.813356 0.0821804 0.109525 0.871417
2 0.0280536 0.355259 0.0560062 0.0675337 0.871262
2 0.274413 0.61358 0.0377777 0.071141 0.871235
1 0.68949 0.0284102 0.0502853 0.0568203 0.871072
1 0.100187 0.148615 0.0711063 0.0689265 0.87083
2 0.943458 0.566004 0.0473131 0.0733567 0.870622
2 0.0902748 0.415654 0.0725985 0.0731954 0.87038
2 0.877683 0.573976 0.0884649 0.0715215 0.870307
2 0.808179 0.506657 0.0458376 0.0725967 0.870021
2 0.186781 0.405169 0.0443307 0.0726953 0.86978
1 0.465367 0.103866 0.0523633 0.0671871 0.869745
2 0.94776 0.71236 0.0482384 0.0794122 0.868748
1 0.783872 0.0261103 0.0446814 0.0522205 0.868482
2 0.232154 0.401267 0.0450095 0.0700563 0.868317
2 0.143582 0.548544 0.0379991 0.071368 0.86816
2 0.751505 0.290929 0.0508167 0.0710045 0.867382
2 0.920952 0.215965 0.0489426 0.0665166 0.867248
2 0.187578 0.335149 0.0436882 0.0701927 0.867062
2 0.274215 0.540484 0.0375849 0.0723233 0.866994
1 0.760608 0.508323 0.0483545 0.0738536 0.866548
2 0.092301 0.347016 0.0727606 0.0693751 0.866463
2 0.529099 0.751667 0.0562285 0.0789922 0.86644
1 0.961844 0.150335 0.0487385 0.0661799 0.865802
2 0.655408 0.297066 0.0411582 0.071574 0.865735
2 0.860925 0.285697 0.0825607 0.0673828 0.865704
2 0.710108 0.512131 0.0519563 0.0710975 0.86562
1 0.0338115 0.106028 0.0670367 0.0678412 0.864942
1 0.645751 0.0293255 0.0419396 0.0586509 0.86484
2 0.142225 0.762597 0.03717 0.071078 0.864834
2 0.144355 0.47933 0.0375942 0.0704178 0.864445
2 0.925026 0.284516 0.0481916 0.0692683 0.864229
1 0.74491 0.154492 0.049549 0.0689503 0.863364
2 0.802004 0.360403 0.0435023 0.0748821 0.863107
2 0.870704 0.429916 0.084249 0.0720608 0.862955
2 0.662228 0.516093 0.0424053 0.0720753 0.862614
2 0.701018 0.295419 0.0497482 0.0728168 0.862392
2 0.811067 0.579768 0.0451501 0.0701909 0.861517
2 0.657823 0.369205 0.0422516 0.0711589 0.86081
2 0.698555 0.224319 0.0496728 0.0696544 0.860439
2 0.768468 0.733021 0.0501961 0.0762766 0.860345
2 0.028845 0.289539 0.0576688 0.0667203 0.860028
1 0.73873 0.0274455 0.0515926 0.054891 0.85982
2 0.471047 0.602511 0.0543482 0.0747014 0.858345
2 0.148788 0.270626 0.0362253 0.0704952 0.856981
2 0.0245093 0.763386 0.0485549 0.0701741 0.856685
1 0.152676 0.139884 0.0393356 0.0681094 0.856291
2 0.146963 0.339381 0.0356927 0.0698902 0.855858
2 0.142915 0.619338 0.0375835 0.0710674 0.854608
1 0.650253 0.156691 0.0425898 0.0724364 0.854555
2 0.798368 0.289291 0.0437504 0.0697772 0.854418
1 0.465921 0.172065 0.0527343 0.0725876 0.853832
1 0.236533 0.129595 0.0459466 0.0667786 0.853475
2 0.188963 0.267321 0.0432405 0.0720382 0.850612
2 0.0243191 0.693904 0.0486383 0.0669067 0.849437
2 0.966875 0.21511 0.0453842 0.0654141 0.847136
2 0.145693 0.408348 0.0366902 0.0716389 0.843879
2 0.981169 0.489734 0.0376611 0.0710385 0.842087
1 0.986872 0.0282694 0.0262477 0.0561734 0.837221
2 0.972751 0.283257 0.0461555 0.0707627 0.834649
2 0.976086 0.353313 0.0445546 0.0687589 0.831914
0 0.946092 0.637752 0.0450787 0.0707963 0.828927
2 0.324447 0.760448 0.0566238 0.0735583 0.823039
2 0.948109 0.784279 0.0496441 0.0673186 0.822702
0 0.525921 0.598508 0.0557051 0.0745053 0.822698
2 0.979163 0.420656 0.0403392 0.066814 0.820335
1 0.989183 0.0865367 0.0216345 0.0638438 0.819851
2 0.931085 0.354379 0.0451881 0.0725237 0.814986
1 0.99203 0.152155 0.0159399 0.0680275 0.813947
2 0.940033 0.493027 0.045388 0.0718827 0.813678
2 0.142857 0.837783 0.0373956 0.0731613 0.810288
2 0.937225 0.422797 0.0410275 0.0656005 0.804655
0 0.984852 0.630437 0.0302961 0.0735298 0.799301
2 0.994916 0.217142 0.00974201 0.0675379 0.773806
2 0.275456 0.762197 0.0398087 0.0752866 0.745585
2 0.986098 0.704771 0.0278041 0.0762317 0.742797
2 0.76327 0.582772 0.0500843 0.0727717 0.741781
2 0.669125 0.795272 0.0425662 0.0331724 0.726558
1 0.473676 0.806029 0.0544447 0.02747 0.694215
2 0.0245821 0.820099 0.0491071 0.0437421 0.648865
2 0.716699 0.793339 0.0508522 0.0327772 0.648083
2 0.982842 0.559693 0.0343157 0.0709871 0.646106
2 0.995822 0.284427 0.00835628 0.0699738 0.509347
