1 0.571474 0.0917972 0.0722777 0.0627584 0.911935
1 0.66245 0.0886612 0.0442455 0.0595054 0.909625
0 0.523116 0.64423 0.047958 0.0637634 0.908329
2 0.580684 0.450266 0.075223 0.0630317 0.903985
1 0.160638 0.140238 0.0606687 0.0661726 0.903948
2 0.0863412 0.485107 0.0636016 0.0590699 0.903507
2 0.519869 0.453467 0.0470796 0.0623183 0.902697
2 0.087372 0.426524 0.0629356 0.0585633 0.9024
0 0.412864 0.650916 0.0777792 0.0632806 0.901813
2 0.0844423 0.600724 0.0630173 0.0561555 0.901558
2 0.582403 0.513358 0.0764514 0.0638237 0.900627
1 0.469557 0.0997775 0.0443553 0.0630318 0.900323
1 0.410137 0.108788 0.0742181 0.0643029 0.899469
1 0.153751 0.306615 0.060663 0.0637125 0.899289
0 0.585328 0.641843 0.0758697 0.0643474 0.899012
2 0.347852 0.591009 0.0490428 0.0621117 0.898882
0 0.475715 0.647052 0.046452 0.0627389 0.898829
2 0.579686 0.388203 0.0746954 0.0637793 0.898367
0 0.348732 0.653064 0.0505826 0.0604493 0.898259
2 0.410723 0.463406 0.0784854 0.0628874 0.897833
2 0.305928 0.592512 0.0345697 0.061276 0.897615
1 0.410485 0.221219 0.075498 0.0579605 0.897511
1 0.722923 0.502606 0.0430239 0.0661669 0.897084
0 0.14712 0.658646 0.0623415 0.0585898 0.89683
1 0.797315 0.141614 0.070333 0.0588835 0.896507
1 0.624535 0.090132 0.0367664 0.0607421 0.896461
2 0.229736 0.594526 0.0386075 0.0606271 0.896449
1 0.513784 0.0965786 0.0448711 0.0617249 0.896147
2 0.1483 0.539889 0.0635589 0.0600665 0.895299
2 0.3492 0.717659 0.0504239 0.063185 0.895063
2 0.516482 0.269139 0.0453741 0.0617824 0.895036
1 0.51557 0.209919 0.04524 0.0607992 0.89472
2 0.518827 0.391711 0.0466692 0.0614582 0.893892
2 0.0836231 0.659596 0.0642859 0.0570785 0.893774
1 0.726959 0.630707 0.0433184 0.0663924 0.89254
2 0.347476 0.467812 0.04845 0.0617876 0.892509
1 0.800944 0.198892 0.0701348 0.0578491 0.892021
1 0.942328 0.146554 0.0676181 0.0597717 0.891815
2 0.347664 0.529198 0.0485753 0.0633245 0.89173
2 0.410504 0.401531 0.0780272 0.0633398 0.891315
2 0.347534 0.405515 0.0478873 0.0627727 0.890741
1 0.946053 0.199915 0.0657829 0.0582036 0.890691
2 0.822124 0.560392 0.0750652 0.0622014 0.890507
2 0.147662 0.598573 0.0633519 0.0588421 0.889931
2 0.413623 0.716799 0.0788882 0.0660422 0.889423
1 0.309559 0.229913 0.0337277 0.0618763 0.889413
2 0.584018 0.577319 0.0769182 0.0643463 0.889335
1 0.238362 0.128304 0.0377113 0.0628688 0.88933
0 0.682558 0.633365 0.044849 0.0657321 0.889247
1 0.311263 0.117561 0.0338704 0.0616331 0.888734
2 0.0855437 0.542701 0.0633611 0.0584518 0.887934
1 0.514791 0.152805 0.0451518 0.0566079 0.887902
2 0.521129 0.516361 0.0482308 0.063417 0.887859
1 0.100111 0.154064 0.0618766 0.0649427 0.887831
1 0.574248 0.206872 0.072118 0.0593689 0.887703
1 0.937855 0.0931913 0.0681349 0.0605403 0.887249
2 0.80502 0.255793 0.0706641 0.0573962 0.887201
1 0.742279 0.0867266 0.038512 0.0573938 0.887048
2 0.763129 0.50137 0.0375498 0.0626348 0.886949
1 0.349556 0.170545 0.0469954 0.0602349 0.886556
1 0.851073 0.141712 0.0445152 0.058393 0.886383
2 0.0350829 0.714497 0.0338081 0.0553219 0.88629
2 0.68063 0.568768 0.0445692 0.0616952 0.886275
0 0.96992 0.603426 0.0601604 0.0621841 0.886168
2 0.638393 0.50854 0.0367099 0.0619574 0.886112
2 0.677087 0.444 0.0443844 0.0606817 0.88593
2 0.306113 0.530808 0.0344339 0.0623974 0.88572
2 0.4103 0.339186 0.0768837 0.062055 0.88563
2 0.411007 0.525299 0.0791773 0.0621114 0.885568
1 0.35054 0.113895 0.046205 0.0610045 0.885024
2 0.195337 0.475972 0.0316415 0.060241 0.884989
1 0.348989 0.226846 0.0469424 0.0604369 0.884852
1 0.0538492 0.161405 0.0358746 0.0613943 0.88434
1 0.890531 0.142318 0.0434582 0.0600267 0.884287
2 0.411473 0.587668 0.0785982 0.0609402 0.884175
2 0.517361 0.330625 0.0459036 0.0609123 0.884046
1 0.276011 0.122032 0.0396549 0.0625405 0.884013
2 0.75252 0.256388 0.0386788 0.0596845 0.883908
2 0.269106 0.593745 0.0409381 0.0614185 0.883482
2 0.471156 0.272549 0.0446174 0.0628612 0.883254
1 0.15575 0.250368 0.0609207 0.0685757 0.883209
0 0.641829 0.63636 0.037504 0.063773 0.883103
2 0.767905 0.627502 0.039365 0.0642848 0.883028
2 0.229757 0.533908 0.0389468 0.0614952 0.882958
1 0.235332 0.239226 0.037821 0.0632077 0.882956
2 0.674512 0.382374 0.0438398 0.062932 0.882716
2 0.684213 0.700137 0.0445693 0.0675592 0.882691
2 0.471634 0.334593 0.0465911 0.0620048 0.882408
1 0.793713 0.0860751 0.0697228 0.0560608 0.882247
1 0.66662 0.20095 0.0441708 0.0621443 0.881966
1 0.704224 0.0875849 0.0443302 0.0582891 0.881741
2 0.00956073 0.601191 0.0191215 0.0567334 0.881465
2 0.671887 0.31963 0.0440355 0.0619666 0.881459
1 0.707207 0.143597 0.0441273 0.0594632 0.881303
2 0.306206 0.468964 0.0334785 0.0609882 0.881212
2 0.823934 0.622112 0.0744439 0.065542 0.881059
2 0.577877 0.326764 0.0741928 0.0616123 0.880942
2 0.586503 0.707131 0.0768147 0.0680699 0.880776
1 0.572868 0.149554 0.0716639 0.0572414 0.880753
1 0.748753 0.199298 0.0392376 0.059013 0.880625
1 0.7125 0.257521 0.0427688 0.0590956 0.88053
1 0.721106 0.440443 0.0423827 0.0618712 0.880259
2 0.899613 0.253746 0.041652 0.0592087 0.879671
2 0.678755 0.506079 0.0439785 0.0620985 0.879553
2 0.269863 0.471618 0.0406636 0.0606399 0.87919
2 0.410435 0.279031 0.0760637 0.060575 0.879108
2 0.269483 0.718321 0.0408593 0.061361 0.878982
2 0.808579 0.315018 0.0703724 0.0614194 0.878419
2 0.522452 0.580322 0.0478928 0.0649835 0.878152
2 0.472266 0.395832 0.0469662 0.0629735 0.878125
2 0.728947 0.697148 0.043408 0.0702886 0.87783
1 0.0947757 0.261599 0.0613883 0.0631057 0.877741
1 0.846968 0.0862395 0.0442131 0.0561411 0.877564
2 0.27034 0.410203 0.0398456 0.0611341 0.877413
2 0.819497 0.498083 0.0742595 0.0637921 0.877251
2 0.269314 0.532077 0.0409343 0.0619964 0.877231
2 0.758052 0.376945 0.0376356 0.0630056 0.877023
2 0.0360933 0.600769 0.0343991 0.0571148 0.876912
2 0.348434 0.284549 0.0463212 0.0605456 0.876875
1 0.233604 0.296599 0.0381741 0.0629541 0.876869
2 0.57613 0.265473 0.0729926 0.0612113 0.87676
2 0.825914 0.682882 0.0740382 0.0672393 0.876493
1 0.709714 0.200618 0.043844 0.0594344 0.876307
1 0.15821 0.195606 0.0606591 0.0627626 0.876289
1 0.718411 0.378688 0.0421934 0.0626305 0.876227
2 0.348134 0.344996 0.0469977 0.0612045 0.875818
1 0.885849 0.0873516 0.0434723 0.0570342 0.875566
2 0.476807 0.712165 0.0457193 0.065998 0.875562
2 0.725177 0.566538 0.0428785 0.0627308 0.87554
2 0.950829 0.253912 0.0669899 0.0570149 0.87547
1 0.790243 0.0335184 0.0694277 0.0567355 0.875163
2 0.643449 0.702577 0.037981 0.0673509 0.875041
2 0.760521 0.438826 0.037248 0.0611996 0.874624
1 0.85493 0.197645 0.0442595 0.058045 0.874617
1 0.745687 0.142276 0.0397826 0.0596976 0.87438
2 0.0351833 0.658559 0.0341648 0.0574985 0.874254
2 0.0102723 0.543638 0.0205446 0.0583252 0.874225
1 0.236668 0.184276 0.0382662 0.0627933 0.87334
2 0.0115698 0.431124 0.0231395 0.0585122 0.873287
2 0.0380722 0.486286 0.0340935 0.0587643 0.872782
2 0.148694 0.481045 0.062498 0.0602757 0.872726
2 0.64023 0.572394 0.037033 0.062932 0.87247
1 0.20539 0.132075 0.0315022 0.0624288 0.872251
2 0.921208 0.671671 0.0395286 0.0675313 0.872078
2 0.859461 0.25354 0.0428385 0.0586084 0.871908
2 0.635076 0.384091 0.0362043 0.0624727 0.871834
2 0.669224 0.259268 0.0431686 0.0592998 0.871798
1 0.66466 0.144804 0.0448253 0.0577836 0.871772
2 0.906513 0.371647 0.0388173 0.0624306 0.871544
2 0.307509 0.346702 0.0330866 0.0601334 0.871431
1 0.470739 0.212008 0.0449501 0.06297 0.871355
1 0.310458 0.173778 0.0340333 0.0596331 0.871262
2 0.306565 0.406567 0.0327552 0.0612534 0.871238
2 0.955568 0.311213 0.0666582 0.0600879 0.871172
1 0.894343 0.197731 0.0424555 0.0586101 0.870934
2 0.230321 0.474399 0.0385451 0.0602214 0.870705
2 0.23134 0.41326 0.0378373 0.060015 0.870669
2 0.769688 0.691773 0.039346 0.0664323 0.870471
2 0.146986 0.71809 0.0626316 0.0580908 0.870094
2 0.473099 0.457427 0.0472979 0.0660269 0.869811
0 0.306055 0.654169 0.0341276 0.060291 0.869802
2 0.812526 0.376698 0.0717693 0.0629869 0.869603
2 0.473538 0.519725 0.0480322 0.0647978 0.869431
1 0.0975917 0.208202 0.0612309 0.0625053 0.869205
2 0.867947 0.372966 0.0408119 0.0631862 0.869117
2 0.3086 0.286757 0.0325522 0.0598046 0.869061
2 0.0836291 0.717772 0.0633904 0.056123 0.868447
2 0.755524 0.315742 0.0383534 0.0608647 0.868066
2 0.0898573 0.370503 0.0616859 0.0587216 0.867841
2 0.52383 0.709794 0.0483606 0.0645583 0.86782
2 0.195062 0.535613 0.0316979 0.0605564 0.867556
2 0.198028 0.355513 0.0309043 0.0604795 0.867119
2 0.149713 0.421644 0.0627671 0.0618059 0.866909
2 0.230025 0.718494 0.0388798 0.0612508 0.866607
1 0.035479 0.770829 0.033955 0.0566887 0.86632
2 0.882392 0.676847 0.0396048 0.0681522 0.866051
2 0.636865 0.446678 0.0368935 0.0614646 0.865945
2 0.270956 0.350906 0.0394844 0.0619102 0.86561
2 0.81555 0.437573 0.0735491 0.0597334 0.865494
1 0.410426 0.165517 0.0738561 0.0627487 0.86516
2 0.0108163 0.487629 0.0216325 0.0584317 0.864991
2 0.765655 0.564237 0.0387283 0.0621464 0.86482
1 0.932241 0.0402804 0.0682978 0.0604815 0.864513
1 0.273349 0.232093 0.0395891 0.06305 0.864163
2 0.196243 0.414775 0.0311217 0.0602774 0.862892
2 0.00893167 0.71355 0.0178633 0.0543511 0.861664
2 0.00914618 0.657545 0.0182924 0.0571998 0.861344
2 0.878808 0.552697 0.0394523 0.0607885 0.861158
2 0.968282 0.545059 0.0634354 0.0584061 0.860642
1 0.715467 0.317266 0.042325 0.0606316 0.860405
2 0.0372571 0.543425 0.0343305 0.0581336 0.859406
2 0.232281 0.353932 0.0381809 0.060405 0.859225
2 0.958728 0.371264 0.0660539 0.0626513 0.857856
2 0.0126545 0.376522 0.0253089 0.0585894 0.857822
2 0.903124 0.31131 0.0409321 0.0610408 0.856863
1 0.626481 0.144705 0.036524 0.0550241 0.856175
2 0.474659 0.583432 0.0479006 0.0649184 0.855815
1 0.628096 0.20028 0.0371233 0.0620139 0.855578
2 0.862742 0.312395 0.0414815 0.0603276 0.854807
1 0.199768 0.299012 0.0320398 0.0657194 0.854656
2 0.194714 0.71793 0.0329822 0.0604188 0.854468
2 0.0397061 0.42952 0.0338567 0.0591457 0.854001
2 0.91766 0.548095 0.0406898 0.0611025 0.853544
2 0.194934 0.596483 0.0327547 0.0586215 0.852876
2 0.966561 0.487064 0.065237 0.0596683 0.851693
1 0.470396 0.155745 0.0445679 0.0552847 0.851513
1 0.274581 0.176041 0.0400842 0.0567577 0.851216
2 0.882706 0.742338 0.0405323 0.066301 0.85105
2 0.826789 0.755847 0.072455 0.0812311 0.850991
2 0.632955 0.321429 0.0355915 0.0628221 0.850821
2 0.0424709 0.37329 0.0351577 0.0596198 0.850629
2 0.151632 0.362646 0.0609289 0.0617086 0.84997
2 0.961971 0.429302 0.0667801 0.0569149 0.849155
2 0.914613 0.488494 0.0409679 0.0616791 0.847961
2 0.875803 0.491472 0.0395813 0.0634223 0.847769
1 0.0162027 0.269762 0.0317726 0.0622878 0.845926
1 0.0216535 0.167645 0.0351074 0.0637871 0.845733
1 0.0482205 0.267773 0.0354428 0.0610019 0.845583
1 0.0457247 0.3201 0.0350173 0.0596885 0.84509
1 0.0506413 0.215087 0.0365254 0.0596116 0.844984
2 0.729943 0.767949 0.0411758 0.0699981 0.844558
2 0.909487 0.429985 0.0376764 0.0586986 0.844407
1 0.203464 0.18646 0.0323836 0.0585657 0.844018
1 0.2018 0.239433 0.0315622 0.0617096 0.843961
2 0.871931 0.431856 0.0385784 0.0578221 0.843468
2 0.272208 0.289625 0.0392431 0.0611469 0.843461
1 0.843107 0.0337648 0.0436443 0.0585645 0.840632
0 0.269124 0.65558 0.0403859 0.061885 0.840575
1 0.0184992 0.219869 0.0345658 0.0558026 0.839445
1 0.0923598 0.316058 0.0615757 0.0592049 0.838786
0 0.91937 0.609538 0.0392376 0.0652707 0.838135
1 0.881952 0.0354296 0.0420582 0.0565095 0.834862
2 0.630292 0.260239 0.0359155 0.0610311 0.834239
2 0.770203 0.755716 0.0398214 0.0612044 0.833662
1 0.739043 0.0333823 0.037961 0.0557637 0.825451
0 0.880506 0.613124 0.0386561 0.0649826 0.824669
2 0.970424 0.665066 0.0591528 0.0664272 0.82287
1 0.921625 0.739974 0.0351139 0.075258 0.819699
2 0.306546 0.717228 0.0344456 0.0615089 0.819172
0 0.230161 0.656196 0.0385516 0.0623144 0.81462
0 0.194556 0.657203 0.0326979 0.0602329 0.800957
1 0.702093 0.0333239 0.0421194 0.0565249 0.796034
2 0.0142099 0.322554 0.0284199 0.0576332 0.789896
2 0.00897278 0.772529 0.0179456 0.0595205 0.777399
2 0.644318 0.768547 0.0373741 0.0641304 0.759219
2 0.685713 0.766347 0.0461184 0.0621237 0.75517
2 0.19499 0.78174 0.0329895 0.0584499 0.629879
1 0.00385065 0.169882 0.00745612 0.0590972 0.627047
1 0.414184 0.758117 0.0784843 0.0186396 0.5121
