1 0.721941 0.502079 0.0420754 0.064703 0.914188
1 0.159724 0.139394 0.0609542 0.0652131 0.912652
2 0.584733 0.641994 0.0762573 0.0637449 0.907674
1 0.796545 0.141445 0.0682222 0.0553932 0.905651
2 0.581293 0.514035 0.0762331 0.064898 0.904561
2 0.583285 0.578438 0.0765976 0.0643437 0.903497
1 0.571008 0.0914817 0.0712349 0.057929 0.902142
2 0.580045 0.450142 0.0752829 0.063879 0.901859
1 0.514931 0.207826 0.0457634 0.0611226 0.9009
2 0.575252 0.26465 0.0713413 0.0595282 0.900881
1 0.468943 0.0980459 0.0429833 0.0600353 0.899617
2 0.146512 0.598394 0.0633717 0.0598984 0.897954
1 0.799771 0.198692 0.0692254 0.0557808 0.896154
1 0.310553 0.116774 0.033131 0.0606094 0.894019
1 0.936282 0.0923769 0.0661822 0.0592383 0.89386
1 0.409415 0.108724 0.07274 0.0560942 0.893598
2 0.411694 0.650416 0.0797498 0.0624292 0.893436
1 0.275615 0.121606 0.0388865 0.0606791 0.893199
2 0.0824246 0.657507 0.0648631 0.0584662 0.892432
2 0.229194 0.594782 0.0385426 0.0616523 0.892292
1 0.513129 0.0950151 0.0437964 0.0593381 0.891468
1 0.941165 0.145765 0.0652216 0.0578256 0.891467
1 0.349703 0.11287 0.0451537 0.0591675 0.891192
1 0.349379 0.168638 0.0464911 0.0598426 0.891108
2 0.146872 0.538498 0.0624748 0.0607723 0.890691
2 0.410458 0.461206 0.0776197 0.0647207 0.890102
1 0.719924 0.440167 0.0411814 0.0613996 0.889808
1 0.744702 0.140791 0.0394256 0.0573888 0.889595
1 0.204821 0.131419 0.0313794 0.0594525 0.888971
2 0.520484 0.515708 0.0466356 0.0626338 0.888912
2 0.347497 0.590569 0.0482138 0.0643197 0.888679
1 0.238113 0.126925 0.0374463 0.0595959 0.88859
1 0.0994546 0.154285 0.0624252 0.064609 0.88853
1 0.0919549 0.312457 0.0615714 0.0547939 0.888448
2 0.0843483 0.541134 0.0647087 0.0583181 0.888203
1 0.573824 0.204703 0.0716059 0.0605928 0.887641
1 0.850244 0.140677 0.0433011 0.0557848 0.887474
2 0.410511 0.398619 0.0766938 0.061349 0.887123
2 0.474819 0.646256 0.0470928 0.0648087 0.886926
1 0.0530647 0.160377 0.0365456 0.058782 0.886846
0 0.969222 0.603584 0.0611428 0.0657019 0.886791
2 0.0857904 0.484298 0.0632093 0.0589735 0.886667
2 0.409844 0.276308 0.0752194 0.0617351 0.886658
1 0.409921 0.218093 0.0743839 0.0558727 0.88657
2 0.519645 0.453873 0.0471002 0.061814 0.886196
2 0.146592 0.65857 0.0639852 0.057874 0.886144
1 0.944895 0.199396 0.0643143 0.0555712 0.885539
2 0.347676 0.52801 0.0484957 0.0622114 0.885472
1 0.153163 0.305475 0.0610361 0.0616703 0.885418
2 0.521451 0.580301 0.0467247 0.0644073 0.885291
2 0.305872 0.591448 0.0345511 0.0622925 0.885188
1 0.157795 0.19321 0.0617094 0.0630498 0.884911
1 0.572518 0.148451 0.0712249 0.0538435 0.884841
2 0.516078 0.267994 0.0448766 0.0592753 0.884554
2 0.348147 0.283402 0.0470305 0.0617533 0.884456
1 0.155448 0.247471 0.0627481 0.0691687 0.884426
2 0.0899851 0.366795 0.0609107 0.0586384 0.884217
2 0.522508 0.645095 0.0475293 0.062885 0.883952
2 0.474123 0.582231 0.0480195 0.0644994 0.883434
2 0.411536 0.587321 0.0790873 0.0644504 0.883323
2 0.306139 0.466926 0.0338963 0.0631092 0.882687
2 0.473339 0.518243 0.0476673 0.0643912 0.882532
2 0.51733 0.329194 0.0456942 0.0597805 0.882398
2 0.229252 0.656291 0.0390719 0.0611194 0.881988
2 0.410567 0.337979 0.0766136 0.0597315 0.881686
2 0.347637 0.653035 0.0482149 0.058954 0.881633
1 0.309489 0.171832 0.0337576 0.0577215 0.881133
2 0.347776 0.402954 0.048395 0.0626644 0.880943
1 0.308711 0.227854 0.0339017 0.0618188 0.880884
2 0.306093 0.529147 0.0342332 0.0604579 0.88083
2 0.637281 0.508666 0.037342 0.0629165 0.880777
2 0.0340911 0.712579 0.0335174 0.0563074 0.880725
2 0.57888 0.38783 0.0740017 0.0619945 0.880673
2 0.411076 0.523819 0.0783865 0.0643179 0.880668
2 0.676814 0.443568 0.0438541 0.0615403 0.880564
1 0.348619 0.225182 0.04691 0.0619838 0.880501
2 0.823283 0.622525 0.0733322 0.0660877 0.880381
2 0.146257 0.717575 0.063156 0.0570296 0.880169
1 0.747281 0.198168 0.0387804 0.0577146 0.880168
2 0.678031 0.505406 0.0452581 0.0615132 0.88015
2 0.347849 0.342464 0.0484737 0.0601173 0.879978
2 0.641354 0.636409 0.0368328 0.0648126 0.879925
1 0.854012 0.197639 0.0433606 0.0568566 0.87882
2 0.268919 0.654756 0.0396351 0.06171 0.878805
2 0.58598 0.706737 0.0762688 0.0644341 0.878627
1 0.0938706 0.260415 0.0616949 0.0606491 0.878544
2 0.679639 0.568361 0.0456021 0.0640003 0.878213
1 0.661258 0.0875655 0.0415329 0.0578764 0.878203
2 0.229407 0.532863 0.0383132 0.062267 0.878073
2 0.347618 0.46627 0.0484754 0.0647875 0.878021
2 0.681627 0.632782 0.0452558 0.0645811 0.877882
2 0.305886 0.653685 0.0347033 0.0607219 0.877814
2 0.819712 0.496407 0.0727227 0.066747 0.877282
1 0.513993 0.150748 0.0450783 0.0535032 0.877076
2 0.269099 0.467692 0.0396559 0.0620257 0.876787
1 0.0965426 0.207317 0.0619324 0.0624749 0.876611
2 0.413431 0.715803 0.0794634 0.062595 0.876481
2 0.232002 0.351003 0.038307 0.0586827 0.876077
2 0.0872096 0.424656 0.0632671 0.0611693 0.87607
2 0.30629 0.404181 0.0332674 0.0619343 0.875963
2 0.268817 0.530263 0.0396731 0.0609852 0.875561
2 0.808426 0.313132 0.0694412 0.0591102 0.875534
2 0.821808 0.559996 0.0735581 0.0608836 0.875456
2 0.576929 0.325739 0.0723246 0.061922 0.875401
2 0.518672 0.391433 0.0469913 0.0616883 0.875065
2 0.470563 0.270502 0.044941 0.0604966 0.874542
2 0.147293 0.479281 0.0618648 0.0610465 0.873852
2 0.471118 0.332358 0.0455149 0.0605631 0.873776
2 0.229975 0.470308 0.0383781 0.0653573 0.873525
1 0.470219 0.20913 0.0440913 0.0618133 0.873494
2 0.67161 0.3177 0.0422638 0.0583056 0.872705
2 0.306938 0.344072 0.0328349 0.0570107 0.87242
2 0.150088 0.360703 0.0618836 0.0628594 0.872409
2 0.762786 0.501216 0.039638 0.0621404 0.872381
2 0.804553 0.254174 0.0697516 0.0541779 0.872249
1 0.889791 0.141136 0.0422814 0.0584849 0.872119
2 0.824682 0.684751 0.072278 0.0673217 0.872095
1 0.793332 0.0856526 0.0678244 0.0528848 0.872092
2 0.19411 0.717426 0.0329196 0.0576922 0.871879
1 0.706159 0.14147 0.0419718 0.0581474 0.871589
2 0.30783 0.285554 0.0333033 0.0602819 0.871307
2 0.193946 0.657577 0.0327031 0.0597629 0.870954
2 0.082371 0.715765 0.0642582 0.0540017 0.870901
2 0.0829647 0.5986 0.0645924 0.056585 0.870861
1 0.663732 0.143327 0.0424634 0.0569561 0.870787
2 0.767205 0.625784 0.039926 0.0637958 0.870773
2 0.471896 0.394188 0.0469886 0.0628828 0.870308
2 0.148376 0.419827 0.0618207 0.0655141 0.870122
2 0.00981649 0.542502 0.019633 0.0573323 0.870059
1 0.624196 0.0890128 0.0349619 0.0582061 0.869482
2 0.268817 0.593514 0.0398792 0.0623401 0.868506
2 0.47275 0.455337 0.0481338 0.0636946 0.868456
2 0.229517 0.717793 0.0390867 0.0590406 0.868215
2 0.724457 0.565586 0.0433967 0.0628396 0.868162
1 0.27412 0.174335 0.0386516 0.0541654 0.866968
1 0.893941 0.197653 0.0417328 0.0573089 0.866734
2 0.683436 0.698551 0.044062 0.0648182 0.866727
1 0.846089 0.085203 0.0441864 0.0553627 0.866309
2 0.674552 0.380114 0.0431959 0.0633294 0.866239
2 0.955668 0.30792 0.0659062 0.0554139 0.866089
1 0.273079 0.229292 0.0388508 0.0616917 0.865948
1 0.0210002 0.166339 0.0360764 0.0613685 0.865855
1 0.409722 0.163363 0.0724271 0.0566513 0.865462
2 0.760787 0.438474 0.0397152 0.0602722 0.86536
2 0.306214 0.715751 0.0343455 0.0610247 0.865322
2 0.0364542 0.54229 0.0351435 0.0569102 0.865048
2 0.63922 0.571825 0.0372383 0.0633054 0.864994
1 0.0500601 0.214104 0.0365216 0.0597087 0.864341
2 0.81237 0.374192 0.0699996 0.0621373 0.863059
2 0.950813 0.252312 0.0653763 0.0553995 0.863057
1 0.236377 0.182189 0.0378121 0.0611798 0.862998
1 0.665767 0.200384 0.0425186 0.0621045 0.862856
1 0.789434 0.0335471 0.0666703 0.0513677 0.862628
2 0.348547 0.716807 0.0491187 0.0625922 0.862603
1 0.717274 0.37786 0.0411469 0.0615842 0.862376
2 0.195458 0.411817 0.0333771 0.0638739 0.862342
1 0.233271 0.295079 0.0378549 0.0625502 0.862238
2 0.862594 0.310339 0.0404751 0.0571637 0.861494
2 0.0349651 0.59848 0.0340282 0.0562466 0.86144
2 0.825616 0.754686 0.0707393 0.0796988 0.86125
0 0.918869 0.607792 0.0397732 0.0649762 0.861157
1 0.7122 0.257146 0.0410649 0.0599315 0.8611
2 0.0376597 0.486101 0.0361225 0.058585 0.860599
2 0.268946 0.716827 0.0392655 0.0609382 0.860024
2 0.270623 0.346075 0.0383561 0.058336 0.85975
1 0.703611 0.0862759 0.0417742 0.0555467 0.859542
2 0.642792 0.702824 0.0376779 0.0650184 0.858975
2 0.0340093 0.656481 0.0335494 0.0592287 0.858908
2 0.765549 0.563169 0.0392521 0.0610232 0.858761
2 0.63433 0.38108 0.0370004 0.0618166 0.858092
2 0.727895 0.695489 0.0430976 0.0661861 0.857969
2 0.194093 0.534907 0.0327239 0.0613831 0.857874
2 0.751921 0.254792 0.037014 0.0573655 0.857642
2 0.0113655 0.430115 0.022731 0.0594442 0.857326
2 0.475921 0.71168 0.0470328 0.0643962 0.857166
2 0.968021 0.54261 0.0634268 0.0578351 0.857118
2 0.19432 0.473309 0.0333951 0.0641301 0.857045
2 0.197374 0.352771 0.0331472 0.060821 0.856996
1 0.70899 0.198951 0.0404474 0.0589222 0.856651
2 0.959523 0.368598 0.0658554 0.0636922 0.856467
2 0.668959 0.258162 0.0423124 0.0595482 0.855745
2 0.92099 0.669553 0.0385498 0.0637075 0.855198
2 0.230957 0.409245 0.0382042 0.0633649 0.854975
2 0.881538 0.675546 0.0417961 0.0669256 0.854934
2 0.816216 0.434482 0.0730622 0.0616666 0.854362
2 0.194047 0.596258 0.0319078 0.0608159 0.854278
2 0.523763 0.709 0.0478573 0.0620944 0.854057
1 0.741724 0.0855366 0.0385607 0.0552865 0.853556
1 0.0472993 0.266252 0.0347234 0.0583061 0.853414
2 0.636163 0.444828 0.037533 0.0619355 0.853072
2 0.899201 0.252071 0.0405464 0.055802 0.852909
2 0.905056 0.368967 0.0403793 0.0609202 0.852628
2 0.916987 0.546985 0.0399617 0.0615911 0.851925
1 0.234984 0.236555 0.037968 0.0617237 0.851787
2 0.769154 0.691352 0.0402769 0.0658764 0.85139
2 0.0101534 0.486438 0.0203068 0.0594829 0.851272
2 0.881805 0.740162 0.0426302 0.0678513 0.850677
2 0.00922826 0.598215 0.0184565 0.057317 0.849972
1 0.880777 0.0351727 0.0419209 0.0542972 0.849898
2 0.00869929 0.71181 0.0173986 0.0568339 0.849757
2 0.961994 0.429056 0.0654829 0.0566457 0.848958
1 0.202985 0.184124 0.0319864 0.0575097 0.848846
2 0.966288 0.486284 0.0646118 0.055943 0.847775
1 0.841965 0.0337066 0.0435337 0.0529337 0.846927
1 0.469647 0.152364 0.0425977 0.050318 0.846684
1 0.0148806 0.323134 0.0297612 0.0596025 0.846142
1 0.884623 0.0866645 0.0411956 0.0555008 0.845952
2 0.970618 0.664852 0.0587637 0.0653618 0.845946
1 0.0162558 0.269377 0.0323311 0.0614816 0.845387
1 0.930939 0.0391867 0.0642368 0.0585249 0.845147
2 0.914486 0.487605 0.0389843 0.0624547 0.84419
1 0.0446615 0.318585 0.0356258 0.0586222 0.843175
1 0.627254 0.198609 0.0353422 0.0620092 0.843142
2 0.903114 0.308947 0.0397058 0.0569244 0.842839
1 0.625713 0.143061 0.0358924 0.0530713 0.842362
2 0.858402 0.252776 0.0425455 0.0552817 0.83968
2 0.878427 0.553131 0.0395905 0.0615024 0.83883
2 0.0425817 0.373166 0.0363196 0.0596612 0.837883
2 0.631877 0.319607 0.0358061 0.0611305 0.837247
2 0.755224 0.314476 0.0369933 0.0598077 0.835271
2 0.00879035 0.654609 0.0175807 0.0577595 0.834005
2 0.908724 0.427976 0.0390196 0.0606327 0.830832
1 0.0176519 0.218214 0.0340361 0.0571961 0.828807
2 0.770266 0.757715 0.0390165 0.0684361 0.827609
1 0.714488 0.316181 0.041092 0.0592562 0.824792
2 0.0398058 0.429237 0.0362903 0.0596734 0.824628
2 0.26985 0.405022 0.0396397 0.0632538 0.822014
0 0.879519 0.613117 0.0391161 0.0645396 0.819494
2 0.757308 0.376298 0.0369185 0.0625053 0.818647
1 0.199203 0.295772 0.0330587 0.0641271 0.818477
2 0.876843 0.491063 0.0386838 0.0653193 0.815966
2 0.629412 0.258171 0.0355963 0.0603623 0.813141
2 0.867078 0.371682 0.0391897 0.0644914 0.809772
2 0.871692 0.430507 0.0387946 0.0597574 0.808834
1 0.201674 0.238494 0.0324162 0.0611437 0.80486
2 0.0133766 0.375161 0.0267531 0.0589982 0.798127
2 0.271234 0.287607 0.0379357 0.0614674 0.755552
2 0.729984 0.768367 0.0431515 0.0746582 0.746916
2 0.00866716 0.770611 0.0173343 0.0592696 0.740404
2 0.726004 0.629362 0.0433641 0.0652405 0.737407
1 0.738313 0.0343225 0.0371872 0.0496361 0.714788
1 0.0347418 0.769734 0.034735 0.0565153 0.668453
2 0.921416 0.738294 0.036401 0.0764803 0.635281
2 0.684983 0.765948 0.0441027 0.0642448 0.594852
2 0.644099 0.770905 0.037976 0.0676323 0.571148
2 0.229952 0.795909 0.0394283 0.0942543 0.523264
