2 0.58206 0.514321 0.0775602 0.0640767 0.914815
1 0.79954 0.197082 0.0701182 0.0591776 0.912718
1 0.468999 0.0998753 0.0446604 0.0631026 0.907486
2 0.0840533 0.601831 0.0628359 0.0568075 0.905994
2 0.58064 0.451398 0.0758801 0.0644339 0.905926
1 0.571131 0.090768 0.0727447 0.0643928 0.905506
2 0.410591 0.465019 0.0777799 0.0629254 0.903828
2 0.347573 0.406675 0.0484829 0.0619803 0.903672
1 0.410247 0.109242 0.0734925 0.0632378 0.903637
1 0.152993 0.30759 0.0621255 0.0646421 0.903312
2 0.518439 0.393327 0.0469355 0.0595858 0.900926
1 0.514105 0.152707 0.0459534 0.0567164 0.900754
1 0.409743 0.222058 0.0760129 0.0593252 0.900599
2 0.347877 0.593017 0.0482827 0.0617267 0.900273
2 0.583849 0.57828 0.0775453 0.0657804 0.899585
1 0.515034 0.209872 0.0464235 0.0607737 0.899398
1 0.661761 0.0870463 0.0449569 0.0588146 0.899196
2 0.57936 0.38927 0.075698 0.0632529 0.898702
2 0.585091 0.642788 0.0774146 0.064564 0.897047
2 0.146746 0.659757 0.0639047 0.0594871 0.897012
2 0.520661 0.516561 0.0476699 0.0620447 0.896976
2 0.411641 0.588642 0.0788895 0.0640716 0.896688
2 0.088233 0.428681 0.0621289 0.061726 0.896001
1 0.796307 0.140453 0.0693859 0.0576835 0.894505
1 0.513152 0.096165 0.0454706 0.0621116 0.894475
2 0.57567 0.265438 0.0736172 0.0626047 0.894055
2 0.347941 0.468901 0.0484786 0.0626631 0.893466
1 0.854171 0.196097 0.045237 0.0601052 0.893245
2 0.083334 0.659828 0.0637807 0.0583529 0.89323
1 0.573743 0.205617 0.0730316 0.0606853 0.893073
1 0.940158 0.144182 0.0652708 0.0599294 0.892531
2 0.347758 0.530909 0.0482752 0.0615319 0.892453
1 0.722296 0.502688 0.0426344 0.0654308 0.892284
1 0.234809 0.239215 0.0391659 0.0622593 0.892044
1 0.72577 0.630056 0.0445345 0.0664854 0.891954
2 0.577797 0.328032 0.0751305 0.0610588 0.89195
2 0.19347 0.658972 0.0323187 0.060146 0.891641
2 0.268885 0.656979 0.0417876 0.061684 0.891547
1 0.744801 0.140612 0.0400164 0.0586588 0.891029
2 0.146369 0.599802 0.0634712 0.0593541 0.890645
2 0.411121 0.525679 0.078434 0.0648473 0.890634
2 0.0851444 0.544363 0.0632194 0.0582628 0.890538
2 0.67654 0.444799 0.0447642 0.0624163 0.890385
2 0.409965 0.40305 0.0774345 0.0622186 0.890163
2 0.679947 0.571386 0.0452526 0.0638451 0.890159
2 0.147344 0.541486 0.063516 0.0591178 0.889704
2 0.347306 0.346233 0.0480081 0.0612999 0.889599
2 0.03816 0.489465 0.0365438 0.058047 0.889436
2 0.306364 0.594126 0.0354371 0.0610502 0.888866
1 0.894117 0.196078 0.0433502 0.0605954 0.888806
2 0.412316 0.652191 0.0805084 0.0639782 0.888747
2 0.517105 0.331987 0.0459684 0.0601255 0.888621
2 0.413708 0.717021 0.0794447 0.0642826 0.88856
1 0.705778 0.141073 0.0440353 0.0579978 0.888406
2 0.230056 0.475706 0.0384215 0.0616204 0.888346
2 0.306413 0.532034 0.0353857 0.0622112 0.88823
2 0.0864722 0.487042 0.0628252 0.0599314 0.887902
2 0.678331 0.50739 0.0453238 0.0631533 0.887642
2 0.47439 0.584558 0.0483868 0.0668039 0.887614
2 0.516064 0.269426 0.0453127 0.0629964 0.887531
2 0.409824 0.279934 0.0758777 0.0610032 0.887462
1 0.23288 0.298326 0.0391548 0.0636463 0.8873
2 0.521913 0.580748 0.0478497 0.0643419 0.887186
2 0.637972 0.510628 0.0370022 0.0628861 0.887076
2 0.00956693 0.602206 0.0191339 0.0554665 0.8868
2 0.471045 0.336061 0.0461359 0.0607954 0.886766
1 0.720226 0.43956 0.041737 0.062283 0.886407
2 0.763434 0.50168 0.040247 0.0627327 0.885959
2 0.307192 0.347786 0.032861 0.059649 0.885862
2 0.681453 0.634498 0.044417 0.0655233 0.885757
1 0.308517 0.230406 0.0344543 0.0609772 0.885739
2 0.409642 0.34061 0.0764841 0.0633683 0.885411
2 0.522688 0.64473 0.0486754 0.0647695 0.885233
2 0.475354 0.64784 0.0474445 0.0650737 0.884919
1 0.34995 0.115065 0.0473746 0.0589853 0.884708
2 0.14697 0.720643 0.0629817 0.0615099 0.884621
1 0.349077 0.170632 0.0479885 0.0608309 0.884616
2 0.149267 0.423475 0.0639714 0.0634407 0.884368
2 0.269884 0.411063 0.040225 0.0629264 0.884366
2 0.470328 0.273733 0.0459988 0.0633311 0.884221
2 0.230893 0.414806 0.0380422 0.0619182 0.884069
2 0.519533 0.455217 0.0474592 0.0631367 0.883828
2 0.641535 0.63787 0.0376485 0.0625392 0.883648
2 0.147996 0.482575 0.0631986 0.0621684 0.883318
1 0.945122 0.198652 0.0648942 0.0592077 0.882968
1 0.348144 0.227343 0.0475349 0.0616883 0.882318
2 0.471837 0.397408 0.0472065 0.0616362 0.882289
2 0.67162 0.319908 0.0437594 0.0618921 0.882243
2 0.269562 0.472753 0.0400546 0.0619134 0.882209
2 0.63675 0.44822 0.0372499 0.0628836 0.882066
2 0.269116 0.719198 0.0408989 0.0617423 0.881999
2 0.767486 0.626527 0.0399096 0.0648717 0.881742
2 0.306115 0.656004 0.0356418 0.0612853 0.881473
2 0.823392 0.622253 0.0736897 0.06765 0.881409
2 0.0352423 0.658815 0.0344068 0.0581922 0.881236
1 0.74173 0.0846545 0.0384156 0.0561248 0.881188
1 0.850214 0.139762 0.0447672 0.0573921 0.881096
2 0.348229 0.655148 0.0492308 0.0612595 0.881007
2 0.812734 0.37595 0.0717453 0.0643148 0.880894
2 0.034806 0.715356 0.0334565 0.056251 0.880794
1 0.747705 0.198042 0.039383 0.0594659 0.880623
2 0.0103419 0.490316 0.0206839 0.0574273 0.880509
2 0.822122 0.560112 0.0742833 0.0626811 0.880437
2 0.0359111 0.601928 0.0348371 0.055856 0.880329
2 0.64322 0.704109 0.0381807 0.0699501 0.88021
1 0.275461 0.123452 0.0393974 0.0630068 0.880161
2 0.674205 0.382903 0.0439724 0.0629363 0.879932
2 0.196186 0.417536 0.0322843 0.0619597 0.879858
2 0.195048 0.478065 0.0326529 0.0621655 0.87982
2 0.229732 0.535719 0.0391738 0.0604617 0.879651
1 0.572648 0.149354 0.0730532 0.0571193 0.879484
1 0.236021 0.184172 0.0392862 0.0602725 0.879445
1 0.202782 0.18833 0.0326215 0.0585187 0.879416
2 0.683056 0.701681 0.043336 0.0698293 0.879214
2 0.765946 0.563484 0.0401016 0.0618525 0.879128
1 0.272599 0.2343 0.0399691 0.0639732 0.87912
2 0.63511 0.385361 0.0366461 0.0623429 0.879023
2 0.804245 0.254538 0.0710949 0.0575239 0.878898
2 0.880287 0.61391 0.0405785 0.0655384 0.87882
1 0.889518 0.139505 0.0435363 0.0591414 0.878477
2 0.229523 0.595992 0.0394177 0.0613983 0.878366
2 0.30655 0.46993 0.0346734 0.0620844 0.878362
1 0.238137 0.12895 0.0386258 0.0622123 0.878358
2 0.269187 0.533389 0.0405369 0.0607053 0.878072
1 0.666307 0.200288 0.0444991 0.06191 0.877984
1 0.199253 0.300694 0.0333331 0.0650137 0.877895
1 0.709064 0.198906 0.0430285 0.0594468 0.877746
2 0.473518 0.520979 0.0483251 0.064332 0.877142
1 0.310969 0.118242 0.0335618 0.0612824 0.877007
2 0.228963 0.65757 0.0397602 0.0616061 0.876988
2 0.306549 0.718384 0.035321 0.0609323 0.876903
1 0.664209 0.143205 0.0446165 0.0564241 0.876882
1 0.155486 0.251668 0.0620208 0.0673133 0.876744
2 0.761026 0.439436 0.0398412 0.0611329 0.875924
2 0.269085 0.595395 0.041532 0.0613498 0.875823
2 0.00987856 0.547073 0.0197571 0.0573418 0.875783
1 0.717656 0.378036 0.0422169 0.0625891 0.875766
1 0.792594 0.0850273 0.068574 0.0568369 0.875578
2 0.0117003 0.43435 0.0234006 0.058027 0.875401
2 0.306424 0.407849 0.0335475 0.0622204 0.875166
2 0.808275 0.313907 0.0711204 0.0609278 0.87514
2 0.724492 0.566554 0.0434738 0.0636432 0.875014
2 0.819931 0.497366 0.0740151 0.0658346 0.874966
2 0.640226 0.574924 0.0375368 0.0643273 0.874851
2 0.824411 0.683697 0.0729257 0.0696166 0.874832
2 0.472748 0.458806 0.0471454 0.0647381 0.874521
2 0.229513 0.719823 0.0405477 0.0623538 0.874517
1 0.712024 0.257162 0.042453 0.0597921 0.874301
1 0.100478 0.153369 0.062657 0.0673582 0.874155
2 0.899628 0.252865 0.0418793 0.0586792 0.874039
1 0.469932 0.213115 0.0454758 0.0624587 0.873965
2 0.347776 0.28591 0.0471192 0.0614919 0.873212
2 0.193464 0.597675 0.0334222 0.0601577 0.872854
1 0.703002 0.0859563 0.0440391 0.0573384 0.872496
1 0.93014 0.0383283 0.0645839 0.0596366 0.872463
1 0.623713 0.0883462 0.035989 0.06075 0.872125
2 0.586273 0.710192 0.0768126 0.0745267 0.871857
1 0.93523 0.0901008 0.0657436 0.0597149 0.871354
1 0.157759 0.196271 0.0611667 0.0605304 0.871323
1 0.309452 0.174311 0.034349 0.0600467 0.871173
2 0.0401624 0.43269 0.0366707 0.0590794 0.870984
2 0.0897081 0.373057 0.061644 0.0600626 0.870425
1 0.204261 0.13407 0.032313 0.0611699 0.870248
2 0.03697 0.546069 0.035782 0.0569294 0.870034
2 0.307994 0.288478 0.0331704 0.0609542 0.869857
2 0.858693 0.253586 0.0435836 0.0584113 0.86935
1 0.714668 0.316612 0.042188 0.0614354 0.869279
1 0.201045 0.241748 0.0326837 0.0603261 0.868925
1 0.627942 0.200133 0.0365106 0.0631142 0.868778
2 0.950243 0.253072 0.0645351 0.0563119 0.868746
2 0.878514 0.551947 0.0404639 0.0646533 0.868273
2 0.917254 0.548287 0.0404786 0.0655572 0.868181
2 0.271192 0.293139 0.0395518 0.0615286 0.868155
1 0.0531631 0.16274 0.0363296 0.0604041 0.868133
2 0.150896 0.364481 0.0623736 0.0632879 0.867844
2 0.270399 0.352124 0.0403649 0.0594824 0.867656
2 0.727562 0.698925 0.0464864 0.0726865 0.866454
1 0.626125 0.14337 0.0359619 0.054658 0.86597
1 0.0148917 0.325935 0.0297834 0.0628877 0.865662
2 0.755214 0.315261 0.0384712 0.061982 0.865449
1 0.0938734 0.263067 0.0629493 0.0619844 0.865371
2 0.348759 0.718153 0.0492546 0.0597982 0.865348
1 0.880404 0.0333301 0.0420666 0.0563308 0.865267
2 0.197624 0.358512 0.0316851 0.0621803 0.865164
2 0.66921 0.259248 0.0438761 0.059477 0.863528
2 0.919163 0.609477 0.0398352 0.0656752 0.863425
1 0.410144 0.164262 0.0739837 0.0630519 0.863266
2 0.0838158 0.71852 0.0640092 0.0585316 0.863182
2 0.816053 0.436242 0.0745346 0.063266 0.863043
2 0.00917823 0.65817 0.0183565 0.0570855 0.862764
1 0.84595 0.0846595 0.0439457 0.0567891 0.862097
1 0.273856 0.178436 0.040376 0.0583125 0.861925
1 0.0502152 0.215538 0.036166 0.0585499 0.861721
1 0.0183039 0.220294 0.0345457 0.0576008 0.861414
2 0.866883 0.372305 0.0396624 0.0631941 0.861401
1 0.0967393 0.208803 0.0625646 0.0648337 0.861253
2 0.231649 0.355431 0.0381352 0.0606657 0.861148
1 0.159598 0.142309 0.060458 0.0639314 0.861099
2 0.95414 0.308378 0.064798 0.0568009 0.860129
2 0.757568 0.377416 0.0387019 0.0638323 0.859992
1 0.469571 0.156353 0.0447856 0.0572647 0.859532
1 0.0211887 0.16851 0.0352783 0.0635226 0.859257
2 0.0126416 0.379578 0.0252832 0.0585459 0.859255
2 0.194453 0.538315 0.0332991 0.059988 0.859207
2 0.629988 0.261005 0.0367661 0.0602181 0.859123
2 0.862001 0.311937 0.0406926 0.0587202 0.859
1 0.0164196 0.270039 0.0326492 0.05951 0.858814
2 0.47646 0.713043 0.0468628 0.0671334 0.858596
2 0.881205 0.676245 0.0418285 0.0689664 0.858084
1 0.885108 0.0848403 0.0423668 0.0580086 0.857318
2 0.193868 0.720267 0.0323453 0.0605733 0.85688
2 0.921973 0.669798 0.0395974 0.0670591 0.855896
2 0.957436 0.368062 0.0634811 0.0629202 0.855869
1 0.0444644 0.322585 0.0359112 0.0619487 0.855492
2 0.913951 0.486217 0.0408275 0.0630769 0.855481
2 0.00906863 0.714545 0.0181373 0.0550621 0.854245
2 0.23055 0.801667 0.0405978 0.0937165 0.853564
2 0.905346 0.369602 0.0417194 0.0614431 0.853395
2 0.960267 0.427961 0.0623459 0.0567951 0.8533
2 0.632572 0.323 0.0362347 0.0630039 0.852426
2 0.769315 0.691565 0.0398052 0.0680708 0.852394
1 0.842393 0.0324929 0.0424321 0.055732 0.851815
2 0.042411 0.376113 0.0360624 0.0600137 0.850281
1 0.0917436 0.317089 0.0617828 0.0590726 0.848374
2 0.909245 0.427971 0.0402641 0.0581573 0.846555
1 0.0471021 0.268119 0.0353324 0.0600934 0.846425
2 0.751744 0.255586 0.0386127 0.0595916 0.845111
2 0.902623 0.310375 0.0415254 0.0588277 0.844518
2 0.871614 0.4305 0.0389065 0.0581995 0.840743
2 0.875781 0.489919 0.0403256 0.0649694 0.839872
2 0.966067 0.485232 0.0656008 0.0595007 0.839579
2 0.524017 0.709628 0.0487216 0.0653026 0.836109
2 0.967961 0.544285 0.0632797 0.0610321 0.83028
1 0.035172 0.771444 0.0337691 0.0570516 0.783101
2 0.00907617 0.774205 0.0181523 0.0607089 0.778067
2 0.825663 0.756491 0.0715288 0.0877428 0.777925
2 0.969591 0.603486 0.0608183 0.0653452 0.768846
2 0.970753 0.664086 0.0583676 0.0679445 0.767837
2 0.881651 0.737618 0.0420391 0.0627013 0.766744
2 0.727916 0.763028 0.0463142 0.0594794 0.741613
2 0.770342 0.757189 0.0380543 0.0611487 0.741019
1 0.349068 0.766878 0.0484469 0.0373337 0.729202
1 0.00390003 0.173617 0.00759843 0.0569932 0.648103
1 0.306933 0.763225 0.0343754 0.0290694 0.632911
1 0.789085 0.0349591 0.0685359 0.0516082 0.580145
2 0.19447 0.785576 0.0324246 0.0631256 0.535552
