1 0.66286 0.0875294 0.0450749 0.057242 0.909608
1 0.469556 0.09851 0.0444856 0.0608955 0.909456
1 0.571653 0.0910868 0.0724026 0.0629845 0.908787
1 0.513905 0.0957735 0.0445409 0.0603227 0.898858
1 0.797754 0.141266 0.0697944 0.0571507 0.897534
1 0.349569 0.169015 0.0470205 0.0570385 0.89673
1 0.745894 0.141453 0.0403282 0.0573146 0.89614
1 0.515882 0.208628 0.0457974 0.06073 0.895688
1 0.704526 0.0864312 0.0442043 0.0560522 0.893554
1 0.851561 0.140864 0.0448333 0.0560294 0.892233
1 0.885856 0.0866884 0.043452 0.0544498 0.891757
1 0.800785 0.198766 0.0702506 0.0583682 0.891734
1 0.514913 0.151518 0.0451088 0.0549044 0.891423
1 0.410208 0.107602 0.0738432 0.0637036 0.890781
1 0.89081 0.141382 0.0440691 0.0561236 0.890056
1 0.942072 0.146174 0.0665983 0.0586672 0.887807
1 0.573151 0.148501 0.0717028 0.0581601 0.886377
1 0.742755 0.0857638 0.0395472 0.0545471 0.885533
1 0.937883 0.0919989 0.0682764 0.0585068 0.885198
1 0.707246 0.142081 0.0448101 0.0564976 0.884469
1 0.664891 0.143134 0.0444114 0.0539341 0.880608
1 0.84697 0.0858411 0.0436793 0.0535506 0.87993
1 0.793824 0.085738 0.0690168 0.0539337 0.879173
1 0.350184 0.11216 0.0463468 0.058488 0.878998
1 0.574227 0.204962 0.0722734 0.0640778 0.878715
1 0.349162 0.226626 0.0468935 0.0588627 0.878334
1 0.944983 0.200646 0.0639594 0.0574865 0.878249
1 0.749503 0.199077 0.040178 0.0586437 0.8766
1 0.27661 0.119702 0.0406892 0.0635221 0.875197
1 0.624447 0.0881732 0.0359997 0.0595323 0.874764
1 0.0974586 0.207316 0.062777 0.0624669 0.873968
1 0.311481 0.1154 0.0339153 0.0611624 0.873212
1 0.238944 0.125154 0.0383038 0.0640883 0.871221
1 0.470269 0.154708 0.0446608 0.0547499 0.869904
1 0.470767 0.211521 0.0456803 0.0615674 0.869902
1 0.894913 0.198263 0.0428961 0.0585565 0.867443
1 0.409844 0.220945 0.0745376 0.0578134 0.867336
1 0.709188 0.199798 0.0454699 0.0582537 0.866443
1 0.410052 0.163766 0.0741585 0.0619474 0.866338
1 0.8554 0.198096 0.0457195 0.0582357 0.866329
1 0.626333 0.142959 0.0358829 0.0526259 0.865981
1 0.158677 0.19489 0.0622308 0.0616372 0.86477
1 0.932186 0.0384925 0.0691227 0.0587419 0.864673
1 0.666498 0.199732 0.0441559 0.060656 0.864108
1 0.309941 0.228635 0.0330931 0.0594517 0.86322
1 0.205125 0.130455 0.0329699 0.0619658 0.863219
1 0.237255 0.181331 0.038717 0.0554116 0.861897
1 0.27384 0.228558 0.0404241 0.0566048 0.860537
1 0.310784 0.171537 0.0335908 0.0566524 0.858939
1 0.881943 0.0348303 0.0417835 0.0548567 0.85674
1 0.842941 0.0319038 0.0435354 0.0566891 0.852337
1 0.203521 0.184322 0.0332713 0.0539245 0.851766
1 0.274775 0.175141 0.0402872 0.0548595 0.842962
1 0.627824 0.199191 0.0366459 0.0607971 0.83093
1 0.0538385 0.159783 0.0363133 0.0594764 0.828909
1 0.790454 0.0330308 0.0684952 0.055312 0.825924
1 0.0214453 0.163712 0.0363714 0.059449 0.819973
1 0.0193348 0.217242 0.0360089 0.0526891 0.812474
1 0.16002 0.138023 0.062084 0.0651036 0.811579
1 0.235374 0.232705 0.0390602 0.0511259 0.798807
1 0.0520322 0.210504 0.0376366 0.058514 0.75232
1 0.099885 0.147952 0.0624438 0.0700557 0.742298
1 0.410509 0.487824 0.0773932 0.480087 0.630911
1 0.201895 0.236555 0.0310415 0.0490497 0.593494
1 0.576078 0.481638 0.0740527 0.497155 0.580045
1 0.0164552 0.477585 0.0329103 0.484655 0.564721
1 0.0168076 0.565604 0.0336152 0.694266 0.51894
1 0.0172034 0.391603 0.0344068 0.308016 0.51786
