0 0.47263 0.6785 0.0530832 0.0727898 0.920007
0 0.323782 0.613023 0.0541838 0.0713018 0.919115
0 0.27511 0.685137 0.0386905 0.0673174 0.919052
1 0.518443 0.101449 0.0512569 0.0668252 0.918902
1 0.586587 0.0974265 0.0841516 0.0678065 0.911639
0 0.527772 0.674784 0.0540232 0.0730914 0.910395
0 0.398223 0.683305 0.0923057 0.0694206 0.91017
1 0.519695 0.168814 0.0513411 0.071433 0.910123
1 0.51744 0.0351199 0.0518208 0.0681237 0.909976
0 0.599153 0.596148 0.087817 0.0743345 0.909905
0 0.324581 0.683068 0.0561468 0.0650259 0.909836
1 0.588067 0.164198 0.0835806 0.070635 0.908124
0 0.60077 0.672437 0.0879345 0.0738845 0.906831
0 0.087514 0.691339 0.0734283 0.065948 0.906278
1 0.396244 0.180065 0.0869876 0.0689837 0.906157
0 0.666821 0.666222 0.0419555 0.0702099 0.905324
0 0.275374 0.61354 0.0393558 0.0710842 0.904593
0 0.231308 0.686883 0.045566 0.0692525 0.904358
2 0.396851 0.463014 0.0903493 0.0726936 0.903816
1 0.465966 0.0385939 0.0497773 0.0705214 0.902037
0 0.0877882 0.621551 0.0733346 0.0645262 0.901152
2 0.231629 0.542841 0.0473833 0.0733229 0.900509
0 0.526398 0.598897 0.053896 0.0745157 0.900188
0 0.712762 0.588041 0.0510599 0.0730117 0.900164
1 0.0327865 0.164736 0.0654864 0.076397 0.898559
2 0.471393 0.527918 0.0537214 0.0752353 0.89773
0 0.184845 0.61641 0.0441156 0.0695238 0.897499
1 0.849685 0.0871873 0.0825305 0.0657862 0.89617
2 0.396865 0.390053 0.0896508 0.0715615 0.896169
2 0.704602 0.367435 0.0481407 0.0701261 0.896006
0 0.812819 0.580156 0.044995 0.0688379 0.895935
0 0.185087 0.688304 0.0443157 0.0693031 0.895733
1 0.279932 0.0575869 0.0375074 0.0707756 0.895568
1 0.585335 0.033068 0.0848093 0.0661359 0.895528
2 0.602018 0.752609 0.0866625 0.0845305 0.894982
2 0.323441 0.540045 0.0545093 0.0729474 0.89495
2 0.323352 0.395402 0.054093 0.0728501 0.894799
0 0.714676 0.663212 0.0503031 0.0702207 0.894431
2 0.469925 0.455616 0.0537913 0.074685 0.893666
2 0.0871886 0.762951 0.0739102 0.0703515 0.893409
2 0.275222 0.398713 0.0377176 0.0723628 0.893007
0 0.397737 0.609552 0.0911426 0.0750098 0.892905
2 0.525392 0.523998 0.0532982 0.0756455 0.892865
2 0.275058 0.469478 0.0387634 0.0693916 0.892783
2 0.597159 0.520772 0.0874266 0.0739916 0.892727
2 0.59032 0.232149 0.0846012 0.0670166 0.892693
1 0.91697 0.152677 0.0508175 0.0678839 0.892667
2 0.186071 0.475444 0.0446555 0.0708415 0.892395
2 0.396688 0.318842 0.0887885 0.0685366 0.892268
2 0.0260574 0.555578 0.0521016 0.0686816 0.892087
2 0.593904 0.374984 0.0869024 0.0714425 0.892017
2 0.0267741 0.486923 0.0533327 0.0694749 0.891882
1 0.0979796 0.210826 0.0715082 0.0812856 0.891737
2 0.32328 0.467609 0.054729 0.0721587 0.891722
1 0.912871 0.0868399 0.0518806 0.0654192 0.891447
1 0.761506 0.509567 0.0485975 0.073846 0.891325
1 0.845048 0.0275967 0.0815456 0.0551933 0.891195
1 0.854065 0.15379 0.0824203 0.0677628 0.890464
1 0.767242 0.65825 0.0493904 0.0760086 0.890288
2 0.814966 0.65369 0.0447067 0.0747805 0.889528
1 0.39604 0.115803 0.087185 0.0676343 0.888652
2 0.396167 0.248527 0.0881565 0.06822 0.888525
1 0.103214 0.0864947 0.0710494 0.0752159 0.888372
1 0.324607 0.0529948 0.0508992 0.0708088 0.888141
1 0.78867 0.088141 0.0463805 0.0660945 0.887985
2 0.595522 0.447275 0.0875235 0.0696901 0.887587
1 0.395787 0.0480925 0.0872312 0.0703903 0.88751
0 0.87885 0.574753 0.0868511 0.0727855 0.887328
1 0.466816 0.172139 0.0503677 0.0744365 0.887304
2 0.397703 0.535546 0.091681 0.0738425 0.886828
2 0.0902032 0.482 0.0739048 0.0710751 0.886618
2 0.523878 0.451505 0.0527723 0.0737899 0.885289
1 0.236179 0.193373 0.0463046 0.0728397 0.885154
2 0.400037 0.763498 0.0899661 0.0835991 0.885037
0 0.143643 0.689138 0.0362699 0.0680011 0.884879
1 0.324227 0.187828 0.0514194 0.0700119 0.884401
1 0.959179 0.0873376 0.0492852 0.0654964 0.884347
2 0.522519 0.378971 0.0530491 0.0710594 0.884324
2 0.275888 0.327004 0.0370684 0.0671787 0.884059
2 0.468509 0.312489 0.0515135 0.0714245 0.884051
2 0.872154 0.429872 0.0881797 0.0678854 0.883907
2 0.469121 0.384593 0.0522228 0.0715028 0.883854
2 0.231318 0.762128 0.044776 0.0751072 0.883214
2 0.592579 0.303162 0.08619 0.0716836 0.88312
2 0.185429 0.763337 0.0449487 0.0754609 0.882883
1 0.908352 0.0268934 0.0511166 0.0537868 0.882614
2 0.521851 0.307288 0.0523894 0.0715632 0.882495
2 0.668123 0.74021 0.0425913 0.0779057 0.88242
2 0.809855 0.507696 0.0442864 0.0711214 0.882389
1 0.792889 0.154453 0.0442193 0.0690484 0.881758
2 0.187006 0.404927 0.0446097 0.0711084 0.881703
2 0.70792 0.441215 0.049126 0.070061 0.881411
2 0.231522 0.615125 0.0470076 0.071281 0.881178
2 0.661202 0.44356 0.0401162 0.0705438 0.880466
2 0.0276066 0.42034 0.0551256 0.0697158 0.879996
2 0.143784 0.548669 0.0374757 0.0727653 0.879632
1 0.0315048 0.22528 0.0627502 0.0712016 0.879137
2 0.323618 0.323885 0.0541261 0.0688816 0.879049
2 0.144948 0.478364 0.0368324 0.0708267 0.878989
2 0.0915175 0.413804 0.0730358 0.0717902 0.878983
1 0.693875 0.0904593 0.0509027 0.0669142 0.878827
2 0.85884 0.219678 0.080449 0.062963 0.878235
1 0.23903 0.062757 0.0444259 0.0720919 0.877766
2 0.0283067 0.354194 0.0565453 0.0696618 0.8777
1 0.954025 0.0273505 0.0499809 0.054701 0.87768
2 0.662654 0.516559 0.0411701 0.0695785 0.876673
1 0.100748 0.149198 0.0715932 0.0710371 0.876404
2 0.232221 0.471993 0.0461214 0.0704363 0.876114
2 0.520846 0.236422 0.0505373 0.0684667 0.875852
1 0.324506 0.120928 0.0511957 0.0696652 0.875516
1 0.279338 0.125017 0.0385364 0.0700014 0.875489
1 0.466177 0.104265 0.0494348 0.0628224 0.874944
1 0.743917 0.0888909 0.0500467 0.0661191 0.874787
1 0.191779 0.200085 0.0450853 0.0751168 0.874185
2 0.653864 0.228116 0.0403785 0.0678625 0.874022
2 0.188385 0.335595 0.0445528 0.0700656 0.873487
2 0.185314 0.545525 0.0453293 0.0733406 0.873466
2 0.861954 0.287845 0.0815247 0.0684449 0.873064
2 0.949158 0.714784 0.0463161 0.0741549 0.872946
1 0.237427 0.127772 0.0455954 0.0665391 0.872918
1 0.278689 0.192128 0.0385199 0.0689122 0.872478
1 0.648867 0.0903162 0.0416239 0.0631978 0.872416
2 0.715994 0.738686 0.0488091 0.0758412 0.871639
2 0.467599 0.242408 0.0507605 0.0690007 0.871178
2 0.473262 0.754191 0.0540855 0.0733161 0.871089
2 0.699687 0.225685 0.0484834 0.0685131 0.871054
2 0.922707 0.217506 0.0484855 0.0635856 0.8706
2 0.277231 0.258041 0.0367042 0.0671066 0.870425
2 0.0928335 0.346342 0.0725288 0.068339 0.870147
0 0.880817 0.649379 0.0851534 0.074568 0.86959
2 0.324147 0.256149 0.0523115 0.0692203 0.869578
1 0.764237 0.584769 0.0497471 0.0736501 0.869077
1 0.690794 0.0291386 0.0492139 0.0582772 0.86894
2 0.233301 0.331278 0.0446558 0.0697174 0.868701
2 0.232579 0.401027 0.0456114 0.0689078 0.868355
1 0.195388 0.0700005 0.0436187 0.0705816 0.868301
2 0.143658 0.76355 0.0361359 0.0733542 0.868226
2 0.0950007 0.2784 0.071736 0.0729916 0.868219
1 0.65076 0.157498 0.0419888 0.0738166 0.868021
1 0.0338764 0.105535 0.0674428 0.0690378 0.867878
1 0.696176 0.157793 0.0493715 0.0715062 0.867734
2 0.876222 0.502104 0.0877651 0.0738864 0.866282
1 0.156242 0.0746304 0.0362095 0.0716686 0.866097
2 0.796565 0.221831 0.0425883 0.0672294 0.86566
1 0.193679 0.135266 0.0451229 0.0707074 0.865391
2 0.702051 0.295764 0.0482802 0.0689519 0.865271
2 0.147474 0.33915 0.0351594 0.0688744 0.865204
2 0.866481 0.360911 0.0811133 0.0716546 0.864619
2 0.146285 0.407161 0.0357932 0.0703744 0.864402
2 0.234813 0.261154 0.0447316 0.0711988 0.863594
2 0.0294107 0.288702 0.0586646 0.0685143 0.863018
1 0.646756 0.030086 0.041052 0.060172 0.862819
1 0.9636 0.152517 0.0486626 0.0684448 0.86228
1 0.152181 0.202933 0.0370437 0.074711 0.862279
2 0.974583 0.284438 0.0465573 0.0679084 0.86213
1 0.755627 0.364961 0.0469122 0.0718313 0.859938
2 0.190077 0.266796 0.0432607 0.0712124 0.859771
1 0.750441 0.222835 0.0489162 0.0689175 0.85957
2 0.816928 0.730161 0.0442455 0.075252 0.85918
2 0.882039 0.721008 0.0845252 0.0749348 0.858503
2 0.0249234 0.762443 0.0489526 0.0692476 0.858437
2 0.710081 0.513585 0.0496628 0.0692523 0.858414
2 0.806543 0.434444 0.0430549 0.0656412 0.858347
1 0.759015 0.437242 0.04702 0.0707075 0.856567
2 0.799739 0.290669 0.0411365 0.0680822 0.855785
2 0.658592 0.36993 0.0411709 0.0701482 0.855301
1 0.746853 0.155589 0.0483515 0.0677402 0.854856
2 0.970071 0.217744 0.0459738 0.0646757 0.853654
2 0.664885 0.591024 0.0421942 0.0738335 0.853266
0 0.947777 0.642362 0.0469936 0.0706694 0.853209
2 0.926745 0.284897 0.0469887 0.0673053 0.851404
1 0.785502 0.027016 0.04406 0.0540321 0.851067
2 0.471913 0.60317 0.0536327 0.0756548 0.850923
2 0.149004 0.269954 0.0357673 0.0701066 0.849241
2 0.941933 0.49611 0.0436539 0.0715136 0.848673
2 0.98132 0.493336 0.0373596 0.0708017 0.848336
2 0.0886885 0.551524 0.0737095 0.0712918 0.847978
2 0.656442 0.298003 0.0402767 0.0691709 0.845094
1 0.153888 0.138792 0.0374923 0.0687432 0.843175
1 0.740337 0.0276895 0.0497023 0.0553789 0.840442
2 0.931844 0.355592 0.0442885 0.070385 0.83946
1 0.987454 0.0305761 0.0250917 0.059409 0.834956
2 0.977221 0.354563 0.0441024 0.0692763 0.834381
0 0.983871 0.564083 0.0322585 0.0707169 0.82823
2 0.937678 0.424678 0.0404807 0.0641545 0.826985
2 0.275116 0.540915 0.0396313 0.0728477 0.82519
1 0.992792 0.153981 0.0144163 0.0666075 0.825095
0 0.986816 0.635568 0.0263672 0.0700855 0.824311
2 0.979646 0.423962 0.040279 0.0652338 0.824195
1 0.989569 0.0897428 0.0208622 0.0649508 0.821276
2 0.753606 0.292969 0.049014 0.0700734 0.818865
0 0.946021 0.56865 0.0471483 0.071439 0.816904
2 0.0251917 0.625213 0.0503771 0.0665931 0.804346
2 0.528935 0.754417 0.0542508 0.0802811 0.804194
2 0.0246359 0.693457 0.04923 0.0660686 0.786878
2 0.144159 0.844639 0.0359411 0.0760273 0.784947
2 0.802418 0.362827 0.0400973 0.0710411 0.777307
2 0.948786 0.786518 0.0489987 0.0633212 0.769388
1 0.328217 0.774289 0.0631679 0.113379 0.76449
2 0.881385 0.814987 0.0836849 0.0993694 0.744262
2 0.275056 0.762639 0.0378842 0.0804234 0.737504
1 0.987496 0.815245 0.024794 0.140787 0.734654
2 0.0248904 0.817288 0.0497563 0.0401653 0.711174
2 0.987388 0.706845 0.0252238 0.073887 0.689314
2 0.818343 0.817932 0.0422197 0.0862599 0.673306
2 0.948835 0.800186 0.0489832 0.0943609 0.665761
1 0.186106 0.846269 0.0443224 0.0771266 0.662253
2 0.9955 0.218639 0.00821259 0.0671162 0.63548
1 0.473693 0.806722 0.0524267 0.0275957 0.5936
1 0.768232 0.739269 0.0491806 0.0827123 0.562357
2 0.143496 0.619749 0.0373981 0.0669597 0.55505
1 0.0868565 0.819781 0.0742304 0.0349242 0.513853
