2 0.582437 0.51348 0.0761772 0.0640015 0.905039
2 0.146687 0.718984 0.0641527 0.0609344 0.904249
2 0.519929 0.454001 0.046814 0.0617328 0.900876
2 0.146865 0.657589 0.0643179 0.0598135 0.900283
2 0.585194 0.642044 0.0763765 0.0641507 0.899394
2 0.147355 0.597879 0.0641603 0.0599741 0.8993
2 0.413631 0.716074 0.0800892 0.0649996 0.898828
2 0.583922 0.578233 0.076612 0.0649331 0.896993
2 0.410912 0.399577 0.0766052 0.061882 0.896751
1 0.571434 0.0910323 0.0730499 0.0621033 0.896033
2 0.580806 0.449917 0.0747059 0.0626333 0.894917
2 0.147854 0.538469 0.0643099 0.0589121 0.894224
1 0.410267 0.33938 0.0756479 0.0584031 0.893226
2 0.805326 0.254899 0.0703574 0.0562537 0.892561
1 0.153819 0.305243 0.0601844 0.0620634 0.891576
2 0.305771 0.59264 0.0349748 0.062022 0.890623
2 0.0878993 0.425507 0.0631029 0.0603173 0.890264
2 0.347362 0.591271 0.0474171 0.0629507 0.889755
2 0.641701 0.636711 0.0363406 0.0612438 0.889532
1 0.410003 0.223339 0.0745487 0.0578261 0.889514
2 0.410834 0.461789 0.0779347 0.0633522 0.889265
1 0.0927051 0.313699 0.0617167 0.0567675 0.888576
1 0.410166 0.10805 0.0746189 0.0601287 0.888419
1 0.797459 0.141158 0.0695507 0.0529759 0.888383
1 0.409923 0.281582 0.0748269 0.0566958 0.88833
2 0.579703 0.387612 0.0741441 0.0626697 0.887871
2 0.808955 0.313101 0.0701164 0.0559241 0.88776
2 0.084882 0.599136 0.062552 0.0580431 0.887587
1 0.517011 0.269424 0.0450024 0.0598787 0.887515
2 0.268791 0.654967 0.0405735 0.0620893 0.887389
2 0.0864715 0.483718 0.063798 0.0609283 0.887247
1 0.410215 0.163817 0.0740716 0.0612301 0.886776
1 0.348183 0.285637 0.0463647 0.0622826 0.886768
1 0.703732 0.0863597 0.0431899 0.0556868 0.886518
1 0.307783 0.348084 0.0340867 0.0625863 0.886409
2 0.148361 0.479809 0.0632163 0.0616832 0.886115
1 0.577604 0.326145 0.0732462 0.0599423 0.885897
2 0.34704 0.466641 0.0471353 0.0605968 0.885765
0 0.822178 0.558086 0.0739639 0.0604603 0.885688
1 0.664628 0.144458 0.043959 0.0563221 0.885638
2 0.347361 0.528743 0.0471494 0.0609609 0.885485
2 0.521005 0.516071 0.0468341 0.0617452 0.885377
2 0.410724 0.524182 0.078603 0.0636588 0.885336
1 0.574562 0.206454 0.0721226 0.0566541 0.88494
1 0.51594 0.21001 0.0450736 0.0594395 0.88483
1 0.514764 0.152966 0.0451166 0.0575054 0.884751
1 0.271476 0.349077 0.0401329 0.0619825 0.884644
2 0.229096 0.655586 0.040117 0.0618081 0.884402
1 0.937086 0.0922221 0.0668129 0.0582004 0.884226
1 0.794049 0.0862187 0.0685493 0.0536166 0.884078
2 0.680391 0.571223 0.0442936 0.061569 0.884013
2 0.586315 0.707978 0.0758825 0.0699836 0.884009
2 0.411207 0.588257 0.0789619 0.0637818 0.883969
2 0.768026 0.624957 0.0375067 0.0619841 0.883578
1 0.669716 0.260609 0.044199 0.0612854 0.8835
2 0.305802 0.653612 0.0354244 0.060244 0.883375
2 0.521959 0.580381 0.0464191 0.0647147 0.882972
2 0.269089 0.531943 0.0399501 0.0613378 0.882942
2 0.519025 0.391065 0.0461072 0.0615615 0.882399
1 0.742667 0.0863362 0.0385191 0.0541932 0.882117
1 0.469557 0.100114 0.0450258 0.0598054 0.88191
2 0.636646 0.447663 0.0362884 0.0594609 0.88136
2 0.0852839 0.541671 0.0634748 0.0583172 0.881171
2 0.412334 0.650983 0.0796841 0.0628559 0.881129
1 0.745486 0.141982 0.0406084 0.0560622 0.880777
2 0.522795 0.644909 0.0472512 0.0637362 0.880562
1 0.941399 0.146276 0.0646889 0.0533179 0.880427
1 0.347817 0.345451 0.0459802 0.0620142 0.880316
1 0.0973664 0.208248 0.0614479 0.057995 0.879842
2 0.474374 0.583907 0.0482206 0.0640689 0.879045
2 0.348462 0.718377 0.0492323 0.0642215 0.878892
2 0.230597 0.473027 0.0386031 0.0610092 0.878234
2 0.472217 0.394994 0.0458448 0.0611851 0.878139
1 0.518019 0.329103 0.045169 0.0599596 0.877825
2 0.229797 0.716999 0.0397978 0.061206 0.877537
1 0.671926 0.32009 0.0434069 0.0609267 0.877499
2 0.268905 0.593943 0.040459 0.0615241 0.877459
1 0.626783 0.144487 0.0370176 0.05486 0.877249
2 0.347477 0.405318 0.0469645 0.0598353 0.876933
2 0.193925 0.656963 0.0327453 0.0602215 0.876929
1 0.706608 0.143069 0.0438364 0.0566437 0.876818
1 0.632297 0.32081 0.0367641 0.0627995 0.876746
1 0.576006 0.266488 0.0720728 0.0560798 0.876678
2 0.0404698 0.429646 0.0357715 0.0575908 0.876594
2 0.638293 0.509833 0.0360844 0.0611318 0.876483
2 0.269154 0.71623 0.0405517 0.0610923 0.87618
2 0.229676 0.594658 0.0395659 0.0612875 0.876042
2 0.812479 0.372026 0.0713341 0.0606082 0.875967
1 0.719684 0.438844 0.0425952 0.0620699 0.875954
1 0.890563 0.143194 0.0426722 0.0551428 0.875877
2 0.475373 0.647196 0.0473227 0.0641776 0.87557
2 0.306087 0.53002 0.033985 0.0609995 0.875477
2 0.194523 0.718211 0.0330911 0.0606527 0.87547
2 0.269862 0.470655 0.0395918 0.0597591 0.87542
2 0.67862 0.507496 0.0440327 0.0619691 0.875409
2 0.306696 0.407196 0.0330022 0.0580641 0.874924
2 0.640278 0.573864 0.0367344 0.0627848 0.874625
2 0.270317 0.409369 0.0391458 0.0607267 0.874507
1 0.513756 0.0966178 0.0448513 0.0595868 0.874473
2 0.230012 0.533694 0.0388714 0.0613673 0.874405
2 0.34786 0.653659 0.0486244 0.0605339 0.874329
1 0.726315 0.628157 0.0435543 0.0624743 0.874231
1 0.850768 0.142643 0.0435054 0.0552726 0.873983
1 0.309498 0.231091 0.035769 0.0597496 0.873519
1 0.0951151 0.260995 0.0613293 0.0588197 0.873126
1 0.945362 0.199101 0.0640854 0.0522701 0.872739
2 0.0382417 0.486167 0.0355536 0.0577831 0.872342
1 0.348828 0.22754 0.0468072 0.0586313 0.871845
2 0.149751 0.420539 0.062639 0.0606153 0.871722
2 0.306357 0.467797 0.0330947 0.0596662 0.871577
1 0.666843 0.201323 0.0437905 0.0605142 0.871208
1 0.349517 0.170365 0.0474509 0.0621711 0.871195
1 0.662688 0.0869895 0.043274 0.0582626 0.870893
1 0.157943 0.196199 0.0596701 0.0542442 0.87067
2 0.473416 0.519927 0.0467764 0.0626217 0.870618
1 0.624015 0.0879918 0.0373413 0.0594758 0.87054
2 0.306742 0.717149 0.035178 0.0650146 0.870332
1 0.470774 0.213827 0.0450923 0.0611241 0.870163
2 0.231378 0.412378 0.0380001 0.061079 0.869896
2 0.76944 0.68951 0.0381114 0.0651585 0.869674
1 0.573149 0.148593 0.0728323 0.0553848 0.869658
1 0.235236 0.2377 0.0386152 0.0629269 0.869528
2 0.0371002 0.543578 0.0357621 0.0554085 0.869506
1 0.470001 0.156452 0.045696 0.0597054 0.869401
1 0.800999 0.197056 0.0697761 0.0551097 0.869241
2 0.230977 0.792672 0.039538 0.0872691 0.869138
2 0.900165 0.253234 0.0413452 0.0568395 0.868567
1 0.155733 0.249154 0.0605483 0.065576 0.868471
1 0.233904 0.294809 0.0385135 0.0620861 0.868369
2 0.682293 0.633852 0.0440382 0.06292 0.868102
1 0.748354 0.198656 0.0401863 0.0593893 0.868094
2 0.67432 0.382365 0.0432037 0.0625454 0.867789
2 0.676341 0.445126 0.0438133 0.0593643 0.8673
1 0.84685 0.0880852 0.0432955 0.0553886 0.867178
2 0.195294 0.476807 0.0325106 0.061133 0.866979
2 0.0101611 0.545029 0.0202989 0.0575037 0.866775
2 0.683514 0.699149 0.0435497 0.0661406 0.866508
2 0.766159 0.561559 0.0374918 0.059675 0.866393
1 0.30843 0.28786 0.0351379 0.0620895 0.866041
1 0.199358 0.298762 0.0317666 0.0622576 0.865587
1 0.722397 0.501695 0.0417995 0.0633356 0.865263
1 0.350325 0.113577 0.0475243 0.058469 0.864909
1 0.630677 0.260146 0.0371203 0.0604612 0.86484
2 0.0897874 0.368898 0.0623398 0.0592839 0.864799
1 0.273957 0.232615 0.0423445 0.0598887 0.864659
2 0.1965 0.416052 0.0316721 0.0592262 0.86454
2 0.151239 0.360971 0.0613146 0.0632032 0.864518
2 0.951645 0.252809 0.0663608 0.0521876 0.863855
2 0.19513 0.792539 0.032765 0.0855097 0.863014
2 0.19501 0.536511 0.0321196 0.0602888 0.862952
2 0.867286 0.369294 0.0418857 0.0606394 0.86233
2 0.473002 0.457351 0.0461628 0.0624362 0.862038
2 0.863356 0.310337 0.042426 0.0555417 0.861852
1 0.89481 0.197272 0.0430481 0.0558171 0.861545
2 0.634833 0.384185 0.0358414 0.0626325 0.860388
2 0.194281 0.596904 0.0320249 0.0592182 0.860313
1 0.0480603 0.265872 0.0364785 0.0587154 0.8603
2 0.0110163 0.488119 0.0220098 0.0585227 0.859423
1 0.886787 0.0894603 0.0419415 0.0543183 0.858485
1 0.709668 0.200512 0.0432386 0.0588865 0.858388
1 0.311018 0.117394 0.0341721 0.0614406 0.857081
2 0.860261 0.253266 0.0438869 0.0560738 0.856344
2 0.232351 0.352622 0.0378489 0.0587385 0.856114
1 0.855112 0.196957 0.0444558 0.0558868 0.855398
1 0.71469 0.317137 0.041731 0.059408 0.855327
2 0.476765 0.711372 0.0462773 0.0650122 0.85501
0 0.878873 0.553341 0.0395512 0.0611522 0.854855
2 0.197905 0.357124 0.0306649 0.0609445 0.853765
1 0.717232 0.377607 0.0424064 0.0607191 0.853251
1 0.0179794 0.218498 0.0328998 0.0495943 0.852615
2 0.642857 0.702874 0.0369869 0.0675446 0.851862
2 0.825712 0.762152 0.0709136 0.0903988 0.851844
2 0.5237 0.709914 0.0481161 0.0647539 0.851686
2 0.270441 0.776491 0.0405075 0.0549883 0.851392
2 0.955759 0.30714 0.0661587 0.0528767 0.850567
1 0.0164029 0.268298 0.0323153 0.0574057 0.850397
1 0.310037 0.174905 0.0357362 0.0616988 0.850292
2 0.0121476 0.432437 0.0242952 0.0561558 0.85021
1 0.0505058 0.215049 0.0356443 0.0518805 0.85005
2 0.0426719 0.373422 0.0346353 0.0589143 0.84992
2 0.0362015 0.600058 0.0357599 0.0567217 0.849487
2 0.752232 0.256305 0.0384859 0.0565851 0.84902
1 0.201214 0.241722 0.0326283 0.0587137 0.848778
2 0.761589 0.437587 0.0395773 0.0628529 0.848584
1 0.272476 0.289394 0.0410412 0.0620306 0.847927
1 0.471819 0.332901 0.0452861 0.060662 0.84777
2 0.307439 0.773292 0.0338444 0.0447711 0.847571
1 0.0456938 0.319805 0.0353338 0.0591383 0.846478
1 0.274703 0.177041 0.0410996 0.0581348 0.846393
2 0.763639 0.499726 0.0387464 0.060081 0.845525
2 0.958683 0.368608 0.0678589 0.0628271 0.84544
2 0.966083 0.486592 0.0648622 0.055163 0.844768
1 0.628646 0.200636 0.0375322 0.0602801 0.844311
2 0.724673 0.56523 0.0419375 0.0628646 0.843563
2 0.770728 0.765755 0.0373036 0.0793588 0.842456
2 0.824178 0.684701 0.0714446 0.0692407 0.839998
2 0.967732 0.543775 0.0628757 0.05859 0.838413
1 0.712647 0.258231 0.0417348 0.0588997 0.838132
2 0.962537 0.429924 0.0679046 0.0542018 0.837485
2 0.0846823 0.658138 0.061704 0.0589742 0.835691
2 0.727737 0.695531 0.0450173 0.0681376 0.834783
2 0.0130488 0.378767 0.0260977 0.0587424 0.834476
2 0.9035 0.310293 0.0405703 0.0558952 0.834173
2 0.757981 0.374361 0.0375721 0.060528 0.83346
2 0.684943 0.774614 0.0438261 0.0774302 0.83325
2 0.816711 0.435717 0.0713934 0.0644437 0.832597
1 0.0149271 0.324298 0.0298541 0.0622284 0.830089
1 0.471317 0.272777 0.0450993 0.0625212 0.822308
2 0.909663 0.429843 0.0392113 0.0583877 0.812859
2 0.906532 0.368845 0.0389759 0.0608718 0.807093
0 0.879694 0.614887 0.0388863 0.0595248 0.805484
2 0.882307 0.735544 0.041232 0.0579467 0.804622
2 0.0856831 0.716356 0.0585886 0.0556951 0.802964
0 0.919784 0.611283 0.0414736 0.061348 0.780348
0 0.875797 0.491938 0.0404434 0.0604556 0.774449
2 0.0853435 0.764957 0.0569393 0.0373352 0.773794
1 0.275213 0.120978 0.0401314 0.0590025 0.762199
0 0.823287 0.621459 0.073349 0.0654511 0.75453
2 0.914687 0.489143 0.0402931 0.0591857 0.747351
2 0.0095161 0.60042 0.0190322 0.0549781 0.746957
1 0.236645 0.181184 0.0374164 0.0642715 0.735653
2 0.00915285 0.655872 0.0183057 0.0549145 0.729447
0 0.969584 0.602676 0.0604343 0.0626456 0.729408
1 0.728905 0.770627 0.0422867 0.0749274 0.708432
2 0.754939 0.314313 0.0383667 0.0593407 0.698514
2 0.348618 0.771261 0.0478835 0.0422498 0.679431
1 0.202485 0.189874 0.0317317 0.0548041 0.679157
2 0.00882542 0.776118 0.0176508 0.0703233 0.676038
0 0.880737 0.676429 0.0407271 0.064503 0.669261
0 0.921497 0.669702 0.0391659 0.06062 0.652605
2 0.917565 0.548637 0.0397896 0.0621932 0.638417
0 0.971247 0.663151 0.0574899 0.0646701 0.59486
2 0.880467 0.675998 0.040786 0.0625721 0.587154
2 0.146311 0.768029 0.0641747 0.0334551 0.578511
0 0.91775 0.549583 0.0405873 0.0629275 0.562599
2 0.0357832 0.656191 0.0353991 0.0555404 0.551287
0 0.871225 0.431088 0.039592 0.0603127 0.548816
2 0.644121 0.75744 0.0361376 0.0356374 0.536322
0 0.819372 0.497472 0.0730371 0.0599051 0.514585
2 0.644098 0.750634 0.0356354 0.0219997 0.506005
2 0.00891409 0.71026 0.0178282 0.0541528 0.502766
