0 0.472504 0.678165 0.0531898 0.0740477 0.919572
2 0.396995 0.39051 0.089806 0.0738504 0.917252
0 0.527361 0.675562 0.0548548 0.0740841 0.912648
2 0.323217 0.611987 0.0553238 0.072827 0.912378
1 0.518089 0.100576 0.0530951 0.0669936 0.911159
2 0.704702 0.368038 0.0490584 0.0723798 0.908549
1 0.517385 0.0348214 0.053281 0.0692214 0.908403
1 0.587622 0.163042 0.0839538 0.070656 0.908396
1 0.586553 0.0971947 0.0839924 0.0714017 0.908147
2 0.52546 0.524921 0.0550711 0.0740153 0.907858
2 0.599288 0.597016 0.0885141 0.0752505 0.907454
0 0.398549 0.683652 0.0923244 0.0724469 0.906741
0 0.600631 0.671648 0.0885978 0.0753368 0.906084
0 0.714451 0.661714 0.0511292 0.0735968 0.905639
0 0.323522 0.685736 0.0552144 0.0719099 0.905608
2 0.396963 0.463928 0.0915146 0.0726388 0.90335
1 0.0328888 0.165665 0.0655294 0.0747493 0.90318
0 0.274978 0.685949 0.0400943 0.0690766 0.903168
0 0.231543 0.688225 0.045289 0.0697607 0.902945
1 0.465483 0.0377764 0.0515696 0.0712816 0.901251
2 0.601733 0.750122 0.0882189 0.0798769 0.900817
0 0.0873232 0.691013 0.0738539 0.0669184 0.899274
2 0.597322 0.521887 0.0882578 0.0753672 0.898782
1 0.0977133 0.212184 0.0718341 0.0786496 0.898097
2 0.323354 0.468668 0.0555149 0.0712146 0.897181
1 0.280204 0.058181 0.0385175 0.0714927 0.897041
2 0.18575 0.475573 0.0453855 0.0703197 0.896552
1 0.766108 0.658495 0.0492768 0.0763592 0.896178
1 0.32463 0.187586 0.0543006 0.0712561 0.895812
1 0.849258 0.0868545 0.0832587 0.0659831 0.89572
2 0.026135 0.555806 0.0522347 0.0706838 0.895694
2 0.275167 0.398336 0.0377474 0.0718504 0.895623
2 0.397483 0.534957 0.0914564 0.0733514 0.895607
1 0.466914 0.169769 0.0518788 0.0760936 0.89555
2 0.275153 0.541132 0.0394792 0.0722103 0.895401
2 0.323594 0.395884 0.0553927 0.0744358 0.895246
2 0.184909 0.545451 0.0455097 0.0727044 0.89488
2 0.882118 0.8208 0.0802723 0.117951 0.894801
2 0.522399 0.379694 0.0536978 0.0734601 0.894498
2 0.231583 0.542834 0.0474139 0.0736205 0.894444
2 0.593616 0.375634 0.0875527 0.0739379 0.894315
1 0.325414 0.0530556 0.0537403 0.0705555 0.893884
0 0.184929 0.688841 0.0457684 0.0693141 0.893782
1 0.912663 0.0864851 0.0525497 0.0651362 0.893459
2 0.39797 0.608946 0.0915419 0.0743088 0.892944
2 0.39678 0.318868 0.0887723 0.0692736 0.892759
2 0.0879056 0.552089 0.0739407 0.0719686 0.892647
1 0.395945 0.0473044 0.0862036 0.0713782 0.892531
1 0.853718 0.154094 0.0827228 0.0680511 0.892113
2 0.470937 0.528369 0.0539081 0.0746132 0.892049
2 0.0253675 0.624123 0.0507351 0.0681111 0.891998
2 0.23162 0.763338 0.0452268 0.0754823 0.891965
2 0.875461 0.503572 0.0859798 0.074767 0.89186
1 0.845103 0.0274906 0.0813309 0.0549811 0.891721
1 0.396671 0.180499 0.0874619 0.0679777 0.891293
2 0.274991 0.614007 0.0399733 0.0715133 0.891238
2 0.323429 0.539623 0.0550156 0.0717767 0.891221
0 0.666761 0.665525 0.0426626 0.0730073 0.890843
2 0.231603 0.615428 0.0472 0.0719303 0.890334
2 0.18499 0.617239 0.0457346 0.0711965 0.890273
2 0.589909 0.231742 0.0846201 0.0696125 0.890252
2 0.469058 0.38427 0.0532538 0.0726832 0.889786
2 0.0897063 0.48335 0.073914 0.0708927 0.889683
2 0.469985 0.456272 0.0540642 0.0754461 0.889527
2 0.0265674 0.487955 0.0530461 0.0669701 0.88911
1 0.916822 0.151962 0.0515835 0.0667409 0.888711
1 0.958713 0.0870159 0.0504955 0.0645958 0.888706
2 0.664767 0.590974 0.0428818 0.0743458 0.888586
2 0.323757 0.323997 0.0552575 0.0722126 0.888404
1 0.324921 0.120773 0.0549411 0.0719327 0.888402
2 0.595309 0.448141 0.0884249 0.0720912 0.88829
2 0.806078 0.434508 0.0450039 0.0687737 0.888196
2 0.523835 0.452232 0.0541256 0.0735893 0.888
1 0.278147 0.191346 0.039123 0.0707309 0.8875
1 0.100552 0.150572 0.0725146 0.074602 0.887384
1 0.584907 0.033054 0.0846031 0.066108 0.887369
2 0.71186 0.587127 0.0520517 0.0744216 0.887164
1 0.693392 0.0896614 0.0507881 0.0649131 0.887164
2 0.521611 0.307307 0.0532243 0.0717643 0.886515
1 0.39622 0.114701 0.0861004 0.06957 0.886396
1 0.103412 0.0864954 0.0713458 0.0776381 0.886118
2 0.471562 0.602697 0.0535982 0.0747824 0.88608
1 0.695593 0.156894 0.0494786 0.0739093 0.885938
1 0.908036 0.0266168 0.0514629 0.0532335 0.885905
2 0.0283728 0.35424 0.0566663 0.0673249 0.885855
2 0.814234 0.655433 0.0449302 0.0748044 0.885376
1 0.519765 0.167491 0.0524158 0.0723493 0.884972
1 0.236774 0.191655 0.0466876 0.0724861 0.884726
2 0.591831 0.302795 0.0861201 0.0724858 0.884397
2 0.275132 0.470148 0.0390122 0.0688821 0.88432
1 0.792414 0.154721 0.044985 0.0706324 0.884236
1 0.239105 0.0652154 0.0457222 0.0712595 0.884133
2 0.0247321 0.761278 0.0494466 0.0665262 0.883844
2 0.520773 0.236077 0.0521591 0.0694659 0.883635
1 0.954056 0.0273226 0.050708 0.0546453 0.883414
1 0.194875 0.0710652 0.0448329 0.0702825 0.883341
1 0.0310731 0.226598 0.0620965 0.0714864 0.883116
2 0.275598 0.326805 0.0372653 0.068556 0.882702
1 0.788288 0.0878526 0.046423 0.0650735 0.882511
1 0.191507 0.200454 0.0456055 0.0729394 0.882406
2 0.186921 0.404876 0.0456301 0.0725459 0.882038
1 0.743182 0.088929 0.0497131 0.0652762 0.881907
2 0.0871381 0.621534 0.0746027 0.0680893 0.881743
2 0.0277558 0.421097 0.0554156 0.0698182 0.881674
2 0.399406 0.758495 0.091729 0.0705273 0.881524
2 0.39663 0.248278 0.0888448 0.0699888 0.881462
2 0.802541 0.362311 0.041643 0.0729426 0.881451
2 0.947367 0.714772 0.0487404 0.076514 0.881317
2 0.468206 0.31248 0.0523089 0.0736986 0.879643
2 0.667937 0.741609 0.0424439 0.0776973 0.879316
1 0.278898 0.124458 0.0393048 0.0697575 0.878914
2 0.0913467 0.415182 0.0730999 0.0719886 0.878293
2 0.0870923 0.762132 0.0739841 0.068656 0.877918
1 0.156289 0.0750742 0.0372953 0.0717269 0.877448
1 0.0341699 0.10289 0.0673444 0.0734991 0.8771
2 0.232258 0.472404 0.0463828 0.0691776 0.876966
2 0.809144 0.507994 0.0454765 0.0721383 0.87642
2 0.861896 0.287954 0.0813818 0.0682751 0.876223
2 0.473194 0.754181 0.0533471 0.0732525 0.876187
2 0.858554 0.219929 0.0815403 0.0636051 0.876003
2 0.14322 0.548122 0.0383436 0.0722332 0.876001
2 0.70742 0.441321 0.0507189 0.0713198 0.87599
0 0.143181 0.689252 0.0363592 0.0677498 0.87579
2 0.143135 0.619012 0.0382204 0.0697261 0.875498
2 0.0927699 0.346976 0.0725069 0.0691479 0.874655
2 0.881331 0.721233 0.0824356 0.0748279 0.874516
1 0.760763 0.509227 0.0493751 0.073262 0.874478
2 0.653425 0.226291 0.0410342 0.0698542 0.874279
1 0.690615 0.0295669 0.0501537 0.0591338 0.874048
2 0.277004 0.257409 0.0370998 0.0683065 0.874015
2 0.922128 0.217716 0.0497563 0.0650229 0.873981
2 0.716143 0.739322 0.0516134 0.0752652 0.87346
2 0.232686 0.401598 0.0460059 0.0708568 0.873441
1 0.785293 0.0273603 0.0442093 0.0547207 0.873058
2 0.467461 0.241767 0.0517807 0.0695577 0.87292
2 0.879988 0.648694 0.0859016 0.0745108 0.872753
2 0.878353 0.576205 0.0875799 0.0702683 0.872634
2 0.660732 0.444227 0.0420337 0.0712955 0.872456
2 0.871673 0.430265 0.0854229 0.0682847 0.872178
1 0.193047 0.136741 0.0452869 0.0699858 0.871732
1 0.759005 0.436335 0.0476875 0.0721924 0.871692
1 0.755669 0.363971 0.0482139 0.0723039 0.871494
1 0.962888 0.151761 0.0487665 0.0676385 0.87054
2 0.0247031 0.692608 0.04937 0.0661296 0.869847
2 0.233387 0.331329 0.0448872 0.071004 0.869595
2 0.188446 0.335364 0.0452778 0.071126 0.869542
2 0.799702 0.290877 0.042052 0.0684392 0.869478
2 0.185094 0.763341 0.0460143 0.073868 0.868745
2 0.662586 0.517605 0.0426603 0.0724838 0.86863
1 0.650707 0.15604 0.0415447 0.0745346 0.868628
2 0.144665 0.477729 0.0375067 0.0720818 0.868604
2 0.324197 0.254751 0.0539742 0.0719577 0.868003
2 0.143319 0.763714 0.0365147 0.0729097 0.867993
2 0.699619 0.22474 0.0491724 0.07057 0.867719
2 0.816663 0.730498 0.0452268 0.0736961 0.86749
2 0.812038 0.58084 0.0446602 0.0683232 0.867374
2 0.0948069 0.27908 0.0718124 0.0728242 0.865508
2 0.752909 0.292372 0.0502495 0.0703935 0.865358
2 0.865422 0.360557 0.0810058 0.0735406 0.865294
2 0.528845 0.753012 0.0556152 0.0796354 0.865029
2 0.709875 0.514107 0.0517282 0.0718041 0.864724
1 0.648694 0.0892097 0.0419429 0.0623777 0.864447
1 0.151631 0.202899 0.0374331 0.0743275 0.86427
2 0.234677 0.260571 0.0446088 0.0718516 0.863704
2 0.702001 0.295201 0.0489714 0.070853 0.863455
2 0.324505 0.760083 0.0566998 0.0715564 0.862654
2 0.0293732 0.286713 0.0587463 0.0671355 0.862113
2 0.79651 0.222087 0.0435529 0.0674647 0.861354
2 0.147516 0.338828 0.0357744 0.0689103 0.860774
1 0.646621 0.0304828 0.0417511 0.0609657 0.860747
2 0.926085 0.285147 0.047715 0.0686305 0.859572
2 0.190033 0.266854 0.0436155 0.0719096 0.8593
1 0.466111 0.102523 0.0515155 0.0623566 0.858618
2 0.658525 0.370719 0.0423222 0.0719774 0.858357
2 0.944317 0.568686 0.0462101 0.0712337 0.85779
2 0.526212 0.599494 0.0554795 0.0744528 0.856831
0 0.946379 0.639353 0.0458311 0.0734935 0.855722
1 0.153422 0.139083 0.0379374 0.0670306 0.855669
1 0.2378 0.127884 0.046177 0.0660892 0.855199
2 0.149186 0.270135 0.0367062 0.0710947 0.855146
1 0.749838 0.222919 0.0494201 0.0697314 0.853847
1 0.746165 0.155289 0.0488245 0.0679503 0.853815
2 0.146269 0.406776 0.036121 0.0715105 0.851519
1 0.739794 0.0279856 0.0504102 0.0559713 0.851426
2 0.969223 0.217116 0.0461551 0.0663056 0.850273
2 0.93996 0.496541 0.0460609 0.0752876 0.84852
2 0.981444 0.492465 0.0371118 0.0706978 0.847485
2 0.935906 0.424914 0.044022 0.0654828 0.84623
2 0.656298 0.297446 0.0409023 0.0716348 0.844959
2 0.976879 0.353735 0.0445044 0.0719202 0.841965
2 0.974173 0.28361 0.0469105 0.0666054 0.841635
2 0.930887 0.355971 0.0451816 0.0710786 0.837289
1 0.987493 0.0306565 0.0250133 0.0583569 0.835842
2 0.948235 0.787066 0.0493389 0.068431 0.834781
2 0.143887 0.840951 0.0367086 0.0697807 0.829681
1 0.989583 0.0893964 0.0208343 0.0632368 0.825344
0 0.985656 0.633795 0.0286871 0.0718635 0.815954
2 0.979309 0.424421 0.0404917 0.0682853 0.812462
1 0.992559 0.153298 0.0148827 0.0675192 0.808508
2 0.98347 0.562974 0.0330597 0.0708015 0.761592
1 0.473831 0.807513 0.0520625 0.0297444 0.718033
2 0.995072 0.217944 0.00939051 0.0681163 0.716031
2 0.0249117 0.817122 0.0497837 0.0410163 0.695737
1 0.27516 0.813597 0.0380783 0.0262885 0.68203
2 0.986491 0.706519 0.0270175 0.0774447 0.675217
2 0.817688 0.804062 0.0446714 0.0659411 0.661904
2 0.275145 0.761186 0.0398081 0.0732247 0.653764
2 0.324296 0.824438 0.0582922 0.0544948 0.607005
1 0.768497 0.735384 0.0477902 0.073004 0.60619
1 0.186098 0.840305 0.0454041 0.0665546 0.568991
1 0.987408 0.819284 0.0251833 0.146089 0.536735
1 0.769085 0.793244 0.0468201 0.0387901 0.533023
1 0.763566 0.584048 0.0497829 0.0735778 0.524355
2 0.668388 0.797173 0.0417289 0.0329563 0.515701
