1 0.571601 0.0917243 0.072794 0.0633943 0.911447
2 0.580909 0.450056 0.0754202 0.0638347 0.905543
1 0.41039 0.108933 0.0748038 0.0653538 0.90449
2 0.579646 0.388151 0.0748585 0.0645612 0.903343
2 0.519959 0.453567 0.0470936 0.0626545 0.903117
1 0.469815 0.0997231 0.0446239 0.0633876 0.902748
0 0.52312 0.644679 0.0479719 0.0633511 0.902562
2 0.0862121 0.485148 0.0636021 0.0596526 0.901926
1 0.160758 0.139672 0.0608377 0.0676247 0.901207
2 0.0845198 0.600875 0.0628783 0.056449 0.901113
0 0.412734 0.650884 0.0782147 0.0634224 0.900923
2 0.347719 0.591392 0.049247 0.0625623 0.900131
0 0.585187 0.6417 0.0758348 0.0648509 0.899449
1 0.515669 0.209682 0.0455649 0.0614052 0.898972
2 0.51655 0.269204 0.0457292 0.0624288 0.898695
2 0.0873303 0.426561 0.0629814 0.0591131 0.898451
1 0.513862 0.0965698 0.0451004 0.0618982 0.898385
2 0.582615 0.513239 0.0764616 0.0641429 0.89808
1 0.153746 0.306738 0.0606064 0.0628422 0.897886
2 0.0838006 0.660024 0.0642385 0.0577187 0.897192
2 0.583891 0.577109 0.0768526 0.0648524 0.896893
2 0.518874 0.39165 0.0466755 0.0629566 0.896646
2 0.30591 0.592947 0.0347681 0.0614349 0.89591
1 0.797526 0.141482 0.070801 0.058951 0.895693
2 0.728394 0.698087 0.044388 0.0718772 0.895643
0 0.475684 0.647043 0.046382 0.0631387 0.895425
1 0.662527 0.0887536 0.0444138 0.0591254 0.895085
2 0.683836 0.700761 0.0442905 0.0688529 0.894938
2 0.347158 0.468025 0.0480588 0.0616218 0.894894
1 0.723103 0.502994 0.0433607 0.0666692 0.894487
2 0.586477 0.707141 0.0770544 0.066894 0.894476
2 0.347506 0.529235 0.0487667 0.062815 0.894257
1 0.410616 0.220971 0.0760063 0.0580245 0.894243
2 0.41077 0.463846 0.0788356 0.0622999 0.894013
2 0.410444 0.401871 0.0784617 0.0638137 0.894001
2 0.517387 0.330519 0.0460741 0.0608038 0.893708
1 0.624285 0.0900247 0.0373121 0.0606488 0.89256
2 0.347444 0.405568 0.0477012 0.0627905 0.892159
0 0.348501 0.652987 0.0503265 0.0601773 0.891884
1 0.349548 0.170207 0.0470607 0.0600362 0.891596
2 0.349018 0.717202 0.0501122 0.0635365 0.89146
1 0.742618 0.0865884 0.0389365 0.0570188 0.891131
2 0.14817 0.539938 0.0635286 0.060102 0.89106
2 0.411468 0.587887 0.0787574 0.0618098 0.891005
2 0.680506 0.569121 0.0448826 0.0618831 0.890824
1 0.238322 0.128206 0.0378594 0.0630843 0.890317
1 0.515049 0.152265 0.0461107 0.0577945 0.890107
1 0.850982 0.141533 0.0446284 0.057904 0.889993
2 0.0854186 0.542734 0.0635748 0.05844 0.889777
2 0.306119 0.531237 0.0345566 0.0625254 0.889547
2 0.767922 0.627819 0.0396824 0.0641851 0.889438
2 0.725043 0.566954 0.0432816 0.0628526 0.889348
2 0.41392 0.717115 0.0789924 0.0660615 0.88908
2 0.147443 0.598687 0.0630575 0.0589003 0.888995
1 0.800504 0.198362 0.0710972 0.0583893 0.888856
2 0.677183 0.444336 0.0440614 0.0611011 0.888856
2 0.230284 0.594471 0.0389266 0.0601297 0.888758
1 0.942385 0.14624 0.0683663 0.0606284 0.888577
1 0.726489 0.631071 0.0432435 0.0665995 0.88857
1 0.946139 0.199472 0.066876 0.0583449 0.888319
2 0.805122 0.255835 0.0709179 0.0582983 0.888252
1 0.574396 0.206097 0.0725549 0.0609541 0.887907
1 0.311406 0.117732 0.0340229 0.0611444 0.887612
2 0.638482 0.50919 0.0371281 0.0628591 0.887436
2 0.752681 0.256333 0.0388115 0.0601499 0.886583
2 0.471113 0.27267 0.0448151 0.0633006 0.885671
2 0.0360961 0.601021 0.0349716 0.057178 0.885604
1 0.793266 0.086061 0.0702153 0.0557206 0.885363
1 0.704138 0.0873912 0.0448098 0.057959 0.885091
1 0.847027 0.0865461 0.044091 0.056265 0.885061
2 0.577738 0.326381 0.0743482 0.0618894 0.88505
2 0.521058 0.516508 0.0482521 0.0635686 0.884948
1 0.937731 0.0929792 0.0680893 0.0601936 0.884534
2 0.195328 0.475988 0.0318495 0.0604606 0.884464
2 0.410124 0.339534 0.0772659 0.0627812 0.884314
2 0.822011 0.560087 0.0751482 0.0627612 0.884234
2 0.41096 0.525141 0.07924 0.0626255 0.883722
2 0.0093844 0.601649 0.0187688 0.0573404 0.883678
1 0.572987 0.149267 0.0724983 0.0584841 0.883476
2 0.229824 0.533927 0.0392231 0.061603 0.883375
1 0.790402 0.0335461 0.0692948 0.0573207 0.883027
1 0.666989 0.200582 0.0444771 0.0619006 0.883022
2 0.269499 0.594065 0.0406941 0.0612455 0.882697
1 0.707181 0.143172 0.0445374 0.0587428 0.882665
2 0.0352067 0.714623 0.034225 0.0553765 0.882632
0 0.147079 0.658615 0.0621616 0.0589097 0.882514
1 0.30963 0.229809 0.0336536 0.0619998 0.882338
2 0.640091 0.573047 0.0374877 0.0631077 0.882322
2 0.76328 0.501069 0.0377165 0.0636272 0.882128
1 0.23532 0.238799 0.0380157 0.0638134 0.881975
2 0.270287 0.409786 0.0400479 0.061117 0.881942
2 0.808645 0.314884 0.0704186 0.0612959 0.881376
1 0.89037 0.142152 0.0439094 0.0591627 0.881289
2 0.642917 0.702797 0.0381473 0.0677652 0.881181
2 0.348363 0.28422 0.0463276 0.061273 0.881158
1 0.348939 0.226338 0.0470032 0.0615121 0.881143
1 0.3503 0.113893 0.0463648 0.059462 0.881134
2 0.899688 0.253785 0.0420702 0.0594438 0.880822
1 0.745815 0.142008 0.0400011 0.0589255 0.880745
1 0.709773 0.200167 0.0446592 0.0598214 0.880623
1 0.720835 0.440182 0.0428031 0.0627448 0.880528
1 0.155908 0.2504 0.0605752 0.0688354 0.880195
0 0.682354 0.633476 0.0451157 0.0661903 0.880065
2 0.859509 0.254024 0.0435522 0.0592521 0.879803
1 0.233676 0.296499 0.0383253 0.0627633 0.879798
1 0.718242 0.378656 0.0428894 0.0630408 0.879696
2 0.148574 0.481022 0.0630912 0.0605496 0.879432
2 0.678714 0.506511 0.0440712 0.0624063 0.879301
2 0.757756 0.376958 0.0376005 0.0634646 0.879162
2 0.306361 0.46936 0.0336786 0.0610059 0.879104
1 0.100239 0.153586 0.0616713 0.0655332 0.878831
1 0.885972 0.0877896 0.0438755 0.0566686 0.878749
0 0.641679 0.636567 0.0380772 0.0638879 0.878664
2 0.348077 0.344809 0.0467921 0.0612296 0.878459
1 0.748967 0.198958 0.0398957 0.0591644 0.878375
2 0.674714 0.382468 0.0437687 0.0625713 0.878341
2 0.82391 0.62175 0.0746582 0.0651802 0.878209
2 0.230171 0.473921 0.0386421 0.0608659 0.877958
2 0.576155 0.265382 0.0733496 0.0625533 0.87783
2 0.471597 0.334524 0.0470355 0.0622087 0.8776
2 0.669247 0.259318 0.0432594 0.0598722 0.877429
1 0.0948329 0.261469 0.0618219 0.0637822 0.877261
2 0.410422 0.278954 0.0762281 0.0611769 0.877206
2 0.672015 0.31981 0.0438202 0.0628939 0.877098
1 0.276033 0.1227 0.0400197 0.0627727 0.877088
1 0.0540528 0.161407 0.0355816 0.0615549 0.876846
2 0.472317 0.395974 0.0474059 0.064737 0.876751
2 0.269471 0.532509 0.040739 0.0616477 0.876599
2 0.307598 0.346621 0.0332059 0.0605884 0.876588
1 0.7126 0.257923 0.0444342 0.0590521 0.876406
2 0.147155 0.718291 0.0627901 0.0584212 0.876376
2 0.635134 0.384508 0.0369993 0.0630757 0.876175
2 0.760421 0.438599 0.0373683 0.0615079 0.875622
2 0.950608 0.253802 0.0671024 0.0572006 0.875454
1 0.894244 0.197419 0.0430002 0.0588505 0.875044
2 0.269929 0.47156 0.0406024 0.0609788 0.874861
2 0.769744 0.692638 0.0398023 0.066928 0.874731
1 0.85495 0.197241 0.0443902 0.0586018 0.874446
1 0.933228 0.04053 0.068521 0.0600998 0.874386
1 0.470927 0.212315 0.0446463 0.0634674 0.87426
2 0.476547 0.7123 0.0460718 0.0661212 0.873914
1 0.664908 0.144368 0.0454857 0.0573325 0.873831
2 0.0380157 0.486468 0.0344899 0.0591866 0.873674
2 0.955599 0.311566 0.0665222 0.0603535 0.873388
2 0.231264 0.412614 0.0375983 0.0604722 0.873351
2 0.473378 0.519569 0.0478551 0.0640235 0.872696
2 0.035312 0.659074 0.0346115 0.0575172 0.872613
0 0.970008 0.603969 0.0599839 0.0620281 0.872173
2 0.19635 0.414821 0.031612 0.0607674 0.87188
1 0.158463 0.195842 0.060413 0.0625226 0.871451
2 0.0115871 0.431403 0.0231741 0.0592176 0.871043
2 0.825955 0.683801 0.074691 0.0690941 0.870985
2 0.812289 0.376426 0.07206 0.0637744 0.870909
0 0.306121 0.654471 0.0344269 0.0601445 0.870659
2 0.75518 0.315897 0.0385595 0.0603676 0.870614
2 0.0101194 0.543782 0.0202388 0.0589973 0.870548
2 0.906951 0.371932 0.039674 0.0627278 0.870047
2 0.819533 0.498388 0.0741655 0.0636713 0.869951
2 0.632982 0.32181 0.0361334 0.0635119 0.869928
1 0.2735 0.232379 0.0397741 0.0630522 0.869773
2 0.473189 0.457378 0.0473987 0.0657822 0.869525
1 0.410618 0.165094 0.074621 0.063643 0.869266
1 0.236707 0.184101 0.0387385 0.0626505 0.869123
2 0.149557 0.421295 0.0628449 0.062374 0.869069
1 0.0976916 0.208067 0.0615276 0.0626261 0.868639
2 0.867762 0.373572 0.0418022 0.0633642 0.868456
2 0.306718 0.406778 0.0330025 0.0618609 0.868415
2 0.198184 0.355687 0.0314243 0.0611624 0.867749
2 0.0898271 0.370333 0.0617927 0.059277 0.867494
2 0.308589 0.28656 0.0326922 0.0605119 0.867029
2 0.765561 0.564579 0.038954 0.0628086 0.866698
2 0.636884 0.447123 0.0374182 0.0617154 0.866657
2 0.826901 0.764232 0.0739238 0.0980267 0.866564
2 0.523948 0.709464 0.0486672 0.0654689 0.866458
2 0.0838752 0.718028 0.0633996 0.0563542 0.866063
2 0.815603 0.43755 0.0738716 0.0599742 0.866026
2 0.0127774 0.376796 0.0255548 0.0593361 0.865826
2 0.921153 0.671583 0.0410876 0.0682109 0.865751
1 0.205643 0.132082 0.0323263 0.0638537 0.865726
2 0.270907 0.350751 0.0397214 0.0619124 0.865608
1 0.628295 0.20016 0.0377907 0.0618971 0.86538
1 0.310552 0.17359 0.034084 0.0600351 0.864802
2 0.0108043 0.487657 0.0216085 0.0588558 0.863739
2 0.00911847 0.65787 0.0182369 0.0571739 0.86339
2 0.882254 0.676495 0.039084 0.0694103 0.86273
1 0.626605 0.1444 0.0372368 0.0554388 0.862233
2 0.87861 0.552207 0.0393863 0.0606958 0.861898
1 0.470598 0.155754 0.0445906 0.0566525 0.86179
2 0.862704 0.312894 0.0420033 0.0603767 0.861659
2 0.968655 0.544436 0.0626896 0.0587819 0.861456
2 0.269672 0.718843 0.0406927 0.0623697 0.860487
2 0.770991 0.770622 0.039559 0.0896505 0.860302
2 0.630672 0.260202 0.0366136 0.0621476 0.859933
2 0.195063 0.535847 0.031858 0.0609635 0.859923
2 0.230412 0.718761 0.0387893 0.0620823 0.859068
2 0.959457 0.371168 0.0668958 0.0621884 0.858702
2 0.23237 0.353819 0.0379605 0.0603292 0.858692
2 0.194985 0.596347 0.0336221 0.0583773 0.858506
2 0.903331 0.311353 0.0415724 0.0613312 0.858265
2 0.195077 0.718356 0.0333846 0.0611308 0.858117
2 0.474659 0.583577 0.0478762 0.0647465 0.856624
2 0.0369849 0.543471 0.0349742 0.0572488 0.856496
2 0.0396206 0.429399 0.0339942 0.0599806 0.855823
2 0.962649 0.429805 0.0679649 0.0576547 0.855228
2 0.151625 0.362585 0.0609531 0.0617773 0.854259
2 0.272187 0.289644 0.0393956 0.0615399 0.853151
1 0.0459239 0.320105 0.0350271 0.0598605 0.851681
2 0.042555 0.373256 0.0349271 0.0600918 0.85144
1 0.842986 0.0344958 0.0436611 0.0568597 0.851223
1 0.0353183 0.770404 0.0345813 0.0567205 0.850718
2 0.917918 0.547757 0.0413463 0.0614853 0.850335
1 0.048319 0.26725 0.0352213 0.0613448 0.849348
1 0.199736 0.299107 0.0320338 0.0648687 0.847725
1 0.0162376 0.269687 0.0319982 0.0613224 0.847527
2 0.966864 0.486886 0.0648083 0.0595311 0.847414
1 0.27474 0.176432 0.0401339 0.0569668 0.845993
2 0.909738 0.430059 0.0384338 0.0586493 0.845232
1 0.0508635 0.215235 0.035824 0.0586501 0.845177
2 0.00883423 0.712955 0.0176685 0.0533959 0.845057
2 0.914949 0.488622 0.041072 0.0620452 0.844829
2 0.522207 0.580509 0.0478845 0.0637945 0.844006
2 0.882902 0.743721 0.040188 0.0689663 0.843649
2 0.306549 0.717238 0.0347149 0.061729 0.843126
1 0.881881 0.0356675 0.0420421 0.055989 0.842741
2 0.871888 0.432054 0.0391076 0.0583576 0.842716
1 0.203564 0.186683 0.0323546 0.059138 0.842021
0 0.919596 0.60907 0.0402454 0.0649784 0.841238
1 0.0220843 0.167037 0.0354975 0.0647132 0.840968
2 0.875554 0.491499 0.0402199 0.0632067 0.840709
1 0.201833 0.240074 0.0315797 0.0622463 0.83846
1 0.0185754 0.21994 0.0345294 0.0553257 0.837712
1 0.739344 0.0329733 0.0385508 0.0565089 0.836492
2 0.730257 0.776752 0.0446375 0.0842031 0.836194
1 0.0924351 0.31593 0.0616541 0.0589347 0.834523
1 0.922322 0.739423 0.0374437 0.0741667 0.834074
0 0.269439 0.655814 0.0402158 0.0620774 0.826275
0 0.880297 0.613068 0.038578 0.0657345 0.818333
2 0.970607 0.664668 0.0587858 0.0661417 0.818042
1 0.70164 0.033145 0.0432318 0.0565089 0.808296
2 0.644651 0.769729 0.0377775 0.0660273 0.80162
0 0.195046 0.657045 0.0337138 0.0608546 0.801042
2 0.0142789 0.322248 0.0285577 0.0584101 0.790565
2 0.00880471 0.771112 0.0176094 0.0589023 0.75439
0 0.230778 0.656407 0.0387739 0.0621616 0.713574
1 0.476353 0.803954 0.0462627 0.117369 0.681457
2 0.715272 0.317218 0.0435491 0.0592899 0.631844
1 0.00380067 0.169724 0.00736531 0.0595405 0.602262
2 0.586819 0.798938 0.0773982 0.116386 0.558772
2 0.194914 0.779096 0.0327083 0.0544962 0.550902
1 0.523737 0.806219 0.0512743 0.123358 0.525479
2 0.685386 0.765741 0.0448052 0.0586586 0.50259
1 0.971001 0.732322 0.0575367 0.0768157 0.500544
