0 0.0391586 0.383578 0.05299 0.0638433 0.895641
0 0.928773 0.406969 0.0512674 0.0798165 0.882478
1 0.521561 0.195605 0.0456232 0.0531387 0.860202
0 0.0395931 0.325052 0.0534492 0.0598315 0.858626
1 0.520083 0.141218 0.0427277 0.0550714 0.857691
0 0.927286 0.332811 0.0540706 0.0828028 0.855072
2 0.0406304 0.453016 0.0580673 0.0837501 0.852519
1 0.519991 0.0888914 0.0403112 0.0516274 0.85209
1 0.522261 0.251597 0.0455263 0.0572632 0.851979
0 0.743663 0.385977 0.0603857 0.100237 0.845213
0 0.8804 0.399968 0.0481611 0.0869978 0.843494
0 0.878748 0.319783 0.0487945 0.083253 0.839221
0 0.796402 0.390967 0.0510775 0.0969175 0.837941
0 0.742703 0.293416 0.063604 0.0928931 0.837696
0 0.0416636 0.268359 0.0533563 0.0610926 0.836618
2 0.419466 0.28743 0.0194758 0.0174356 0.827389
0 0.0446725 0.208503 0.054544 0.0681992 0.825708
1 0.52066 0.0384009 0.040657 0.0517595 0.824669
2 0.39401 0.287677 0.0100639 0.0170863 0.82194
1 0.523572 0.30894 0.0478956 0.057231 0.818888
2 0.382418 0.287865 0.012071 0.0171211 0.818697
0 0.875776 0.243941 0.049111 0.0786756 0.813708
2 0.330306 0.289571 0.00990171 0.0162965 0.811494
0 0.91334 0.024502 0.0517687 0.0490039 0.811038
1 0.566576 0.253262 0.0396988 0.0583391 0.810722
2 0.330538 0.272791 0.00975466 0.0152095 0.804513
1 0.567207 0.198689 0.040716 0.0541935 0.802361
0 0.794315 0.485527 0.0516723 0.108164 0.800109
2 0.341298 0.288481 0.0123764 0.0170041 0.795795
1 0.567015 0.31156 0.0369856 0.059509 0.795444
0 0.797473 0.302171 0.0517176 0.088912 0.790499
2 0.341263 0.272416 0.0117576 0.0150667 0.789051
2 0.404491 0.287538 0.0106243 0.0172282 0.781442
0 0.975856 0.348868 0.0467011 0.0787419 0.78031
2 0.356409 0.28827 0.0159274 0.0166718 0.779676
2 0.393834 0.337939 0.0107009 0.0169222 0.777641
0 0.0984893 0.325885 0.0659192 0.0541838 0.773274
2 0.394314 0.270421 0.010617 0.0178277 0.764827
2 0.419491 0.269819 0.0191065 0.0169876 0.764742
2 0.382739 0.270967 0.0122072 0.0166453 0.764231
0 0.974208 0.280786 0.0487135 0.0761455 0.760044
0 0.879828 0.489101 0.0490416 0.100495 0.759701
0 0.836716 0.487088 0.0423832 0.103609 0.758272
0 0.873866 0.169001 0.0495132 0.0830471 0.752022
2 0.35678 0.272086 0.0161901 0.015251 0.751647
2 0.381661 0.337983 0.0130806 0.0170444 0.75038
0 0.972896 0.213409 0.0481407 0.0761085 0.748861
2 0.404927 0.270101 0.0104666 0.0170762 0.745806
2 0.528227 0.452907 0.0401282 0.090701 0.744263
2 0.393852 0.305686 0.0104506 0.0179594 0.743621
0 0.796947 0.220439 0.0511333 0.0806808 0.738339
0 0.975591 0.411955 0.0467545 0.0690024 0.731335
0 0.795384 0.141356 0.0518454 0.0862872 0.729392
2 0.330164 0.306082 0.00983863 0.0159274 0.729251
0 0.838939 0.393998 0.0403137 0.0927114 0.727573
0 0.098095 0.273002 0.0614013 0.056256 0.726487
2 0.41731 0.338489 0.0193671 0.016226 0.726276
2 0.370014 0.288043 0.0110283 0.0174021 0.72196
2 0.357761 0.255501 0.0158918 0.01461 0.721813
2 0.394785 0.219468 0.0102155 0.0149192 0.716706
2 0.320989 0.290604 0.0103228 0.0160782 0.715669
2 0.358549 0.221481 0.0156603 0.0163269 0.713693
2 0.403575 0.33828 0.0107986 0.0166139 0.713618
0 0.915586 0.0608643 0.0518021 0.0538431 0.711604
2 0.356984 0.305109 0.0155033 0.015999 0.710636
2 0.380302 0.354329 0.0158675 0.0161552 0.710435
2 0.304861 0.226597 0.0090988 0.0158958 0.709728
2 0.418943 0.304599 0.0204814 0.0184467 0.707356
0 0.733104 0.0454396 0.0755292 0.0908792 0.706272
2 0.393929 0.35424 0.0111609 0.0162972 0.701514
2 0.382981 0.220035 0.0127682 0.0142779 0.698238
2 0.382091 0.306372 0.0125894 0.0179341 0.694793
2 0.416721 0.35475 0.0189838 0.0167658 0.692918
2 0.304888 0.241642 0.00909367 0.013957 0.69211
2 0.359373 0.204831 0.0145132 0.0168306 0.690259
0 0.923785 0.195985 0.0541512 0.0887374 0.689377
0 0.852456 0.0636444 0.0827526 0.127289 0.684946
2 0.370974 0.220625 0.010252 0.0153828 0.683614
2 0.444599 0.337829 0.0160175 0.0163994 0.681749
2 0.404049 0.305048 0.0103583 0.0181668 0.680022
2 0.436234 0.304535 0.0125334 0.0161374 0.679107
2 0.420061 0.218268 0.0190795 0.0163427 0.676349
0 0.924838 0.263698 0.052956 0.0709892 0.676054
2 0.446895 0.287569 0.0129415 0.0173278 0.668996
2 0.420157 0.201304 0.018955 0.018083 0.668455
2 0.370346 0.271474 0.0106522 0.0159767 0.667066
2 0.320578 0.273476 0.0111187 0.0155428 0.664038
2 0.405284 0.253044 0.0105966 0.0166482 0.663388
2 0.383062 0.204075 0.0133882 0.0162885 0.660815
2 0.395072 0.203321 0.0104791 0.0167807 0.66056
2 0.3416 0.239615 0.0114136 0.0169425 0.658864
0 0.0958157 0.372234 0.0604332 0.040847 0.657624
0 0.385342 0.451163 0.0745297 0.0810887 0.657087
1 0.490467 0.0371636 0.0194741 0.0504407 0.656301
0 0.0831165 0.371623 0.0345956 0.0405127 0.653903
2 0.394587 0.253311 0.010087 0.0172763 0.652534
2 0.438112 0.252368 0.0120223 0.0162936 0.649971
2 0.357502 0.239291 0.016419 0.0176643 0.649702
2 0.43781 0.218894 0.0118702 0.0171855 0.64555
2 0.403059 0.354478 0.0118334 0.0167369 0.645325
2 0.92718 0.477115 0.0496624 0.0681969 0.645208
2 0.444761 0.270076 0.0166242 0.0163336 0.643122
2 0.419599 0.252701 0.0189141 0.0159022 0.636814
2 0.342965 0.221629 0.0116521 0.0162232 0.63492
2 0.405465 0.218551 0.0102772 0.0146799 0.633574
2 0.283831 0.242912 0.0203483 0.015825 0.632655
0 0.839177 0.310258 0.0382891 0.0881297 0.630383
2 0.341672 0.305807 0.0135199 0.0163101 0.623467
2 0.464871 0.452841 0.082543 0.0852135 0.619906
2 0.283861 0.228203 0.0200473 0.0144037 0.61934
2 0.305875 0.196714 0.00870557 0.0161202 0.61685
2 0.304532 0.273371 0.00895586 0.0151678 0.615796
2 0.405223 0.202325 0.0106043 0.0174783 0.615771
0 0.743602 0.485745 0.0601363 0.113891 0.614564
0 0.00912765 0.269547 0.0182553 0.059493 0.61358
2 0.295256 0.307365 0.0102549 0.0141164 0.613367
0 0.0966293 0.221182 0.0528333 0.0585583 0.60557
1 0.567552 0.144011 0.0400707 0.0561229 0.604856
2 0.35702 0.338427 0.0133783 0.0160161 0.603527
2 0.318824 0.241914 0.013842 0.0154485 0.603145
2 0.0943396 0.450206 0.051102 0.0785506 0.601454
2 0.371268 0.204089 0.00975352 0.016476 0.596015
1 0.488428 0.19658 0.019655 0.0489125 0.595521
2 0.32109 0.306936 0.00958715 0.0156152 0.590492
0 0.00719875 0.320481 0.01437 0.0541685 0.588088
2 0.31561 0.450603 0.0631019 0.078591 0.57905
0 0.00659382 0.383691 0.0131876 0.0604297 0.578869
2 0.294508 0.339384 0.0104827 0.0145396 0.57524
1 0.488535 0.0882972 0.0217064 0.0499989 0.570737
1 0.489966 0.140298 0.0176133 0.0540992 0.569078
2 0.30397 0.290578 0.00885587 0.0165066 0.568719
2 0.249616 0.448084 0.0683049 0.0759981 0.565036
2 0.285516 0.196052 0.0205621 0.0160143 0.56091
0 0.791368 0.0296232 0.0509648 0.0592464 0.554884
2 0.283809 0.292164 0.019372 0.0160131 0.553204
2 0.280897 0.307937 0.0218723 0.0144012 0.551411
2 0.369669 0.306187 0.0111417 0.0172521 0.545294
2 0.446929 0.201176 0.0138068 0.0191799 0.543709
2 0.284151 0.211953 0.0192451 0.0154959 0.54281
2 0.295057 0.291253 0.0113149 0.0163552 0.540881
2 0.444643 0.35392 0.0165199 0.0160847 0.529853
2 0.3037 0.306724 0.00962067 0.0140632 0.529427
2 0.447241 0.218112 0.0128984 0.0158398 0.523619
2 0.436735 0.287281 0.0122597 0.0172094 0.523343
2 0.342187 0.256746 0.011429 0.0153944 0.515432
0 0.184082 0.308112 0.0191245 0.0254658 0.514379
2 0.344595 0.205857 0.0128698 0.0164552 0.510812
2 0.436736 0.338247 0.0136917 0.0155578 0.50143
2 0.971165 0.478733 0.0424262 0.0687796 0.501186
2 0.382933 0.252054 0.0118838 0.0163388 0.50118
2 0.370677 0.240592 0.0105208 0.016946 0.500286
