0 0.74075 0.293727 0.0662777 0.0935043 0.862242
0 0.928108 0.40685 0.0497971 0.0819554 0.859514
0 0.927477 0.332107 0.0518594 0.0816606 0.852083
0 0.813598 0.485347 0.0892706 0.110529 0.849233
0 0.975317 0.346867 0.0466378 0.0744212 0.846601
0 0.976005 0.413907 0.0477411 0.07477 0.846462
0 0.740267 0.383612 0.0673209 0.0982511 0.84202
0 0.88079 0.397431 0.0473846 0.0861159 0.841768
0 0.879786 0.319768 0.0484127 0.086351 0.83947
0 0.973023 0.282405 0.0477959 0.0732201 0.829406
0 0.0398333 0.328222 0.0567105 0.0594544 0.825701
0 0.87729 0.24164 0.0497572 0.07941 0.813569
0 0.0389228 0.382524 0.0545546 0.055835 0.812436
2 0.0388808 0.454242 0.0554511 0.090794 0.809698
2 0.315736 0.445126 0.0625773 0.0927522 0.804645
0 0.875077 0.168658 0.0502602 0.072432 0.802876
2 0.42047 0.28802 0.0223083 0.0174793 0.800381
2 0.38205 0.288085 0.013711 0.0174851 0.799847
0 0.923439 0.196136 0.051908 0.0803939 0.799024
0 0.924849 0.263061 0.0512783 0.0754891 0.79076
0 0.814934 0.389452 0.0870292 0.0984016 0.787539
0 0.519842 0.140303 0.0435952 0.0557193 0.783745
0 0.733755 0.0448347 0.0739442 0.0896693 0.778593
2 0.880805 0.488354 0.0487667 0.105089 0.777807
2 0.330505 0.289925 0.00953007 0.0159232 0.777287
2 0.249509 0.44555 0.0662379 0.0801813 0.775437
2 0.382408 0.271898 0.0130788 0.0157954 0.768121
2 0.419125 0.304927 0.0201965 0.0160421 0.76396
0 0.516226 0.292524 0.0338978 0.0272802 0.761945
2 0.420674 0.270874 0.0220997 0.0171407 0.75742
0 0.972266 0.212346 0.0497158 0.069132 0.750918
0 0.789576 0.0232929 0.0494417 0.0465858 0.735744
0 0.742012 0.483802 0.0603645 0.118587 0.735129
2 0.418843 0.338485 0.0225266 0.0150585 0.732463
2 0.381692 0.353899 0.0139744 0.0159885 0.732165
0 0.815882 0.303596 0.085924 0.0899238 0.72904
0 0.51584 0.321123 0.0323454 0.0309779 0.72637
2 0.436261 0.304534 0.0121092 0.01641 0.724716
0 0.51499 0.349792 0.0312943 0.0272243 0.722344
2 0.34392 0.223349 0.0130937 0.0167619 0.714627
2 0.330358 0.306265 0.0096119 0.0157323 0.710798
2 0.419746 0.253643 0.0192505 0.0167495 0.708607
2 0.171614 0.446962 0.0952263 0.078604 0.701789
2 0.359174 0.205757 0.0141113 0.0176464 0.695532
2 0.286859 0.26117 0.027739 0.0160636 0.693977
0 0.569639 0.305637 0.0326001 0.0513834 0.693855
2 0.319596 0.291146 0.0136286 0.0159975 0.689877
2 0.381433 0.338223 0.0139045 0.0157782 0.689591
2 0.355993 0.288901 0.0152744 0.01634 0.687629
0 0.974229 0.491845 0.0509461 0.091186 0.686755
2 0.43736 0.218514 0.0111498 0.017387 0.684378
2 0.330814 0.273509 0.00929867 0.0155777 0.681599
2 0.340597 0.289153 0.0105886 0.0163556 0.681116
2 0.342165 0.239997 0.011519 0.0164005 0.680863
2 0.357564 0.272419 0.0134992 0.0154582 0.680427
2 0.35879 0.222418 0.0142244 0.0171974 0.67801
0 0.925759 0.491318 0.0497053 0.097724 0.675349
2 0.340894 0.272914 0.0104048 0.0151451 0.674832
0 0.796751 0.217405 0.0476466 0.0825872 0.674659
2 0.381747 0.254572 0.0139691 0.015971 0.665737
2 0.358342 0.255974 0.0139463 0.0143833 0.664077
2 0.437026 0.252874 0.0110102 0.0173063 0.663775
2 0.39398 0.338333 0.0110271 0.0153914 0.66376
0 0.515513 0.0385945 0.0503583 0.0504778 0.662411
2 0.393728 0.28823 0.010055 0.0176644 0.658937
0 0.565117 0.0414784 0.0492848 0.0507958 0.657613
2 0.403133 0.338529 0.0116045 0.014983 0.653566
2 0.381928 0.305657 0.0136969 0.0167333 0.651542
2 0.3448 0.206724 0.0129875 0.017123 0.651385
2 0.419061 0.201666 0.0177662 0.0172723 0.645472
2 0.305415 0.227078 0.0102096 0.0147516 0.645014
2 0.382854 0.221776 0.0132171 0.0174765 0.644836
2 0.382759 0.205029 0.0136549 0.0172016 0.644224
2 0.287364 0.212486 0.027519 0.0153834 0.64385
2 0.423517 0.453061 0.0754083 0.0842846 0.643439
2 0.331713 0.241017 0.00910643 0.015972 0.629338
2 0.44741 0.202186 0.0113465 0.0181022 0.627256
2 0.358504 0.240165 0.0132942 0.0172463 0.625019
0 0.565285 0.142507 0.0430945 0.0572006 0.621607
2 0.447764 0.287562 0.0121009 0.0172306 0.619976
0 0.516486 0.264626 0.0352314 0.0281416 0.619933
2 0.285452 0.228667 0.0234585 0.0144511 0.617461
2 0.285256 0.244366 0.0237241 0.0171465 0.614848
2 0.356376 0.306097 0.01477 0.0169918 0.606656
2 0.28539 0.293517 0.0231389 0.0145343 0.604308
2 0.340757 0.306128 0.0114095 0.0162117 0.601104
0 0.958345 0.145961 0.0308189 0.0612301 0.599434
2 0.289609 0.356295 0.0183734 0.0153905 0.598412
2 0.394563 0.353876 0.0117167 0.0159013 0.59791
2 0.369899 0.288241 0.0113286 0.0173914 0.596649
0 0.203906 0.205322 0.014231 0.0221877 0.595874
2 0.394233 0.271541 0.0101291 0.0166442 0.593408
0 0.791364 0.0712297 0.0489661 0.0583312 0.593109
2 0.48904 0.373687 0.022395 0.0218713 0.589837
2 0.393718 0.305138 0.00987198 0.0166915 0.585876
2 0.418229 0.354341 0.0217976 0.0161129 0.5845
0 0.0416902 0.266953 0.0562239 0.0662072 0.577299
2 0.320185 0.307545 0.0115735 0.0151096 0.576786
2 0.463968 0.452935 0.0777468 0.0847361 0.576672
0 0.8361 0.14789 0.0372887 0.0670752 0.575471
2 0.31938 0.242022 0.0148394 0.0152299 0.574252
0 0.794505 0.140147 0.0484893 0.0750461 0.573682
0 0.518759 0.195635 0.0426872 0.0555083 0.57309
2 0.306517 0.196634 0.0100822 0.0146956 0.572142
0 0.517993 0.238344 0.0387556 0.0333997 0.569687
0 0.570056 0.252748 0.0356112 0.0568974 0.567489
2 0.303992 0.242745 0.0108995 0.0162604 0.565122
2 0.401313 0.203242 0.0182071 0.0174624 0.561493
2 0.356378 0.338619 0.0139496 0.015767 0.555302
2 0.403596 0.304932 0.0121028 0.0165407 0.554741
2 0.39736 0.220683 0.014803 0.0163834 0.554124
0 0.954549 0.0863436 0.0308232 0.0546183 0.551283
2 0.419777 0.218497 0.0185907 0.0167992 0.550431
0 0.00485256 0.386886 0.00964032 0.0547709 0.548734
2 0.370168 0.271921 0.0112663 0.0157979 0.545362
0 0.565881 0.198309 0.0406873 0.0578387 0.544665
2 0.369219 0.33828 0.0117138 0.0156854 0.537777
2 0.447788 0.270278 0.0119072 0.0167246 0.536623
2 0.319328 0.273613 0.0139216 0.0166281 0.532688
0 0.16447 0.133401 0.0343301 0.0487228 0.532242
2 0.436461 0.287458 0.0121575 0.0170181 0.531001
2 0.285563 0.197083 0.0223593 0.0155181 0.529833
0 0.829135 0.0265889 0.0345119 0.0531778 0.528881
2 0.398516 0.204364 0.0172492 0.0172657 0.527697
0 0.0847683 0.328126 0.0354704 0.0576197 0.521514
1 0.470432 0.263861 0.0150768 0.0275042 0.521288
1 0.469851 0.290348 0.014662 0.0232341 0.520734
0 0.923638 0.0222042 0.0303535 0.0444084 0.52033
2 0.289101 0.341268 0.0215727 0.0155444 0.517999
2 0.400545 0.219281 0.0192951 0.0160758 0.516237
0 0.612218 0.458239 0.0625046 0.0846069 0.516189
0 0.00495447 0.331936 0.00984846 0.0630865 0.513636
2 0.285783 0.308156 0.0221266 0.0140825 0.509171
2 0.427796 0.201539 0.0105547 0.0174517 0.5068
2 0.308113 0.163507 0.00904499 0.0154739 0.503684
2 0.370901 0.222143 0.0107383 0.0174138 0.501053
0 0.966724 0.0268552 0.0637569 0.0537104 0.50046
