0 0.814693 0.486181 0.0840374 0.110486 0.895953
0 0.0382675 0.383535 0.0553973 0.0589645 0.887036
0 0.0386747 0.326504 0.0550993 0.060635 0.878338
0 0.926919 0.490229 0.0541113 0.102893 0.872805
0 0.81455 0.391566 0.0867449 0.0956622 0.866558
0 0.928113 0.405379 0.0517475 0.0817765 0.861837
0 0.879618 0.398859 0.0478096 0.0844463 0.85897
0 0.879305 0.320644 0.0482121 0.082889 0.858942
0 0.741131 0.293896 0.0672626 0.0923894 0.856017
0 0.040725 0.267465 0.0557697 0.0640915 0.851996
0 0.927769 0.333424 0.0525638 0.080749 0.848909
0 0.742733 0.385715 0.0639352 0.0998347 0.847467
2 0.246588 0.448341 0.062792 0.0743601 0.845787
2 0.0406558 0.457102 0.0613495 0.0998486 0.845724
0 0.814861 0.303137 0.0867138 0.0896708 0.840912
0 0.511885 0.141147 0.0628248 0.054948 0.836986
0 0.976048 0.414326 0.0468464 0.0727914 0.827811
2 0.172022 0.445206 0.0882481 0.0798619 0.827419
0 0.744218 0.486942 0.0636181 0.119297 0.820307
0 0.877759 0.244816 0.049155 0.0761238 0.807968
0 0.975363 0.348231 0.0461676 0.0769446 0.80727
0 0.568614 0.309809 0.0357828 0.0593583 0.793271
0 0.972658 0.279778 0.0469824 0.0690026 0.793189
2 0.382152 0.287778 0.0129828 0.0172252 0.790604
0 0.511533 0.0891629 0.0594791 0.0547057 0.789454
0 0.567789 0.253182 0.0378162 0.0573931 0.778783
0 0.470192 0.290291 0.0175036 0.0242453 0.778234
0 0.0933443 0.273834 0.0543199 0.0579304 0.775197
0 0.0447066 0.207199 0.0567643 0.0641555 0.77353
0 0.515656 0.29256 0.0327331 0.028544 0.77282
2 0.34448 0.223685 0.014807 0.0165481 0.772288
0 0.510539 0.0387027 0.0558811 0.0502777 0.769593
0 0.519818 0.195973 0.0476529 0.0558515 0.766925
2 0.343842 0.239952 0.0152184 0.0159741 0.76513
0 0.876376 0.169987 0.0480671 0.0773246 0.757699
0 0.464426 0.45562 0.0823591 0.0875576 0.756973
2 0.414733 0.287994 0.0118998 0.0173523 0.75386
0 0.740115 0.211328 0.0679363 0.0800518 0.75032
2 0.398222 0.287834 0.0186164 0.0172009 0.749764
2 0.331696 0.241021 0.00940618 0.015149 0.742986
2 0.382699 0.271651 0.0123774 0.0151865 0.740221
2 0.415142 0.271627 0.0118499 0.016151 0.73154
0 0.183558 0.307921 0.0187093 0.0277481 0.730038
2 0.415389 0.305079 0.0138594 0.016183 0.726541
0 0.515113 0.321136 0.0303035 0.0308027 0.726165
2 0.331091 0.273502 0.00928965 0.0151498 0.724331
2 0.314567 0.451667 0.0652861 0.0741249 0.722078
0 0.489298 0.291638 0.0189064 0.0277641 0.718449
2 0.398948 0.271938 0.0197521 0.0155035 0.714988
0 0.385914 0.453262 0.0772948 0.0842819 0.714576
2 0.369824 0.288118 0.0113809 0.0171684 0.714213
0 0.968727 0.211492 0.0429428 0.0680283 0.714131
2 0.358874 0.222318 0.014253 0.0167601 0.71339
2 0.370107 0.271636 0.0113671 0.0155105 0.713348
2 0.331982 0.225118 0.00999251 0.0162207 0.711664
2 0.417065 0.253735 0.0141022 0.0164966 0.707218
0 0.488966 0.263452 0.0187874 0.030051 0.707155
2 0.358719 0.255582 0.0141435 0.0148778 0.706446
0 0.540628 0.350743 0.0218899 0.0304108 0.70489
0 0.514814 0.350376 0.0293531 0.0301235 0.704733
0 0.469949 0.317511 0.0170673 0.0302537 0.69557
0 0.095984 0.222015 0.0500962 0.0593538 0.690568
2 0.381165 0.339181 0.0138931 0.015904 0.689147
0 0.0929964 0.327672 0.0538434 0.0567943 0.688284
0 0.910831 0.0207758 0.0497846 0.0415516 0.68522
0 0.599181 0.3079 0.0269863 0.0547444 0.684372
2 0.371156 0.221762 0.0112381 0.0168102 0.680502
0 0.519955 0.26475 0.0416898 0.0312324 0.680232
2 0.41705 0.219494 0.0129804 0.015729 0.678267
0 0.923871 0.1971 0.0507653 0.0785459 0.677475
0 0.200835 0.308461 0.0156144 0.0276413 0.676921
2 0.398879 0.221139 0.0185047 0.0165657 0.676693
0 0.203599 0.204863 0.0148997 0.0252541 0.673401
2 0.447664 0.288276 0.0133512 0.0181205 0.67273
2 0.330876 0.290159 0.00941501 0.0157048 0.672313
2 0.359516 0.205899 0.0138468 0.0174779 0.671853
2 0.419665 0.202871 0.0167769 0.0165954 0.671316
2 0.436515 0.253197 0.0123086 0.0168405 0.666713
2 0.381516 0.305156 0.0138948 0.0168489 0.666691
0 0.925513 0.267488 0.051141 0.068253 0.664966
2 0.382305 0.254505 0.0128502 0.0158413 0.662306
0 0.200335 0.33215 0.0160322 0.0238752 0.662057
2 0.287446 0.260794 0.027983 0.0160052 0.66125
0 0.201205 0.281263 0.0155904 0.027362 0.65999
2 0.358659 0.239501 0.0132522 0.0171216 0.659198
2 0.358797 0.272209 0.0113915 0.0153553 0.658354
2 0.383318 0.221365 0.0123332 0.0164807 0.656615
0 0.09898 0.173379 0.0485646 0.0614961 0.654081
0 0.18431 0.28067 0.0188835 0.0316169 0.653073
0 0.520911 0.236963 0.043585 0.0297844 0.650622
0 0.18294 0.333398 0.0186836 0.0265439 0.648897
0 0.738135 0.0475514 0.0666365 0.0831447 0.648479
2 0.359601 0.30528 0.0145102 0.0160558 0.644278
0 0.470181 0.263074 0.0176625 0.0295032 0.643359
0 0.609093 0.458431 0.0593725 0.0855031 0.641584
0 0.489888 0.349367 0.0189598 0.0284987 0.639895
2 0.319866 0.291358 0.0128098 0.0157405 0.637426
0 0.00519623 0.383844 0.010359 0.0527801 0.635567
2 0.0991613 0.44527 0.0607801 0.090645 0.634953
2 0.402171 0.203871 0.0186824 0.0169116 0.627025
0 0.599353 0.254358 0.0266678 0.056565 0.626454
0 0.489463 0.319653 0.0188965 0.030889 0.626376
0 0.594782 0.459282 0.0893703 0.0858282 0.623626
0 0.56691 0.198436 0.0406181 0.0563952 0.622905
2 0.447867 0.270525 0.0133899 0.0175129 0.622498
2 0.435036 0.287831 0.0142072 0.0170876 0.61808
0 0.204645 0.178799 0.015338 0.0289162 0.617928
0 0.959288 0.148055 0.0310585 0.0598335 0.617819
2 0.434646 0.305546 0.0136276 0.0161627 0.616465
2 0.303851 0.227224 0.0121583 0.0152981 0.615359
2 0.394883 0.339401 0.0129475 0.0159763 0.614904
2 0.437396 0.219218 0.0114706 0.0175359 0.613362
0 0.00949045 0.209742 0.0189809 0.0703025 0.610602
0 0.54111 0.294097 0.0193499 0.0304801 0.601495
0 0.568268 0.352039 0.0334542 0.0295366 0.601118
2 0.35876 0.288957 0.0109705 0.0164391 0.598862
0 0.18244 0.35977 0.0188745 0.0270273 0.598278
0 0.395566 0.355356 0.0139805 0.0148091 0.598023
2 0.286777 0.212412 0.0273337 0.0155508 0.597974
0 0.00570771 0.328571 0.0113822 0.0622245 0.593205
2 0.395948 0.304828 0.0142578 0.017115 0.592074
0 0.879243 0.487956 0.0494192 0.106423 0.591809
0 0.570113 0.143082 0.0537451 0.0595513 0.590104
2 0.528432 0.458295 0.047963 0.0847606 0.589831
2 0.268529 0.245265 0.0120145 0.0159591 0.587575
2 0.34232 0.273028 0.0131068 0.0149967 0.584159
2 0.345036 0.206797 0.0143501 0.0178413 0.583004
2 0.330544 0.30636 0.00914907 0.0156236 0.582897
2 0.319126 0.242257 0.0140598 0.0151094 0.581244
0 0.102032 0.122798 0.0486615 0.052926 0.58091
0 0.955655 0.0902867 0.0337158 0.0586874 0.575713
2 0.38298 0.205161 0.01229 0.0162841 0.573041
0 0.206024 0.153926 0.0157767 0.0258426 0.572853
2 0.319402 0.273916 0.0131497 0.0164828 0.569867
0 0.162375 0.224663 0.028523 0.0498004 0.566918
0 0.469881 0.348884 0.0186465 0.0257687 0.564071
2 0.266824 0.294513 0.0121766 0.0146969 0.559259
2 0.385183 0.453314 0.0766903 0.0863376 0.558512
2 0.369285 0.305181 0.011552 0.0166952 0.557233
2 0.540426 0.375607 0.0232166 0.02115 0.553907
2 0.301856 0.242462 0.0134411 0.0155557 0.549766
0 0.00773395 0.269468 0.0154679 0.0588592 0.548519
0 0.0484923 0.147554 0.052696 0.0652318 0.544502
0 0.202774 0.230361 0.0154564 0.0281639 0.541283
2 0.284799 0.228612 0.0224311 0.0148923 0.539669
2 0.370614 0.238929 0.0115165 0.0174276 0.539512
0 0.488987 0.236785 0.0191007 0.0303246 0.537666
0 0.200813 0.0172738 0.0198776 0.0345476 0.534876
2 0.401853 0.304712 0.0150413 0.0171515 0.533791
1 0.395956 0.373369 0.0149195 0.0180516 0.533558
0 0.162506 0.36019 0.0212495 0.0281529 0.532687
2 0.283178 0.197207 0.0211483 0.0158574 0.529106
2 0.302978 0.19623 0.0158359 0.0158758 0.528131
2 0.289694 0.342013 0.0206082 0.0152825 0.526527
2 0.383118 0.238562 0.0124264 0.0177461 0.520981
0 0.202135 0.255682 0.015723 0.0244238 0.519438
0 0.975531 0.490669 0.0479877 0.0898965 0.518892
0 0.199961 0.357186 0.0162005 0.0256751 0.518162
2 0.3436 0.256928 0.0140952 0.01541 0.516522
2 0.371218 0.205399 0.0103396 0.0169608 0.511675
0 0.792888 0.0715364 0.0524963 0.0715331 0.511414
2 0.284467 0.244141 0.0222191 0.0170488 0.509398
0 0.814136 0.224711 0.084137 0.0798369 0.50772
2 0.415057 0.339984 0.0159853 0.0164939 0.507129
2 0.269439 0.309331 0.0162127 0.0155106 0.504494
2 0.344682 0.305794 0.0187985 0.0159355 0.504032
2 0.368504 0.338939 0.0120846 0.0157213 0.503796
0 0.415882 0.356031 0.0190867 0.0146855 0.503622
