0 0.765293 0.379691 0.112753 0.0963166 0.88165
2 0.0404711 0.452937 0.0553673 0.090804 0.859001
0 0.763936 0.297292 0.112417 0.0903722 0.842888
1 0.569932 0.254418 0.0350098 0.0557839 0.813558
0 0.862531 0.3945 0.0844519 0.0841476 0.787313
1 0.570156 0.310785 0.0349243 0.0575692 0.786131
1 0.470153 0.288474 0.0177113 0.0244801 0.778356
0 0.928795 0.405336 0.0478645 0.072299 0.768634
2 0.312926 0.448761 0.0710152 0.0807728 0.765486
2 0.378885 0.288099 0.0186456 0.0173221 0.761829
2 0.287007 0.260939 0.0283564 0.0170021 0.749791
2 0.356378 0.272529 0.0172941 0.0157481 0.744471
2 0.358018 0.221914 0.0170076 0.0167174 0.744306
2 0.928267 0.489585 0.0477493 0.0933473 0.742169
1 0.331582 0.240776 0.00908938 0.0162799 0.740314
2 0.24648 0.443461 0.0559746 0.0826281 0.739016
2 0.286916 0.244339 0.0277737 0.0166803 0.726274
2 0.356228 0.288879 0.0168481 0.0168135 0.72599
2 0.765062 0.48254 0.106662 0.11667 0.725791
2 0.380143 0.271181 0.0178319 0.0173878 0.721199
0 0.520591 0.0399504 0.0382952 0.0489012 0.714273
2 0.380835 0.221605 0.0191953 0.0171264 0.710184
2 0.659888 0.321395 0.0149364 0.0392076 0.708144
2 0.287271 0.212665 0.0267727 0.0162123 0.705069
1 0.330129 0.29047 0.00977907 0.0159469 0.703478
2 0.435424 0.305476 0.0132123 0.0175457 0.700238
2 0.289241 0.357613 0.0204035 0.0149529 0.700199
1 0.266135 0.245522 0.0124195 0.0159642 0.699056
1 0.87882 0.488843 0.0492753 0.103334 0.694394
2 0.461651 0.451088 0.0761484 0.0856128 0.691109
2 0.393991 0.287919 0.010773 0.0172131 0.689241
2 0.0950431 0.444887 0.0521816 0.0866926 0.68786
2 0.340918 0.28934 0.0114338 0.0167517 0.685947
1 0.600499 0.0952719 0.0231293 0.0529299 0.684042
2 0.28672 0.293201 0.0257851 0.0149732 0.681486
2 0.35719 0.25564 0.0167827 0.0145718 0.674322
2 0.341091 0.273108 0.0112069 0.0158007 0.673897
2 0.394266 0.270694 0.0108739 0.018125 0.67379
0 0.880058 0.320559 0.0485731 0.0788062 0.673582
1 0.321681 0.291237 0.00891858 0.0160412 0.67186
2 0.406097 0.270876 0.014932 0.0172006 0.664287
2 0.404656 0.287906 0.0126525 0.0171718 0.66176
2 0.287017 0.22892 0.0273033 0.0150526 0.661726
0 0.987403 0.414562 0.0202854 0.0577907 0.660032
2 0.359054 0.205799 0.0161689 0.0173693 0.655127
2 0.109009 0.345525 0.0184787 0.0275558 0.654938
2 0.342594 0.222882 0.0116369 0.0165649 0.64675
1 0.566234 0.143505 0.0442129 0.0566147 0.639923
1 0.330584 0.273794 0.00964612 0.0166123 0.639771
2 0.403735 0.339333 0.0117578 0.0172251 0.637873
0 0.00472142 0.321025 0.00934615 0.0375069 0.635401
1 0.322014 0.241749 0.00937775 0.0154723 0.6347
2 0.414087 0.288009 0.012549 0.0177192 0.622201
2 0.108654 0.318711 0.0186657 0.0285641 0.62084
2 0.286883 0.308802 0.023947 0.0152006 0.620713
2 0.356891 0.23971 0.0175768 0.0183353 0.620572
1 0.599501 0.146572 0.0241421 0.053462 0.61271
1 0.599507 0.313016 0.0243665 0.0581627 0.610362
2 0.379867 0.254068 0.0193248 0.0161029 0.607881
2 0.356534 0.305799 0.015957 0.0161693 0.607479
2 0.0053876 0.468042 0.0107539 0.0875655 0.606037
2 0.413399 0.305077 0.0153133 0.016731 0.599892
0 0.861679 0.316412 0.0838252 0.0845683 0.599382
2 0.090571 0.344819 0.0187082 0.0298146 0.597595
2 0.289628 0.342281 0.0218179 0.0163821 0.597326
2 0.382123 0.205182 0.0193623 0.0175085 0.594859
2 0.435246 0.28785 0.0149997 0.017889 0.59418
2 0.380572 0.339249 0.0145392 0.0169148 0.592988
2 0.673054 0.318649 0.0128513 0.0407213 0.592357
2 0.965068 0.409934 0.0232008 0.0637866 0.588301
2 0.109381 0.376064 0.0194846 0.0393182 0.581712
1 0.266634 0.229431 0.0125193 0.0160256 0.579952
2 0.0726414 0.344569 0.0177941 0.0321475 0.579274
2 0.341126 0.306878 0.012225 0.0173327 0.578959
2 0.385455 0.450033 0.0709421 0.0805428 0.578527
2 0.370977 0.221898 0.0100507 0.0175547 0.577404
0 0.0256827 0.318048 0.0262987 0.0367845 0.576562
1 0.265645 0.262185 0.0117527 0.0170102 0.574742
2 0.96334 0.485364 0.0257317 0.0770493 0.57121
2 0.0513243 0.345251 0.0271803 0.0330891 0.570946
2 0.370216 0.288166 0.010963 0.0172446 0.569442
2 0.446595 0.338989 0.0129013 0.0188316 0.564536
2 0.287305 0.196115 0.0259642 0.0162558 0.563306
2 0.411258 0.253729 0.0182828 0.016382 0.561411
2 0.356358 0.339829 0.0152196 0.0167744 0.559865
2 0.417415 0.33938 0.0182903 0.0172841 0.557887
2 0.394616 0.220348 0.00964614 0.0155043 0.554673
1 0.543163 0.290232 0.0175486 0.0219583 0.554376
0 0.659945 0.36241 0.0157755 0.048206 0.554152
2 0.308002 0.227466 0.0152417 0.0152174 0.552514
2 0.986298 0.483283 0.022253 0.0722132 0.552505
2 0.0345994 0.382119 0.0473659 0.0544756 0.552336
1 0.568583 0.198834 0.0384064 0.0570131 0.549559
2 0.43384 0.271053 0.019619 0.0169343 0.548313
2 0.434365 0.253716 0.0161036 0.0178652 0.548251
1 0.265378 0.293642 0.0114516 0.0156042 0.546645
2 0.0527422 0.285821 0.0279397 0.0451672 0.544064
2 0.393135 0.339167 0.0108925 0.0172217 0.542308
2 0.0840234 0.135915 0.0197561 0.0527696 0.541295
2 0.43496 0.339151 0.0117106 0.0178433 0.539927
1 0.329965 0.306998 0.00958824 0.016886 0.539409
2 0.20008 0.355936 0.017508 0.0258257 0.537267
2 0.341698 0.339986 0.0136474 0.017037 0.535629
2 0.53819 0.455802 0.0675562 0.0820805 0.535371
2 0.488291 0.316577 0.0181654 0.0306719 0.532521
2 0.303787 0.307387 0.0098763 0.0142339 0.529607
0 0.488748 0.260079 0.0168839 0.0287842 0.52861
0 0.859837 0.181959 0.0803325 0.125625 0.526317
0 0.221475 0.184782 0.0151416 0.027991 0.526208
0 0.488138 0.348276 0.0186484 0.0312356 0.524987
2 0.405313 0.21957 0.015056 0.0152185 0.522788
2 0.195284 0.443457 0.0463897 0.0826953 0.522305
0 0.861054 0.216859 0.0821293 0.130715 0.520515
0 0.987245 0.352856 0.0189791 0.0645254 0.52006
1 0.321477 0.307636 0.00859145 0.0156353 0.511342
2 0.417459 0.3549 0.0186775 0.015079 0.511211
2 0.446772 0.287807 0.0112525 0.018336 0.510545
2 0.307407 0.176658 0.0127095 0.0199282 0.51004
2 0.051563 0.383029 0.0267083 0.0538024 0.507644
2 0.108525 0.288932 0.0190304 0.037113 0.504634
2 0.379759 0.306217 0.016625 0.0175495 0.503417
2 0.0266659 0.28432 0.0267834 0.0385245 0.503239
0 0.516209 0.28882 0.0358183 0.0238442 0.502994
0 0.192575 0.272792 0.0342006 0.0417809 0.501566
2 0.393581 0.305774 0.0106016 0.017955 0.500972
