0 0.0385415 0.382992 0.0560488 0.058771 0.889016
0 0.879534 0.319686 0.0475042 0.0855373 0.861496
0 0.928859 0.40631 0.0511837 0.0839227 0.859485
0 0.880493 0.398695 0.047221 0.0849058 0.85858
0 0.0387586 0.327434 0.0556302 0.0594876 0.857104
0 0.926981 0.332237 0.052763 0.0789011 0.850825
1 0.519096 0.0886313 0.0410728 0.0528881 0.847656
0 0.740613 0.383016 0.0657482 0.100579 0.847114
0 0.737989 0.290421 0.069903 0.0981369 0.846445
1 0.519031 0.195595 0.0432613 0.055259 0.83972
0 0.876283 0.241402 0.048322 0.0824819 0.829863
0 0.742109 0.486954 0.0594463 0.122958 0.820393
0 0.813026 0.488304 0.0908586 0.108503 0.811001
0 0.0404401 0.269957 0.0562063 0.0595229 0.810609
2 0.379446 0.287803 0.017185 0.01712 0.798467
0 0.976549 0.413423 0.0466583 0.0751397 0.797634
1 0.519272 0.140686 0.0424773 0.0550437 0.79165
2 0.0941885 0.44446 0.048944 0.0761353 0.79024
0 0.874117 0.165299 0.0490083 0.0771387 0.783333
0 0.928616 0.491145 0.0519794 0.0965411 0.781553
2 0.332249 0.22449 0.00952991 0.0167757 0.781177
2 0.331677 0.240758 0.00898933 0.01512 0.778846
1 0.519806 0.0379805 0.0408674 0.0529303 0.777947
0 0.975453 0.346986 0.0466789 0.0759499 0.774204
0 0.384839 0.455026 0.0802444 0.0819419 0.770662
0 0.815084 0.304149 0.0863441 0.0881812 0.767744
2 0.395482 0.287708 0.0140396 0.0167917 0.767658
0 0.924155 0.260688 0.051593 0.0797465 0.763518
2 0.419548 0.287795 0.0192924 0.0174168 0.762717
2 0.330292 0.289928 0.00952864 0.0154839 0.761564
2 0.330633 0.273731 0.00946417 0.0150266 0.756398
2 0.442478 0.201749 0.0216425 0.0185613 0.752315
1 0.566162 0.253397 0.0420162 0.0591115 0.751671
2 0.342773 0.222913 0.0114332 0.0171095 0.750822
1 0.56853 0.309762 0.0356005 0.0563511 0.74668
2 0.358675 0.222172 0.0163359 0.0169394 0.743139
2 0.442047 0.288046 0.0230804 0.0179172 0.741424
2 0.356237 0.288497 0.016305 0.0165333 0.740623
2 0.340747 0.288975 0.0113518 0.0164349 0.734555
0 0.9232 0.19483 0.0511383 0.0802457 0.733775
2 0.379347 0.270903 0.0183116 0.0164707 0.732561
2 0.421252 0.201656 0.0203138 0.0173436 0.728469
2 0.441554 0.305355 0.0228606 0.017472 0.728322
2 0.400909 0.202438 0.0205941 0.018162 0.728058
0 0.962161 0.211755 0.0303358 0.0748375 0.727742
1 0.565703 0.198182 0.0433012 0.0576006 0.727078
2 0.340834 0.273014 0.0108236 0.0147465 0.725809
2 0.420127 0.270341 0.0196184 0.0173552 0.723452
2 0.400283 0.220912 0.0205326 0.0176948 0.721224
2 0.397903 0.270638 0.0187733 0.0174137 0.721104
2 0.400486 0.287839 0.0191191 0.017198 0.717373
2 0.356801 0.272047 0.016834 0.0154098 0.716337
0 0.949463 0.0321473 0.029717 0.0642945 0.715961
0 0.814521 0.392466 0.0894531 0.0967787 0.715615
2 0.341262 0.239946 0.0107096 0.0162315 0.711679
2 0.44204 0.270178 0.0229177 0.0178358 0.710997
0 0.00536497 0.385993 0.0107299 0.0628578 0.705877
0 0.958392 0.146417 0.0303377 0.0642237 0.702042
2 0.42088 0.21816 0.0200083 0.0166843 0.701256
2 0.378833 0.221487 0.0209786 0.0175618 0.695188
2 0.44294 0.252552 0.0229455 0.017181 0.694144
2 0.38136 0.338131 0.0138167 0.0173316 0.693818
0 0.0441571 0.207781 0.054991 0.0627387 0.691221
1 0.161176 0.274122 0.0284447 0.0519222 0.687771
2 0.440973 0.338086 0.0228499 0.0202073 0.687476
2 0.359119 0.205158 0.0158212 0.0176437 0.686695
2 0.287158 0.260514 0.0271577 0.0164073 0.686161
2 0.443009 0.218468 0.0218962 0.0176228 0.684808
2 0.418084 0.307304 0.0184407 0.0213191 0.680075
1 0.518043 0.25074 0.0402853 0.0569809 0.679899
0 0.733107 0.0458189 0.0729829 0.0916379 0.678631
0 0.00986824 0.209675 0.0197365 0.0661925 0.677358
2 0.358038 0.256085 0.0166608 0.014502 0.677337
0 0.0970484 0.37921 0.0624981 0.0532943 0.671025
0 0.965159 0.279413 0.0343502 0.071683 0.668859
0 0.794305 0.139867 0.0517895 0.0836255 0.666425
2 0.33012 0.30608 0.00952396 0.0155413 0.665275
0 0.160702 0.178709 0.0280706 0.0520327 0.660916
2 0.379212 0.204531 0.0210878 0.0166469 0.658342
0 0.0982122 0.327896 0.0656706 0.0564717 0.655308
2 0.357858 0.23984 0.016514 0.0178284 0.654693
2 0.420615 0.252948 0.0193372 0.0167842 0.648449
0 0.00554371 0.328401 0.0110745 0.0611296 0.646496
2 0.343896 0.205933 0.0119478 0.0175141 0.645312
2 0.417018 0.338644 0.018515 0.0188689 0.642832
2 0.341228 0.306006 0.0129136 0.0162936 0.642727
2 0.381697 0.354191 0.0147173 0.0159806 0.637541
2 0.40244 0.338187 0.0123527 0.0184744 0.629466
2 0.305145 0.226816 0.00942123 0.0153086 0.62833
0 0.954987 0.0867851 0.0296818 0.062189 0.624462
2 0.394311 0.3378 0.0112497 0.0182934 0.623032
2 0.28771 0.212258 0.0280476 0.0153881 0.622136
2 0.380241 0.307187 0.0155948 0.0185336 0.614507
0 0.00845839 0.27121 0.0169168 0.0630956 0.614473
2 0.417145 0.354922 0.0184506 0.0162189 0.612529
1 0.490067 0.0371814 0.0194425 0.049851 0.612131
2 0.304609 0.242629 0.00857807 0.0153023 0.609819
1 0.489023 0.195065 0.0164789 0.053312 0.607469
2 0.356801 0.306124 0.0148371 0.0176545 0.604233
2 0.321399 0.290866 0.010295 0.0153901 0.601677
2 0.374923 0.22171 0.0168346 0.0174941 0.601238
2 0.320171 0.225918 0.0140968 0.0157126 0.600528
2 0.320867 0.242246 0.0118849 0.0152092 0.592757
2 0.267779 0.244228 0.0131027 0.0160858 0.59134
2 0.40202 0.354565 0.0132412 0.0163578 0.589735
2 0.393455 0.35427 0.0124607 0.0161903 0.585714
2 0.488892 0.373642 0.0193347 0.0215697 0.583607
0 0.0122576 0.143946 0.0244668 0.0754943 0.582923
1 0.489259 0.140735 0.0172088 0.0524921 0.581972
0 0.79648 0.219292 0.0502692 0.080653 0.581025
0 0.913809 0.0202745 0.0491871 0.0405491 0.58031
2 0.287472 0.29237 0.0237025 0.0154106 0.578467
1 0.563331 0.0902545 0.0455608 0.053569 0.574783
2 0.332715 0.20675 0.00909694 0.0175159 0.573486
2 0.287934 0.307657 0.0213701 0.013546 0.573103
2 0.286094 0.244127 0.0248805 0.0171409 0.572673
0 0.908643 0.0576906 0.040781 0.0522163 0.572524
2 0.0399544 0.454132 0.0607689 0.091413 0.571461
2 0.370051 0.287848 0.010823 0.0168374 0.570233
2 0.306104 0.196746 0.0093892 0.0158672 0.567441
2 0.303841 0.291475 0.00884553 0.0154811 0.566782
2 0.196698 0.449261 0.0392389 0.0726304 0.56639
1 0.470227 0.264527 0.0147545 0.0272869 0.565494
1 0.564994 0.142423 0.0453613 0.0567094 0.560652
2 0.357602 0.338722 0.0134894 0.015982 0.559022
2 0.378665 0.254044 0.019755 0.0161346 0.558975
0 0.0642496 0.0284481 0.0541989 0.0568962 0.55714
1 0.469578 0.289885 0.0151793 0.0220343 0.550059
2 0.540067 0.456784 0.0698259 0.0853494 0.544219
0 0.160354 0.133245 0.0301878 0.053383 0.540532
1 0.488194 0.260954 0.0170069 0.0339025 0.538654
0 0.790542 0.0234532 0.0506394 0.0469065 0.536545
0 0.975896 0.49272 0.0479572 0.0963655 0.535625
2 0.321156 0.273871 0.0102561 0.0157449 0.535561
2 0.303506 0.30702 0.00916281 0.0133382 0.534733
2 0.394062 0.306736 0.0113349 0.020723 0.531739
2 0.286142 0.228431 0.0247937 0.0144265 0.530051
2 0.247273 0.449623 0.0650024 0.0748507 0.524247
0 0.831314 0.393174 0.056979 0.093586 0.519427
2 0.341734 0.257778 0.0105228 0.0152038 0.506898
2 0.268691 0.228514 0.0124741 0.0139758 0.502933
