2 0.698613 0.401486 0.0225042 0.0411463 0.900661
1 0.496916 0.0942242 0.0329651 0.0409607 0.896027
2 0.727838 0.401177 0.0364171 0.0397903 0.895084
1 0.454065 0.183148 0.0537269 0.0456429 0.894665
2 0.534899 0.272859 0.0313427 0.04324 0.890579
1 0.453344 0.137122 0.0535714 0.0441676 0.88989
2 0.577525 0.272541 0.0533482 0.0425662 0.889014
2 0.727021 0.360846 0.0360868 0.0400833 0.887331
2 0.456527 0.274621 0.0559374 0.0461262 0.887232
1 0.720615 0.239701 0.0392509 0.0427918 0.885473
2 0.725742 0.320294 0.0359001 0.0412024 0.885058
1 0.144985 0.221921 0.0229319 0.0512239 0.884906
2 0.697235 0.318781 0.0221863 0.0401955 0.884876
2 0.662523 0.403486 0.04923 0.0415076 0.884148
2 0.698189 0.360101 0.022261 0.0407432 0.883934
1 0.315423 0.33135 0.0299573 0.0478769 0.881678
2 0.536879 0.317393 0.0301116 0.0430624 0.881346
2 0.659563 0.275388 0.050547 0.0416131 0.881256
2 0.414768 0.419604 0.028377 0.0453321 0.880996
1 0.718935 0.199817 0.0394241 0.0449544 0.880603
1 0.31469 0.136854 0.0342039 0.0489339 0.87932
2 0.455576 0.229378 0.0552219 0.0434138 0.879317
2 0.580446 0.361906 0.0531443 0.0446355 0.879294
1 0.497409 0.137231 0.0335524 0.0432615 0.878958
2 0.575757 0.229815 0.0533531 0.0426431 0.877961
2 0.413431 0.229711 0.0275957 0.0432295 0.877919
2 0.383062 0.276696 0.0319599 0.0455317 0.877863
1 0.574412 0.185284 0.0533951 0.0454949 0.876777
1 0.452993 0.0936784 0.0538332 0.0405848 0.876472
2 0.458127 0.369427 0.0564011 0.0471913 0.873522
1 0.144424 0.266372 0.022499 0.0513362 0.873349
1 0.41308 0.183639 0.0272454 0.0458622 0.872801
2 0.538305 0.363313 0.0286506 0.0441493 0.872581
1 0.653924 0.111719 0.0472317 0.0443068 0.872394
2 0.385421 0.374873 0.0277918 0.0457926 0.872364
2 0.458383 0.417439 0.0566058 0.0468891 0.872045
1 0.498015 0.181409 0.0336582 0.0437893 0.872004
1 0.316267 0.381351 0.0272772 0.0492383 0.870997
1 0.383103 0.184382 0.0320299 0.0451465 0.870758
2 0.579265 0.316769 0.0534602 0.0429775 0.870543
2 0.620836 0.316713 0.029023 0.0421138 0.87021
1 0.170363 0.354908 0.0302782 0.0472548 0.869651
2 0.457677 0.322041 0.0560917 0.0468648 0.868716
1 0.281203 0.140791 0.0334882 0.0501056 0.868325
1 0.348653 0.278323 0.0340769 0.0497138 0.867601
1 0.571752 0.101073 0.0542227 0.0435384 0.867522
1 0.314279 0.183937 0.0351914 0.0474817 0.866825
1 0.572992 0.142592 0.053582 0.0437163 0.86676
1 0.0825122 0.241364 0.0193503 0.0503145 0.866691
1 0.412464 0.0946262 0.0267281 0.0430379 0.866128
2 0.41445 0.372398 0.0282541 0.0462277 0.865993
1 0.531124 0.181688 0.0327883 0.0446968 0.865674
2 0.504286 0.318797 0.0332055 0.0433193 0.865364
2 0.66219 0.360734 0.0497363 0.0423658 0.865315
1 0.412755 0.138815 0.0272194 0.0443888 0.865188
2 0.502444 0.273311 0.0345655 0.0440884 0.864866
1 0.23616 0.15326 0.0560599 0.0555441 0.864797
1 0.17212 0.260471 0.0343597 0.0506423 0.864524
1 0.14674 0.176933 0.0231507 0.0497782 0.863592
2 0.581112 0.408334 0.0536758 0.0452935 0.86357
2 0.383929 0.326129 0.0304233 0.0461626 0.863468
1 0.529139 0.0950713 0.031481 0.0422357 0.86337
1 0.170993 0.308533 0.0329566 0.0505756 0.862858
1 0.173448 0.21506 0.0359464 0.0507114 0.862531
2 0.619458 0.273162 0.0304609 0.0419662 0.862439
1 0.314563 0.281374 0.0335219 0.0517499 0.861711
2 0.622475 0.360653 0.0272856 0.0431863 0.860902
2 0.539165 0.410038 0.027998 0.0453356 0.860363
1 0.655072 0.152086 0.0467119 0.0441918 0.860223
2 0.505337 0.364846 0.0334989 0.0445846 0.859491
1 0.314252 0.231292 0.0348394 0.0484165 0.858755
1 0.717515 0.161547 0.0393278 0.0438526 0.858572
1 0.143855 0.312209 0.0216202 0.0515846 0.858449
2 0.657883 0.23364 0.0489157 0.0424572 0.858041
2 0.698525 0.443433 0.0229065 0.0409943 0.857555
1 0.0815452 0.285257 0.0188522 0.0505228 0.857088
1 0.753333 0.243903 0.027977 0.0402489 0.856436
1 0.348541 0.134191 0.0337063 0.0487429 0.856089
1 0.28047 0.188643 0.0330621 0.0501412 0.856082
1 0.348542 0.228965 0.0335821 0.0474102 0.854902
1 0.716461 0.124115 0.0383588 0.0436763 0.854554
1 0.234926 0.294859 0.0564038 0.0514869 0.85443
2 0.623582 0.405441 0.0269185 0.0433209 0.854168
2 0.617888 0.230679 0.0309423 0.0424411 0.854142
1 0.235211 0.341966 0.0555344 0.0481584 0.853353
1 0.530032 0.138283 0.0326533 0.0429721 0.852985
2 0.413934 0.276141 0.027643 0.0453061 0.85242
2 0.533111 0.227955 0.0321931 0.0437014 0.852321
1 0.687977 0.156229 0.0206343 0.042589 0.852255
2 0.581585 0.455289 0.055238 0.0466088 0.850453
1 0.0811166 0.330262 0.018013 0.0501247 0.849992
2 0.414429 0.324329 0.0276896 0.0461667 0.84911
1 0.234951 0.247824 0.0562345 0.0529924 0.848842
1 0.235648 0.391483 0.0551136 0.0492143 0.847473
2 0.500509 0.228515 0.0342737 0.0431313 0.847153
2 0.661136 0.31744 0.0503098 0.0420093 0.847003
1 0.234991 0.20066 0.0561371 0.0546235 0.846774
1 0.34861 0.181704 0.0337349 0.0468011 0.845772
1 0.383196 0.140026 0.0317498 0.0442357 0.845669
1 0.656418 0.19195 0.0466473 0.0433982 0.844225
2 0.195067 0.397237 0.0225129 0.0474114 0.842593
2 0.53986 0.455794 0.0270775 0.0441857 0.841707
2 0.382925 0.229634 0.0320397 0.0436453 0.841434
1 0.383444 0.0957215 0.0308742 0.0444487 0.841231
1 0.283428 0.384385 0.0308321 0.0484873 0.840897
2 0.767323 0.400224 0.0416124 0.0396617 0.840688
1 0.0649084 0.335437 0.0160526 0.0493486 0.839843
2 0.458419 0.464411 0.0565411 0.0458046 0.838086
1 0.281041 0.286672 0.03266 0.0495071 0.835736
2 0.144686 0.45299 0.0238759 0.0473952 0.835373
1 0.61449 0.104716 0.0318905 0.0430749 0.835288
2 0.506065 0.412295 0.034506 0.0454607 0.834166
2 0.624303 0.450745 0.0273031 0.0464734 0.83356
1 0.615974 0.145204 0.0322163 0.0430495 0.833528
1 0.751773 0.205951 0.0272372 0.0414453 0.832629
1 0.0650871 0.291768 0.0175013 0.0510998 0.832279
1 0.0163274 0.311031 0.0199844 0.04964 0.832259
2 0.694963 0.277518 0.021482 0.0419013 0.831817
1 0.196799 0.302742 0.0200879 0.0497308 0.831321
1 0.616954 0.1877 0.0320751 0.0439042 0.828988
1 0.0154012 0.353216 0.0207136 0.049696 0.826996
2 0.110966 0.411685 0.0426115 0.0487612 0.82681
1 0.19779 0.255055 0.0186413 0.0494357 0.825413
2 0.0656028 0.466012 0.0168069 0.0432977 0.824178
1 0.687199 0.117384 0.02094 0.0402002 0.823063
2 0.169307 0.402124 0.0275172 0.0494412 0.818813
2 0.111823 0.457784 0.0415676 0.0454142 0.818718
1 0.316706 0.431404 0.0283365 0.0478053 0.815953
1 0.280378 0.23655 0.0328829 0.0490319 0.812974
2 0.349287 0.428167 0.0335586 0.0475291 0.812905
2 0.756895 0.321231 0.0285806 0.040945 0.812373
1 0.0662301 0.249016 0.018253 0.0516228 0.811854
2 0.755172 0.281716 0.0287071 0.0403486 0.811307
2 0.387016 0.421652 0.0250706 0.0428296 0.810939
2 0.169186 0.449907 0.025841 0.0475278 0.810713
1 0.175367 0.169582 0.0378234 0.0528202 0.810206
2 0.50655 0.460007 0.0367661 0.0456879 0.809998
2 0.236642 0.441009 0.0558733 0.0470993 0.806693
1 0.12682 0.186066 0.0213413 0.0510286 0.80637
2 0.415644 0.465889 0.0270482 0.0444346 0.803809
1 0.124348 0.230689 0.0224632 0.0517275 0.803128
2 0.0662327 0.506137 0.0168246 0.0369334 0.801182
2 0.082661 0.463417 0.0175326 0.0439184 0.800626
1 0.0182663 0.231213 0.0215098 0.0511258 0.800118
1 0.747023 0.131194 0.0253908 0.0452854 0.798105
1 0.0844331 0.198753 0.0192969 0.0532349 0.797793
2 0.0811549 0.419593 0.01676 0.0445792 0.795637
2 0.0151589 0.435102 0.0200528 0.046473 0.795134
1 0.10509 0.192297 0.0267867 0.0538238 0.791894
2 0.0161178 0.475516 0.0199582 0.0409921 0.790395
1 0.01702 0.272181 0.0209285 0.0457042 0.790199
1 0.102951 0.235482 0.026882 0.0519792 0.789205
1 0.199024 0.208607 0.0173719 0.0506445 0.788779
1 0.749476 0.168248 0.0261471 0.0424984 0.787246
1 0.0343254 0.347186 0.0181369 0.0509009 0.786842
1 0.0679666 0.205456 0.0184242 0.0540271 0.786195
1 0.015132 0.394072 0.020615 0.0447451 0.782976
2 0.662614 0.447777 0.0491688 0.0459578 0.778901
1 0.0333586 0.38905 0.0169482 0.0459425 0.777474
1 0.0652997 0.378349 0.01549 0.0469298 0.777131
2 0.0481958 0.425789 0.0163905 0.0465196 0.775611
2 0.0649269 0.422224 0.0161523 0.0458686 0.775504
2 0.0330429 0.430397 0.0166933 0.0476504 0.774974
2 0.195109 0.447064 0.0239014 0.0477546 0.774744
1 0.774779 0.24601 0.0179043 0.0390386 0.771544
1 0.689655 0.195676 0.0196777 0.0420684 0.767911
1 0.282431 0.335011 0.0336606 0.0471224 0.767087
1 0.19595 0.350065 0.0214993 0.0465776 0.766416
2 0.0338024 0.471556 0.0170483 0.0438592 0.76493
2 0.765494 0.361203 0.0419542 0.0391393 0.763459
1 0.101665 0.280182 0.025386 0.0519916 0.759763
1 0.123242 0.275086 0.0219756 0.052473 0.757595
1 0.35114 0.481016 0.0333004 0.0529865 0.754686
1 0.773208 0.210029 0.0185068 0.0393247 0.746263
2 0.0491356 0.468788 0.0159973 0.0433202 0.745943
1 0.317103 0.48626 0.0309633 0.0560371 0.745634
1 0.770778 0.174749 0.0191069 0.0382573 0.743562
2 0.170227 0.497499 0.0250387 0.0472363 0.740998
1 0.0804616 0.375402 0.0160181 0.049602 0.738143
1 0.144115 0.358564 0.0210061 0.0497496 0.737585
2 0.0831085 0.504904 0.0175554 0.0404574 0.730764
1 0.0507255 0.297813 0.0142968 0.0500328 0.715614
1 0.101507 0.324681 0.024875 0.0516108 0.71057
1 0.0517729 0.258053 0.0157813 0.0510083 0.702708
1 0.0357098 0.262041 0.0197696 0.0523799 0.701662
1 0.540609 0.489226 0.0257345 0.0215438 0.701583
1 0.0499198 0.342398 0.0157841 0.0483534 0.695566
1 0.348353 0.378153 0.0342656 0.0495099 0.694303
1 0.123314 0.319898 0.0213606 0.05062 0.693247
2 0.0347877 0.510042 0.0160599 0.0347446 0.68955
2 0.0170674 0.511912 0.0207779 0.0345024 0.685718
1 0.0492586 0.216315 0.0232137 0.0562059 0.683018
2 0.110355 0.36768 0.0439457 0.0521523 0.678398
1 0.035088 0.304091 0.0197865 0.0507635 0.675486
1 0.0487012 0.383876 0.0167176 0.0453069 0.673155
2 0.144097 0.40585 0.0217752 0.0494629 0.672633
1 0.0431507 0.218469 0.0311592 0.0570363 0.671121
2 0.0498454 0.508418 0.0159264 0.034699 0.649401
1 0.0422796 0.262095 0.0327083 0.0533518 0.637527
1 0.76802 0.442815 0.0402356 0.0453202 0.627418
1 0.199989 0.163641 0.0161829 0.0469357 0.622963
1 0.769028 0.142358 0.0179468 0.0327735 0.586995
2 0.112376 0.502745 0.041688 0.042177 0.585443
1 0.00383325 0.280116 0.0076665 0.0441555 0.582379
2 0.195618 0.49471 0.0246961 0.0481131 0.56771
1 0.115694 0.320059 0.0364293 0.0513139 0.56686
1 0.284202 0.489674 0.0320772 0.056875 0.564361
2 0.722996 0.279511 0.0375227 0.042802 0.560543
1 0.109974 0.323692 0.0415772 0.0511346 0.55222
2 0.104331 0.502883 0.0259245 0.0418047 0.534661
2 0.284321 0.489318 0.0316957 0.0570172 0.527502
2 0.0034046 0.479237 0.00680919 0.0403954 0.522516
1 0.00449883 0.240901 0.00897854 0.0465396 0.521993
1 0.383518 0.0622417 0.0297733 0.0238834 0.516433
2 0.283908 0.434902 0.031667 0.0477431 0.513523
1 0.00387894 0.316112 0.00765307 0.0464031 0.512706
2 0.23725 0.491405 0.0561704 0.0524015 0.512294
1 0.348292 0.328363 0.0344741 0.0471151 0.506178
2 0.764229 0.321531 0.0427148 0.0409253 0.501369
