2 0.661472 0.318625 0.0485006 0.0415716 0.90208
1 0.454099 0.183275 0.0544415 0.0469989 0.893964
2 0.578768 0.271565 0.0532978 0.0432724 0.89143
2 0.580411 0.316461 0.0529619 0.0447036 0.886071
2 0.620554 0.273422 0.0311224 0.0416926 0.88314
1 0.414654 0.323691 0.0287804 0.0467473 0.881831
2 0.697038 0.319303 0.022965 0.041193 0.881726
1 0.415834 0.466172 0.0282633 0.0432036 0.880594
2 0.662612 0.404525 0.0480558 0.0424045 0.879463
1 0.0819207 0.286349 0.0192992 0.0515368 0.879037
1 0.145873 0.222484 0.0225165 0.051945 0.878557
1 0.453524 0.0940633 0.0533314 0.0450319 0.876259
1 0.414332 0.276118 0.0284086 0.0445597 0.876244
2 0.581449 0.363625 0.0528178 0.0466107 0.874244
1 0.315238 0.137619 0.0345497 0.0487853 0.874146
1 0.53043 0.0953536 0.0321774 0.0441374 0.873938
2 0.536046 0.271897 0.0316987 0.0430313 0.873546
1 0.314808 0.184961 0.0350602 0.0474972 0.873259
1 0.145619 0.453291 0.0242246 0.0465257 0.873136
1 0.45362 0.138723 0.0541609 0.0434423 0.871492
2 0.662352 0.361528 0.0480808 0.0431657 0.870877
1 0.144936 0.267633 0.0222561 0.0532561 0.870622
1 0.315998 0.433198 0.0301813 0.0516351 0.870495
2 0.662706 0.446861 0.0481738 0.0411272 0.870401
2 0.538296 0.316995 0.03004 0.0440448 0.870151
1 0.0829941 0.242306 0.0190225 0.0512506 0.870033
1 0.720258 0.200127 0.0403168 0.0447111 0.868944
2 0.502716 0.27333 0.0346588 0.0437893 0.868639
2 0.505853 0.366343 0.0341725 0.046833 0.868344
2 0.539455 0.364574 0.029392 0.0464971 0.86807
1 0.314897 0.283552 0.03418 0.0565184 0.867712
2 0.622119 0.317258 0.0295259 0.043541 0.867361
1 0.171621 0.310493 0.0334343 0.0532808 0.867256
1 0.412924 0.184916 0.0275265 0.0476955 0.866943
1 0.531858 0.18249 0.0331249 0.0438856 0.866927
1 0.412666 0.139576 0.0277045 0.0438127 0.865964
2 0.660008 0.276541 0.0488932 0.0407333 0.865161
2 0.658619 0.234343 0.0484022 0.0423272 0.865096
1 0.531074 0.139145 0.0330139 0.042361 0.865004
1 0.383336 0.278137 0.0309025 0.046292 0.864926
1 0.413214 0.0948238 0.0270178 0.044696 0.863979
2 0.504714 0.319072 0.0335175 0.0443687 0.863833
1 0.349321 0.279514 0.0353565 0.0520181 0.863681
1 0.656102 0.1523 0.0471312 0.0435486 0.862929
1 0.497225 0.0933776 0.0336149 0.0444182 0.862811
1 0.173065 0.262142 0.0358281 0.0535335 0.862796
1 0.349008 0.134812 0.0334052 0.0482984 0.86259
1 0.169663 0.449763 0.0245218 0.0476223 0.861186
1 0.497563 0.138002 0.0339441 0.0434499 0.860994
2 0.506414 0.460137 0.0361265 0.0465831 0.860978
1 0.238805 0.44214 0.0590246 0.0502233 0.860847
1 0.721897 0.239973 0.0395269 0.0426588 0.860712
1 0.0810584 0.331662 0.019316 0.050435 0.860206
1 0.34944 0.229597 0.0344623 0.0479994 0.859886
2 0.457665 0.322219 0.0555912 0.0473149 0.859481
1 0.718872 0.162613 0.0399677 0.0442131 0.858946
1 0.383034 0.186381 0.0326469 0.0485364 0.858824
1 0.314922 0.232373 0.0349456 0.049154 0.857804
2 0.500841 0.227585 0.035309 0.0451895 0.857324
1 0.498676 0.182015 0.0342995 0.0435798 0.857146
1 0.382986 0.140547 0.0326278 0.04474 0.857118
2 0.61877 0.230635 0.0311598 0.0426288 0.854513
1 0.281854 0.142028 0.0334751 0.0495599 0.854305
1 0.237794 0.394469 0.0581548 0.0498245 0.853199
1 0.349115 0.182643 0.0338754 0.047006 0.852999
1 0.315601 0.381655 0.0294518 0.0516693 0.852923
2 0.506249 0.414135 0.0352205 0.0459678 0.852811
1 0.144388 0.313125 0.0221301 0.0524917 0.852742
1 0.689164 0.157363 0.0199982 0.0416587 0.852674
1 0.147763 0.178822 0.0218593 0.0523495 0.852637
1 0.238931 0.493981 0.0594214 0.0555537 0.852499
1 0.146649 0.499925 0.0240437 0.0476468 0.849871
1 0.10557 0.193616 0.0267017 0.053014 0.849514
1 0.23615 0.153931 0.05635 0.055048 0.849305
1 0.383878 0.0959631 0.0324959 0.0458329 0.849218
2 0.539903 0.411711 0.0292288 0.0455953 0.847879
1 0.281002 0.18921 0.0335599 0.0479819 0.847401
1 0.657199 0.192162 0.0469139 0.0429086 0.846367
1 0.284892 0.491697 0.0304681 0.0596419 0.846001
2 0.0663769 0.466809 0.0160721 0.0454301 0.845347
1 0.753078 0.206647 0.0269814 0.0408124 0.845284
1 0.754351 0.244172 0.0274368 0.0422683 0.844503
2 0.533964 0.228328 0.0332176 0.0440028 0.841469
2 0.458434 0.370355 0.0564993 0.0473178 0.840902
2 0.623234 0.362045 0.0284693 0.04509 0.840721
1 0.717733 0.123942 0.0393271 0.0448007 0.83967
1 0.102467 0.281002 0.0256636 0.0521792 0.839114
1 0.61557 0.105894 0.0319829 0.0429903 0.83907
2 0.582235 0.409534 0.053496 0.04443 0.838802
2 0.726512 0.320441 0.0367568 0.0410637 0.838509
1 0.617594 0.187363 0.0323504 0.0413011 0.838121
1 0.0811866 0.376765 0.018057 0.049479 0.837923
1 0.383098 0.231434 0.031774 0.044923 0.837058
1 0.65479 0.113558 0.0472416 0.0432213 0.836478
2 0.624005 0.406189 0.0273943 0.043554 0.836395
1 0.386894 0.470387 0.0284822 0.0440694 0.835472
1 0.616715 0.146679 0.0324835 0.0427631 0.834673
1 0.127584 0.187062 0.0233367 0.0510416 0.833781
1 0.413629 0.230915 0.0279396 0.043539 0.833505
1 0.124501 0.275587 0.0224492 0.0512369 0.831424
1 0.174633 0.214437 0.0370627 0.0534826 0.831327
1 0.169432 0.403606 0.0249597 0.0490484 0.829642
2 0.0826103 0.464027 0.0193009 0.0452047 0.829201
1 0.103705 0.236432 0.0268409 0.0512725 0.828238
1 0.350237 0.329269 0.037137 0.0464848 0.827628
2 0.697567 0.361372 0.0227581 0.0418459 0.8276
1 0.125791 0.230608 0.0223187 0.0510393 0.826827
1 0.281001 0.236713 0.0331643 0.0496454 0.826322
1 0.064751 0.335415 0.0167041 0.0482936 0.825276
1 0.195061 0.447365 0.0264534 0.04819 0.823664
1 0.0847516 0.199351 0.0190905 0.0518257 0.823384
1 0.176289 0.170396 0.0378116 0.0520671 0.822649
1 0.315673 0.488597 0.0315748 0.0587192 0.822091
1 0.19696 0.305079 0.0206675 0.0525764 0.819476
1 0.0664245 0.249421 0.0182238 0.0524895 0.818397
1 0.351264 0.486735 0.038238 0.0590489 0.818229
1 0.0655191 0.292036 0.0179005 0.05067 0.816219
2 0.624819 0.449681 0.0271248 0.0434782 0.816198
2 0.57736 0.229341 0.0525281 0.0428964 0.8151
1 0.281425 0.289476 0.0338247 0.0570435 0.813958
2 0.768674 0.401108 0.0431176 0.0385684 0.813568
1 0.144963 0.407942 0.0232231 0.048283 0.812003
1 0.144476 0.361547 0.0211266 0.050292 0.808355
1 0.0164259 0.313547 0.0192433 0.0468946 0.808073
1 0.0651828 0.379253 0.0161353 0.0486893 0.805841
1 0.688401 0.117902 0.0202957 0.0433598 0.805029
1 0.169813 0.358803 0.0285954 0.047841 0.796519
1 0.198783 0.256102 0.0187426 0.0511205 0.795802
1 0.350852 0.431038 0.0382198 0.0519596 0.794671
1 0.0663202 0.508794 0.0176956 0.0409696 0.794462
2 0.582796 0.454729 0.0544907 0.0457949 0.793106
1 0.123923 0.320021 0.0217708 0.0491831 0.792464
1 0.751257 0.169004 0.0268753 0.0422866 0.792304
2 0.72739 0.361766 0.0375031 0.0400906 0.785366
1 0.0683227 0.207323 0.0187962 0.0534717 0.785187
2 0.698023 0.444843 0.0223921 0.0387027 0.781142
1 0.235325 0.201387 0.0555428 0.053414 0.77712
2 0.698075 0.403606 0.0227009 0.0424018 0.772982
1 0.690854 0.196303 0.0207949 0.042635 0.772529
1 0.170398 0.497849 0.0253855 0.0501893 0.771344
1 0.749428 0.131718 0.0276732 0.0449859 0.769209
1 0.195657 0.496215 0.0269011 0.0520177 0.768975
1 0.28492 0.436194 0.0309871 0.0506317 0.767463
1 0.101742 0.32588 0.0240555 0.0519427 0.76714
1 0.0172901 0.274117 0.0190864 0.0504194 0.764961
2 0.0492751 0.470238 0.0164737 0.0448725 0.763228
1 0.350351 0.379173 0.038644 0.0502853 0.760875
2 0.727845 0.402955 0.0374814 0.04155 0.760335
1 0.77551 0.246789 0.0176245 0.0378089 0.753279
2 0.45542 0.229806 0.0544128 0.0443956 0.75196
2 0.0333297 0.431911 0.0160348 0.0429578 0.74436
1 0.0188393 0.232231 0.0216742 0.0484153 0.743366
1 0.654596 0.0805932 0.0465609 0.0317064 0.743134
1 0.0494853 0.51115 0.0170474 0.0380164 0.7416
1 0.0418869 0.220883 0.0283678 0.0580273 0.740468
1 0.23515 0.297403 0.057408 0.0579028 0.737443
1 0.284097 0.386541 0.0306367 0.0488916 0.732199
1 0.199978 0.209165 0.0169768 0.0521296 0.730161
1 0.77234 0.174413 0.0175589 0.0383469 0.726208
2 0.385829 0.375442 0.0285441 0.0481472 0.722321
1 0.0369128 0.264225 0.0220864 0.054302 0.719776
1 0.692402 0.237484 0.0203646 0.0419965 0.717533
2 0.0485753 0.427468 0.0165966 0.0443841 0.711669
2 0.768901 0.43442 0.0419903 0.0269284 0.701873
1 0.774187 0.210204 0.0177698 0.0400855 0.701396
1 0.0519305 0.260272 0.0161218 0.0549332 0.699716
1 0.0511607 0.297949 0.0144758 0.0478705 0.698218
1 0.0350098 0.512365 0.0148764 0.036331 0.696721
1 0.45895 0.463674 0.0570948 0.0441149 0.695299
1 0.315508 0.333405 0.0311555 0.0448973 0.694517
1 0.0345235 0.343774 0.0186903 0.0451235 0.693463
1 0.239061 0.248018 0.0495662 0.0535726 0.693043
1 0.0840434 0.506186 0.0203203 0.0422124 0.689383
1 0.587959 0.102753 0.0243385 0.0428747 0.686039
1 0.0350693 0.30409 0.0196839 0.0507943 0.679685
1 0.0175382 0.352758 0.0166221 0.0425112 0.672595
2 0.1134 0.460088 0.0429277 0.0461302 0.669824
1 0.195037 0.399975 0.0255424 0.0498693 0.668142
1 0.385097 0.326171 0.0284753 0.0463192 0.666941
1 0.112112 0.414065 0.0420196 0.0477068 0.664908
1 0.559681 0.101319 0.0271353 0.0427098 0.664072
2 0.540298 0.457213 0.0290089 0.0461176 0.661948
1 0.283163 0.341344 0.0324943 0.0436603 0.660803
2 0.0338062 0.3942 0.0162967 0.0398209 0.65511
1 0.777455 0.285183 0.0190393 0.0382372 0.654396
2 0.456662 0.275318 0.0550457 0.0446837 0.643476
1 0.236494 0.347695 0.0577407 0.0471731 0.641954
1 0.588679 0.185836 0.0266211 0.0432328 0.637205
2 0.386381 0.424782 0.028613 0.0476166 0.635766
2 0.766406 0.362082 0.041025 0.0381721 0.63499
1 0.0504331 0.338959 0.0140142 0.0473492 0.625909
1 0.0177123 0.514258 0.0196047 0.0349957 0.624482
1 0.755633 0.283622 0.0268969 0.0402829 0.62117
1 0.0173666 0.476764 0.0213257 0.0422234 0.615967
1 0.0495394 0.218264 0.0231383 0.0567744 0.615402
2 0.757735 0.322731 0.0268959 0.0399919 0.610783
1 0.0159653 0.35766 0.0192062 0.049567 0.606883
1 0.11065 0.370143 0.0416419 0.0488967 0.602582
2 0.415452 0.421498 0.0288027 0.0467144 0.598108
1 0.459016 0.417695 0.0566046 0.0471744 0.593557
1 0.0653153 0.424187 0.0162943 0.0465203 0.586708
2 0.0840151 0.507339 0.0198417 0.0437086 0.586513
1 0.415003 0.372879 0.028812 0.047138 0.585997
1 0.587921 0.144331 0.0264289 0.0424601 0.583779
1 0.201317 0.164503 0.0156362 0.0465835 0.576786
1 0.195502 0.353063 0.0234758 0.0475047 0.576022
1 0.00392348 0.317711 0.00771969 0.0399988 0.567541
1 0.728818 0.437452 0.0360074 0.0270631 0.560357
1 0.561088 0.184478 0.0260298 0.0436003 0.558497
1 0.724263 0.280195 0.0374321 0.0414787 0.553527
1 0.560336 0.142977 0.0266239 0.0423803 0.548659
1 0.727658 0.402811 0.0373505 0.0416775 0.547755
1 0.727405 0.361559 0.0368492 0.0396493 0.534819
2 0.0346734 0.473278 0.0152057 0.0455329 0.530253
1 0.575124 0.185648 0.0546244 0.043758 0.530173
1 0.415366 0.421558 0.0287781 0.0458762 0.520063
1 0.00419935 0.28217 0.00839871 0.0465595 0.513717
2 0.458857 0.418039 0.05723 0.0475515 0.505176
2 0.727949 0.441849 0.0379732 0.0341361 0.503769
