1 0.452989 0.139567 0.0537888 0.0428967 0.902659
2 0.726248 0.360713 0.0365667 0.0398889 0.898525
2 0.72457 0.319712 0.0374983 0.0397305 0.886814
1 0.412581 0.185055 0.0275413 0.0461575 0.88253
1 0.45361 0.183976 0.0535042 0.0463103 0.882126
2 0.766558 0.399783 0.0406702 0.0384164 0.880422
1 0.720286 0.240292 0.0391849 0.0407416 0.879438
2 0.575762 0.228583 0.052548 0.0429168 0.878389
1 0.572976 0.143569 0.0530111 0.0439376 0.877939
1 0.452577 0.0958264 0.053981 0.0426442 0.873794
2 0.619425 0.272981 0.0284706 0.0413334 0.872209
1 0.111102 0.324991 0.0441126 0.0512739 0.871368
1 0.574354 0.185517 0.0527092 0.0427558 0.871232
1 0.412292 0.140277 0.0273286 0.0428624 0.870911
0 0.455351 0.230222 0.0548304 0.0426847 0.87042
1 0.653348 0.112622 0.0475943 0.0465155 0.869817
1 0.412072 0.0976382 0.0268785 0.040085 0.869502
1 0.571687 0.101291 0.0526707 0.0431264 0.868922
2 0.765746 0.361101 0.0415885 0.0382199 0.86826
2 0.577872 0.272194 0.053167 0.0417114 0.867725
1 0.496927 0.139205 0.0327311 0.0418034 0.865227
1 0.114016 0.194642 0.0441901 0.0519047 0.865019
1 0.313295 0.284115 0.0334302 0.0525073 0.864988
1 0.715288 0.123024 0.038616 0.0452896 0.86334
2 0.727562 0.443074 0.0366465 0.0414032 0.862255
1 0.0806379 0.331906 0.0185885 0.0497472 0.861971
1 0.232971 0.29642 0.0604389 0.0549277 0.860547
1 0.718656 0.200398 0.0391332 0.0456006 0.860016
1 0.716943 0.160843 0.0392685 0.0423014 0.859895
2 0.764649 0.320452 0.0424229 0.0409724 0.859491
1 0.0811828 0.286892 0.0202118 0.0508817 0.858696
1 0.112031 0.281565 0.0444284 0.0535056 0.858068
2 0.69717 0.360095 0.02097 0.0403692 0.857746
1 0.382206 0.185949 0.0323784 0.0449487 0.857568
2 0.621379 0.316781 0.0264673 0.0413063 0.856787
1 0.113095 0.236964 0.0443098 0.0545185 0.855336
1 0.347417 0.28066 0.0350218 0.0509342 0.854656
1 0.14489 0.224327 0.0222335 0.0516566 0.854189
2 0.726921 0.401349 0.0365009 0.0394031 0.853629
1 0.386872 0.470255 0.031382 0.0462586 0.852785
1 0.382165 0.14099 0.032451 0.0441184 0.852171
1 0.172349 0.263154 0.0361745 0.053099 0.851095
1 0.654245 0.152675 0.0473263 0.0454838 0.849244
1 0.143788 0.268346 0.0222899 0.0531099 0.848755
1 0.52863 0.0948482 0.0331516 0.0440495 0.848173
1 0.144738 0.455651 0.0238529 0.0473243 0.847078
1 0.145888 0.18086 0.0221492 0.0495342 0.846167
1 0.497588 0.182194 0.0331702 0.0424143 0.844721
1 0.616455 0.187218 0.0315127 0.0414793 0.844375
1 0.173338 0.21716 0.0367522 0.0511372 0.8435
1 0.313935 0.187086 0.0353675 0.0469718 0.842777
1 0.171956 0.309825 0.0364706 0.0508273 0.842106
2 0.458537 0.417718 0.0562401 0.045652 0.842006
1 0.145069 0.501734 0.0237006 0.0451729 0.841398
1 0.351397 0.481704 0.0351507 0.0524088 0.841055
2 0.617639 0.229806 0.0302322 0.0410116 0.84039
1 0.614308 0.104604 0.0309426 0.0425686 0.83958
1 0.413538 0.276986 0.0272751 0.0445509 0.835901
2 0.662304 0.445561 0.0491552 0.0418842 0.834731
1 0.233447 0.344477 0.059027 0.0510931 0.834131
1 0.234469 0.393092 0.0560103 0.052099 0.833306
1 0.687809 0.156751 0.0205414 0.041816 0.831348
1 0.529677 0.139186 0.0336784 0.0417283 0.830979
1 0.615534 0.146159 0.031341 0.04464 0.830436
1 0.174577 0.17313 0.0371895 0.0492897 0.829966
1 0.143191 0.314026 0.0219181 0.051341 0.828466
1 0.313526 0.23475 0.034522 0.0496177 0.828155
1 0.759857 0.242256 0.04019 0.0379842 0.826661
1 0.382077 0.23164 0.0320533 0.043496 0.825136
1 0.233203 0.248922 0.0597006 0.0537259 0.824831
1 0.6865 0.117364 0.0198658 0.0428447 0.823847
1 0.496274 0.0953417 0.0315096 0.0433209 0.823618
1 0.347678 0.231737 0.034365 0.0477032 0.822327
1 0.112277 0.504759 0.0414393 0.0468257 0.821787
1 0.315644 0.433285 0.0289031 0.047361 0.821256
1 0.0825197 0.245747 0.0208365 0.0495855 0.821088
1 0.280127 0.239966 0.0329698 0.0501954 0.820735
1 0.28039 0.288806 0.0329032 0.0512596 0.819885
1 0.530834 0.182114 0.0334202 0.0435053 0.818163
1 0.281094 0.144229 0.0311719 0.0498938 0.816819
1 0.656092 0.191591 0.0473057 0.0419548 0.81536
1 0.348088 0.184489 0.0334078 0.0462293 0.812641
1 0.111658 0.459563 0.0431855 0.0465452 0.81185
1 0.234391 0.203187 0.0592875 0.0532106 0.810724
1 0.236 0.157404 0.0595363 0.0513593 0.810309
1 0.314313 0.13946 0.0353634 0.0478888 0.809537
2 0.662088 0.403367 0.0481713 0.0402795 0.809348
1 0.0650055 0.336039 0.0166706 0.0502196 0.809232
2 0.580348 0.362188 0.0540289 0.0442423 0.80892
1 0.0653274 0.251693 0.0179591 0.050878 0.80882
1 0.280135 0.192278 0.0323118 0.0499465 0.806985
1 0.31649 0.483491 0.0304591 0.0493981 0.804484
1 0.753268 0.166777 0.0352308 0.0405826 0.800533
1 0.348581 0.135695 0.0339516 0.0499898 0.799747
2 0.385096 0.375171 0.030297 0.0451274 0.798437
2 0.660449 0.317282 0.0484805 0.0409572 0.798341
2 0.697992 0.4018 0.0212449 0.0399214 0.795912
1 0.281203 0.336748 0.0340422 0.0463345 0.795035
2 0.698043 0.443905 0.021379 0.0412183 0.792959
1 0.0835586 0.204387 0.0200223 0.0491801 0.788316
1 0.748662 0.129423 0.0305569 0.0419706 0.786912
1 0.0648724 0.29286 0.0173587 0.0499921 0.784081
2 0.695958 0.318557 0.0205952 0.0391557 0.782227
2 0.415994 0.419805 0.026746 0.0442615 0.780678
1 0.0653317 0.380632 0.0163888 0.0483088 0.77248
2 0.236291 0.492513 0.0557263 0.0510906 0.771161
1 0.756382 0.204491 0.0367794 0.0416598 0.77044
2 0.657478 0.233061 0.0482431 0.0417132 0.770376
1 0.23516 0.44276 0.0552619 0.0476893 0.769982
1 0.144341 0.407559 0.0229048 0.0500319 0.768172
2 0.767062 0.441219 0.0406248 0.0422396 0.767553
1 0.110635 0.36889 0.04454 0.0506627 0.764891
1 0.171711 0.355664 0.0339171 0.0494425 0.764379
1 0.459029 0.463781 0.0559694 0.0455258 0.762731
2 0.383884 0.326954 0.0304439 0.0450858 0.761727
1 0.281834 0.385609 0.0348687 0.0503281 0.761213
2 0.581551 0.454644 0.0541465 0.0476366 0.759975
2 0.722454 0.279369 0.0385756 0.0410661 0.759743
1 0.0333099 0.391127 0.0164947 0.0472109 0.756564
1 0.382713 0.0973872 0.0323168 0.0408126 0.755021
1 0.0668347 0.209637 0.0172612 0.0479124 0.751876
1 0.0493079 0.343497 0.0170763 0.0502574 0.744429
1 0.033874 0.34908 0.0169723 0.0518263 0.740912
1 0.0482117 0.385517 0.0165987 0.0488186 0.740268
2 0.623707 0.448912 0.0257734 0.0434242 0.739257
1 0.110838 0.413328 0.0441959 0.0487239 0.734072
2 0.658988 0.275275 0.0487469 0.0411707 0.731449
2 0.0344888 0.473482 0.0168531 0.0443368 0.730707
2 0.621966 0.360788 0.0261435 0.0427109 0.727871
1 0.415049 0.373051 0.0269032 0.0452572 0.725176
1 0.033305 0.307027 0.016809 0.0526458 0.724181
1 0.0830616 0.507947 0.0186947 0.045232 0.723774
1 0.313711 0.332369 0.0308138 0.0465752 0.723322
1 0.143522 0.361396 0.0217441 0.0484528 0.72158
2 0.520849 0.412714 0.0635635 0.0446976 0.719721
1 0.315069 0.381955 0.027682 0.0505875 0.717632
2 0.661526 0.360875 0.0487521 0.0420271 0.709167
1 0.382524 0.278489 0.0315622 0.0462786 0.708927
1 0.0421909 0.263401 0.032001 0.0574194 0.708703
2 0.500224 0.227131 0.0334216 0.0424158 0.696779
1 0.416548 0.467934 0.0261106 0.0467987 0.690862
1 0.0480211 0.303853 0.0186019 0.0536552 0.684274
1 0.0378017 0.265572 0.0244657 0.0555945 0.678396
2 0.457143 0.322276 0.0549768 0.0461411 0.677934
2 0.51875 0.273014 0.0638581 0.0438546 0.671602
1 0.689346 0.195204 0.0200392 0.0406095 0.671503
1 0.350309 0.429444 0.0357328 0.0475794 0.67058
2 0.532557 0.227239 0.0326742 0.043363 0.666501
2 0.0495533 0.470555 0.0149384 0.0443978 0.662443
1 0.0436351 0.304027 0.0273385 0.053236 0.66079
1 0.0433735 0.221022 0.0319014 0.0540298 0.658369
2 0.4577 0.370136 0.0554874 0.0463633 0.657164
2 0.506021 0.272872 0.0398527 0.044086 0.657029
2 0.0333377 0.432331 0.0162187 0.0465394 0.655997
2 0.533072 0.272263 0.0351225 0.0429663 0.654909
0 0.456247 0.274834 0.0549381 0.0441791 0.643596
2 0.623214 0.404715 0.0253363 0.041246 0.636484
2 0.282305 0.436173 0.0332243 0.0478058 0.630276
1 0.34756 0.329862 0.0362059 0.0466266 0.628559
2 0.0152316 0.436188 0.0192459 0.0452822 0.626467
2 0.170411 0.403259 0.0285122 0.049205 0.62415
1 0.762976 0.281303 0.0421429 0.0381833 0.619387
1 0.412949 0.230764 0.0273845 0.0430293 0.618495
2 0.520443 0.365925 0.0635034 0.0453961 0.614406
1 0.0807011 0.375767 0.0171507 0.0501283 0.598555
2 0.012911 0.477534 0.0151743 0.0435382 0.58435
1 0.169271 0.451892 0.0248147 0.0471241 0.581108
1 0.0177623 0.314861 0.0161969 0.0449937 0.571017
2 0.521051 0.460701 0.0629151 0.0490975 0.563983
1 0.0142264 0.396994 0.017094 0.0433334 0.551598
2 0.0817703 0.465443 0.0182606 0.0442928 0.550879
1 0.652548 0.0780984 0.0467031 0.0316597 0.543666
2 0.0499594 0.512963 0.0153214 0.0427751 0.533279
1 0.198391 0.21108 0.0158466 0.0500417 0.52515
1 0.169722 0.49925 0.024845 0.0473035 0.515021
2 0.348564 0.379256 0.0369402 0.0485847 0.508975
1 0.414319 0.32497 0.0268576 0.0450547 0.506157
2 0.581014 0.407673 0.0538841 0.0426617 0.500916
2 0.0652099 0.467988 0.0174512 0.04481 0.500776
