1 0.45314 0.094661 0.0540835 0.0439263 0.900438
2 0.416078 0.465648 0.0287778 0.044122 0.888383
1 0.453709 0.183967 0.0538178 0.0463628 0.888352
2 0.662 0.402797 0.0501588 0.0421631 0.887723
2 0.457475 0.322163 0.0572536 0.0464127 0.885348
1 0.316057 0.382113 0.0299804 0.0515457 0.883546
2 0.698207 0.401548 0.0226952 0.0411702 0.882768
2 0.660775 0.318133 0.0503338 0.041783 0.879997
2 0.45875 0.417383 0.0570866 0.047409 0.878347
1 0.412864 0.185076 0.0277699 0.0453427 0.877983
1 0.717107 0.160494 0.0397367 0.0431719 0.877024
1 0.453355 0.13933 0.0539658 0.0442813 0.876619
1 0.571689 0.101178 0.0530722 0.0423262 0.875905
2 0.727541 0.401137 0.0374444 0.0400479 0.874494
2 0.619114 0.273657 0.0315323 0.0420297 0.874418
2 0.575417 0.229088 0.0526117 0.0427611 0.874399
2 0.458072 0.36969 0.0575741 0.0471736 0.87417
2 0.57715 0.272383 0.0527071 0.0427491 0.874014
2 0.62036 0.317313 0.0307901 0.0425412 0.873704
2 0.728001 0.442243 0.0368555 0.0410282 0.873635
1 0.382466 0.185772 0.0334396 0.0435496 0.872798
1 0.114176 0.193413 0.0451108 0.0554297 0.872647
1 0.572497 0.142057 0.0530317 0.043886 0.871269
1 0.412605 0.140589 0.0278578 0.0438753 0.871191
1 0.347773 0.32872 0.0353011 0.0517587 0.870668
1 0.0809362 0.286759 0.019723 0.050946 0.870411
2 0.5788 0.316426 0.0530571 0.0428313 0.868908
2 0.697472 0.360115 0.0222466 0.0405299 0.868773
2 0.724553 0.319324 0.0378904 0.0399905 0.868548
1 0.144955 0.223484 0.0222017 0.053228 0.868137
1 0.573936 0.184734 0.0525879 0.0434031 0.867832
1 0.655931 0.192143 0.0465452 0.04212 0.867799
2 0.695942 0.318899 0.022011 0.0406254 0.864878
1 0.111193 0.323632 0.0455872 0.0524392 0.864584
2 0.662202 0.445653 0.0498673 0.0424898 0.864474
1 0.653941 0.152327 0.0464912 0.0433822 0.864217
2 0.617732 0.230242 0.0319479 0.0426514 0.863373
1 0.653065 0.112246 0.0458707 0.0422303 0.862903
2 0.459276 0.463509 0.0560925 0.0448976 0.861246
1 0.382822 0.141761 0.0334751 0.0430708 0.861035
2 0.726444 0.360277 0.0376038 0.0412471 0.860983
1 0.316877 0.432831 0.03118 0.0490379 0.860335
1 0.314118 0.187035 0.036095 0.0466632 0.859967
1 0.112717 0.236675 0.0450505 0.0540704 0.857124
1 0.383188 0.0967563 0.0342867 0.0438125 0.856593
1 0.412796 0.0958177 0.027265 0.0442457 0.856261
1 0.49653 0.0946492 0.0332436 0.0434509 0.85588
2 0.621588 0.361281 0.0295385 0.0432619 0.855089
1 0.111879 0.280903 0.0445306 0.0548941 0.854921
1 0.31386 0.282271 0.0344513 0.0503657 0.854667
1 0.0806935 0.330692 0.0178054 0.0490992 0.852972
1 0.146138 0.180161 0.0214619 0.0499552 0.852654
2 0.579886 0.361441 0.0537649 0.0449173 0.852134
1 0.347686 0.279158 0.0345692 0.0483191 0.85148
2 0.456665 0.275528 0.0568118 0.0453482 0.851001
1 0.314639 0.331208 0.0326009 0.0509716 0.850655
1 0.348451 0.137797 0.0339612 0.0466557 0.850191
1 0.313716 0.233636 0.035545 0.0486278 0.849653
1 0.718734 0.199073 0.03995 0.0448633 0.849353
2 0.659454 0.275469 0.0496897 0.041926 0.847826
1 0.720568 0.238586 0.0405428 0.0426778 0.847505
1 0.235022 0.344272 0.056657 0.0507622 0.847337
1 0.715549 0.122621 0.0394306 0.0429401 0.84632
1 0.110856 0.367578 0.0467651 0.0530584 0.846095
1 0.348149 0.184936 0.0340086 0.0452651 0.845563
1 0.496982 0.138542 0.0336922 0.0441402 0.845274
1 0.616503 0.185911 0.0323708 0.0412422 0.844367
1 0.171609 0.26238 0.0348892 0.0522163 0.842764
1 0.14379 0.268626 0.0220791 0.0536238 0.842743
1 0.235396 0.392985 0.0562567 0.0519829 0.842571
2 0.62256 0.404855 0.0286482 0.0439072 0.842533
1 0.615391 0.144873 0.0318152 0.042765 0.841817
1 0.170693 0.309161 0.0339984 0.0520654 0.841644
2 0.415394 0.42084 0.0289072 0.0449068 0.839309
2 0.504422 0.319118 0.0340864 0.044403 0.837683
1 0.347809 0.231569 0.0342942 0.0472758 0.83741
2 0.661626 0.360586 0.0503561 0.041541 0.836457
2 0.537125 0.317348 0.0300928 0.0429971 0.83625
1 0.314594 0.140178 0.0353663 0.0470982 0.835736
1 0.234807 0.296129 0.0575541 0.0526929 0.834275
1 0.144029 0.358626 0.0194842 0.0477849 0.834001
1 0.497861 0.182215 0.0339472 0.0439386 0.832804
1 0.687442 0.156287 0.0212032 0.0416826 0.83224
2 0.536109 0.272645 0.0299604 0.0441527 0.831493
1 0.143433 0.313429 0.0207672 0.0514835 0.831183
1 0.0672853 0.378931 0.0124858 0.0494953 0.830519
2 0.623423 0.448566 0.0286431 0.0439499 0.830424
2 0.756036 0.319584 0.0265989 0.0403577 0.830306
1 0.0820671 0.245104 0.0199149 0.0497542 0.828098
1 0.351662 0.483718 0.0353371 0.057918 0.826846
1 0.111797 0.459242 0.0444445 0.0486272 0.825556
2 0.698352 0.443237 0.0229566 0.0405087 0.823435
1 0.755379 0.280536 0.0266717 0.0395588 0.823314
2 0.580924 0.40773 0.0534893 0.0448663 0.823198
1 0.753675 0.241716 0.0273785 0.0401997 0.820873
2 0.503107 0.272874 0.0341597 0.045588 0.820623
1 0.686161 0.11722 0.020503 0.0392695 0.820422
1 0.234912 0.249642 0.0580702 0.0507837 0.819356
2 0.505499 0.365293 0.0345034 0.0468497 0.818542
2 0.414778 0.372872 0.0277409 0.0470373 0.817733
1 0.382226 0.231244 0.0334925 0.0444788 0.816085
1 0.0654094 0.251844 0.0178253 0.0502754 0.815929
1 0.530637 0.18236 0.0330282 0.0445863 0.814592
1 0.235505 0.158209 0.0581396 0.0505464 0.813144
2 0.757192 0.35971 0.0260614 0.0404109 0.813072
1 0.382496 0.278392 0.0330908 0.0457305 0.81149
1 0.614155 0.103954 0.0314252 0.0415926 0.81088
2 0.759607 0.399275 0.0272389 0.0386394 0.8098
1 0.0642494 0.293305 0.0178104 0.0504323 0.809492
1 0.0650936 0.335322 0.0164669 0.0499849 0.808383
1 0.382989 0.326365 0.0325828 0.0465262 0.806175
1 0.173213 0.216926 0.0368756 0.0532862 0.806111
1 0.0837241 0.203746 0.0197683 0.0502145 0.804692
1 0.143964 0.406174 0.0214612 0.0531898 0.801114
2 0.581118 0.453111 0.0552433 0.0448115 0.801065
1 0.317151 0.484767 0.0325276 0.0521167 0.80096
1 0.688927 0.194759 0.0210012 0.0405975 0.799522
1 0.234956 0.201952 0.0581508 0.0534217 0.798543
1 0.0802354 0.375021 0.0161754 0.0505075 0.796308
1 0.176114 0.172633 0.0408372 0.051095 0.796237
1 0.169641 0.355716 0.0315215 0.0489334 0.795118
1 0.280792 0.143985 0.033443 0.0483736 0.793223
1 0.144868 0.454742 0.0236681 0.0494549 0.785394
1 0.529187 0.0952064 0.0337912 0.0445327 0.783455
1 0.385951 0.468872 0.0303656 0.0425411 0.780811
1 0.529752 0.138927 0.0338085 0.0441918 0.778775
1 0.722218 0.278939 0.0399525 0.0402511 0.775927
2 0.41427 0.324414 0.027578 0.04617 0.775066
1 0.03348 0.390476 0.0143309 0.0472649 0.774362
2 0.065218 0.467999 0.0174534 0.0437441 0.772629
1 0.0457384 0.385966 0.0143367 0.0497557 0.772404
2 0.538304 0.363489 0.0292522 0.0461197 0.772372
2 0.693286 0.277907 0.0211294 0.040528 0.768999
2 0.0814529 0.465529 0.0181156 0.044499 0.764948
1 0.236003 0.442445 0.0565754 0.0498361 0.762782
1 0.751926 0.204643 0.027993 0.0387183 0.762455
1 0.350422 0.429464 0.036524 0.0492631 0.762439
1 0.195724 0.351911 0.0219118 0.0488548 0.761679
2 0.0801472 0.420963 0.0168739 0.0497881 0.760038
2 0.0641147 0.424526 0.0176793 0.0492626 0.757502
1 0.2842 0.486962 0.0328339 0.0515778 0.753589
1 0.0673355 0.20975 0.0174821 0.0476422 0.752508
1 0.751603 0.166319 0.0316414 0.0413998 0.752472
2 0.38391 0.375937 0.0318325 0.0483429 0.752151
1 0.236546 0.492716 0.0565941 0.0513889 0.747394
1 0.749143 0.128923 0.0296198 0.0395443 0.742382
1 0.0330641 0.307171 0.0163649 0.0511996 0.74143
2 0.0341493 0.474404 0.0163525 0.0432248 0.738199
1 0.280152 0.192768 0.0328037 0.0507454 0.738037
2 0.0832025 0.507881 0.0193994 0.0464664 0.734626
2 0.049718 0.512544 0.0162804 0.0425602 0.733177
2 0.0489292 0.470968 0.0157956 0.0427127 0.727441
2 0.500485 0.228543 0.0344202 0.0417572 0.724116
1 0.0476471 0.302888 0.0187205 0.0519353 0.708989
2 0.0159069 0.477836 0.0197825 0.0418155 0.708639
1 0.348745 0.379669 0.0364503 0.0517239 0.705304
1 0.0353997 0.2654 0.0198703 0.0548387 0.70522
2 0.385031 0.424223 0.0308822 0.0467486 0.704817
2 0.779476 0.359931 0.0186045 0.0385269 0.703978
2 0.0158762 0.516917 0.0193467 0.0383043 0.702045
1 0.111017 0.412865 0.0454535 0.0531501 0.701388
2 0.113032 0.506227 0.0434252 0.0478706 0.699276
1 0.0156726 0.355423 0.0188746 0.0430431 0.698994
2 0.0662349 0.51061 0.0187317 0.0437353 0.698152
1 0.0327735 0.348115 0.0144573 0.047267 0.69776
2 0.77837 0.321381 0.0188314 0.0383775 0.691483
1 0.0369456 0.224108 0.0206661 0.0520569 0.688728
1 0.168577 0.402647 0.0298095 0.0517058 0.683318
2 0.194909 0.399301 0.0233394 0.0491525 0.682854
2 0.0340557 0.514685 0.016887 0.0426175 0.672093
1 0.0174823 0.316365 0.0167947 0.042659 0.668233
1 0.773817 0.244736 0.0150873 0.0398912 0.666845
2 0.194536 0.447278 0.0245511 0.0490487 0.665042
2 0.50608 0.413205 0.0351372 0.0468426 0.66353
2 0.146464 0.501736 0.0245971 0.0465701 0.657633
1 0.776781 0.282228 0.0178986 0.0377981 0.656345
1 0.413175 0.230984 0.0278053 0.0430825 0.653534
1 0.0537886 0.381833 0.0127866 0.0511737 0.64433
2 0.691012 0.236472 0.0209019 0.0423629 0.640135
1 0.196323 0.303443 0.0199135 0.0501612 0.636932
1 0.0157228 0.394741 0.0203319 0.0443712 0.636379
2 0.657732 0.232739 0.0484059 0.0427838 0.633006
1 0.198218 0.211027 0.0171345 0.051361 0.630836
2 0.533713 0.228709 0.0310668 0.0427663 0.619505
1 0.0513477 0.259065 0.0161115 0.0531805 0.616007
2 0.766969 0.399158 0.0415846 0.0390209 0.610964
1 0.0530851 0.216542 0.0160066 0.0498173 0.61047
1 0.0515497 0.339622 0.0141499 0.0489804 0.608658
1 0.0566042 0.381651 0.0133756 0.0510161 0.599592
1 0.197075 0.256715 0.017985 0.0487898 0.595914
1 0.0460738 0.344393 0.0154946 0.047562 0.590258
2 0.519941 0.413321 0.0632126 0.0478141 0.590216
1 0.972927 0.422949 0.0137648 0.0421158 0.586356
1 0.280039 0.241468 0.0328381 0.0518136 0.583927
1 0.41655 0.502543 0.0278198 0.0293501 0.577518
1 0.0626086 0.379818 0.0146447 0.0508185 0.558001
1 0.772651 0.208252 0.014493 0.0370672 0.550292
1 0.170192 0.499137 0.0271142 0.0477741 0.537861
2 0.520923 0.458203 0.064217 0.0470569 0.537689
2 0.779527 0.398647 0.0186502 0.0380234 0.53588
2 0.0159799 0.436614 0.0196488 0.0466326 0.534272
2 0.7665 0.439409 0.0390477 0.0418515 0.529867
1 0.413741 0.27723 0.0277202 0.045364 0.526814
1 0.168867 0.450944 0.027078 0.0493912 0.516983
2 0.506196 0.459709 0.0354487 0.0462592 0.509867
