1 0.145729 0.221171 0.0221686 0.0493095 0.893804
1 0.453153 0.0938114 0.0539989 0.0420869 0.890863
1 0.144838 0.267154 0.0216911 0.0507828 0.8905
1 0.496664 0.0936788 0.0335817 0.0427347 0.884219
1 0.234481 0.341856 0.0555905 0.0474507 0.88166
2 0.579186 0.316868 0.0518342 0.0451879 0.881604
1 0.453637 0.182349 0.0537638 0.0468859 0.881267
2 0.416455 0.466521 0.0278774 0.0461863 0.881085
1 0.313979 0.185158 0.0347536 0.0482221 0.880902
2 0.456999 0.274596 0.0557826 0.0453754 0.879682
1 0.720505 0.238521 0.0404297 0.0420976 0.879627
1 0.572819 0.142025 0.0530641 0.0442148 0.878285
2 0.537306 0.316998 0.0309271 0.044434 0.878272
2 0.38318 0.276357 0.0323713 0.0451697 0.878118
1 0.718876 0.199242 0.0403826 0.0441629 0.877609
1 0.574041 0.184527 0.0530988 0.0445809 0.877117
2 0.455374 0.229611 0.0556083 0.0445378 0.876586
1 0.497561 0.181071 0.0340255 0.044886 0.876431
1 0.45322 0.136944 0.0533845 0.0445674 0.876399
2 0.575644 0.228883 0.0538582 0.0431359 0.875534
2 0.580282 0.362502 0.0514242 0.0464294 0.874721
2 0.504355 0.318506 0.0341608 0.0452306 0.874663
2 0.458097 0.32151 0.0561068 0.0468343 0.874306
1 0.147448 0.176314 0.0222038 0.0510061 0.873668
2 0.45831 0.368725 0.0566484 0.0473365 0.873621
1 0.111886 0.32219 0.0439456 0.0514531 0.873204
2 0.661017 0.317802 0.0499624 0.042848 0.87294
2 0.620736 0.316494 0.031165 0.0443949 0.872577
1 0.496962 0.137009 0.0337242 0.044632 0.872551
1 0.173385 0.214207 0.0343299 0.0504475 0.871819
2 0.577547 0.272335 0.0528046 0.0455655 0.87181
1 0.348234 0.27665 0.0341527 0.0470039 0.871666
1 0.31359 0.232323 0.0344465 0.0487582 0.870859
1 0.717515 0.160364 0.0405697 0.0451384 0.870575
1 0.0832954 0.241368 0.0188636 0.0501159 0.87048
1 0.531001 0.18144 0.0329425 0.0451303 0.870214
2 0.619616 0.272316 0.0318672 0.0442257 0.870158
1 0.652886 0.111756 0.0462988 0.0436877 0.87005
2 0.413227 0.230047 0.0276751 0.0437764 0.869845
1 0.412373 0.0956667 0.0277127 0.042809 0.86935
1 0.383315 0.184865 0.0318163 0.0470228 0.869319
2 0.413652 0.27594 0.0277237 0.0450957 0.86894
1 0.169755 0.353676 0.0295712 0.0473292 0.86847
1 0.571923 0.101106 0.0535709 0.0419962 0.868457
2 0.727974 0.441974 0.0373741 0.0403493 0.868409
1 0.412803 0.183961 0.0273377 0.0478516 0.867651
1 0.171892 0.260758 0.0330671 0.0502037 0.86755
2 0.661683 0.403233 0.0505161 0.0428613 0.867306
2 0.661428 0.360415 0.0500677 0.0429476 0.867152
1 0.529462 0.0945169 0.0331612 0.0432396 0.866916
2 0.538624 0.362988 0.0305803 0.0461046 0.866902
2 0.415395 0.418809 0.0283199 0.0460775 0.866821
2 0.535027 0.272329 0.0323145 0.0448451 0.866673
1 0.144376 0.312673 0.0205095 0.050201 0.866074
2 0.505252 0.364525 0.0347235 0.0463197 0.865792
2 0.69823 0.401222 0.0222061 0.0417967 0.865708
1 0.234602 0.294685 0.0551624 0.050591 0.865696
2 0.458559 0.416981 0.0564453 0.0476676 0.865647
1 0.314823 0.137129 0.033979 0.0495283 0.865155
1 0.281268 0.141609 0.0328527 0.0497715 0.865108
1 0.170737 0.30744 0.032414 0.0501768 0.864908
2 0.502357 0.272664 0.0347214 0.0444387 0.864792
1 0.0820929 0.285341 0.0180209 0.0506236 0.864512
1 0.348257 0.228899 0.0341621 0.0465619 0.86384
2 0.459066 0.463292 0.055186 0.0457143 0.862984
2 0.726391 0.360365 0.0373627 0.041107 0.862928
1 0.530115 0.137962 0.0338787 0.044736 0.862834
1 0.112369 0.277982 0.0439193 0.0548106 0.862723
1 0.113175 0.23507 0.0443627 0.0555559 0.861993
2 0.659557 0.274229 0.050099 0.0432 0.860596
2 0.621155 0.361189 0.0300793 0.0443923 0.860499
2 0.538748 0.410001 0.0301138 0.0459602 0.859807
2 0.384245 0.324565 0.0305014 0.0458439 0.85971
1 0.348204 0.324353 0.034075 0.047663 0.859562
2 0.113644 0.504396 0.0403373 0.0477602 0.858887
2 0.111492 0.41064 0.0425656 0.0497421 0.858797
2 0.696355 0.318834 0.0218319 0.0409349 0.858648
2 0.724485 0.319678 0.037735 0.0410249 0.858318
1 0.383391 0.140319 0.0309636 0.0429922 0.857969
1 0.752768 0.24149 0.0259359 0.0412019 0.857328
2 0.727354 0.401039 0.0373679 0.0408612 0.857174
1 0.348768 0.182214 0.0344471 0.0475109 0.856119
1 0.412447 0.138965 0.0269711 0.0435209 0.855965
1 0.279665 0.333632 0.0317959 0.0456406 0.85589
1 0.280447 0.189624 0.032696 0.0483971 0.85573
1 0.313556 0.279855 0.0336182 0.0494764 0.855428
1 0.716149 0.122504 0.0400337 0.0459812 0.855277
2 0.414387 0.323487 0.0270546 0.0467677 0.854587
1 0.348989 0.134251 0.0339539 0.0487108 0.854456
2 0.580779 0.408699 0.052302 0.0449023 0.853967
2 0.414839 0.371595 0.0275443 0.046863 0.853662
1 0.313639 0.328108 0.0321484 0.0487163 0.853162
1 0.383268 0.0974836 0.03089 0.0440871 0.852407
1 0.234837 0.200361 0.055928 0.0541662 0.852142
1 0.27975 0.286356 0.0323482 0.0475319 0.851523
1 0.0811309 0.329857 0.0173064 0.0472898 0.850752
1 0.751805 0.204119 0.0269406 0.041922 0.85045
2 0.532861 0.227332 0.0323206 0.0435332 0.85038
2 0.500002 0.227564 0.0345097 0.0440676 0.850004
2 0.385996 0.373839 0.027917 0.0454247 0.849746
2 0.61813 0.229319 0.0316383 0.0431349 0.848323
1 0.654086 0.152083 0.0465611 0.0444731 0.847429
2 0.112439 0.457682 0.0412552 0.0465456 0.846333
2 0.236151 0.440841 0.0548345 0.0468735 0.845751
1 0.0652865 0.334132 0.0157252 0.0462362 0.845075
2 0.661784 0.446804 0.0501511 0.0440235 0.845017
2 0.505308 0.411972 0.0351555 0.0478758 0.844767
2 0.65763 0.231764 0.048509 0.043773 0.84472
2 0.621669 0.40492 0.0296566 0.0425196 0.844532
1 0.750495 0.16686 0.0279046 0.0435009 0.844378
2 0.383098 0.230448 0.032449 0.0437674 0.844317
1 0.115067 0.19009 0.0438448 0.0569571 0.844136
1 0.236183 0.153624 0.0556098 0.0527639 0.842474
2 0.169043 0.401201 0.0271271 0.0491147 0.842322
2 0.697624 0.359737 0.0218834 0.0408448 0.842165
2 0.194679 0.397105 0.0229538 0.0483463 0.841921
2 0.580831 0.447461 0.0540543 0.034424 0.841312
1 0.0653749 0.291624 0.0172603 0.049173 0.840935
2 0.23713 0.489517 0.055138 0.0506811 0.840788
1 0.615592 0.144279 0.031802 0.044401 0.84037
1 0.686163 0.115591 0.0211847 0.0419507 0.839923
1 0.754265 0.280519 0.0260714 0.0406419 0.839125
1 0.234712 0.247421 0.0551746 0.0511523 0.838093
2 0.767321 0.439506 0.0403317 0.0386647 0.836716
2 0.766934 0.400069 0.042086 0.039542 0.834816
2 0.69357 0.277228 0.0205896 0.0424279 0.834175
1 0.197391 0.256074 0.0182353 0.0475073 0.833207
1 0.616793 0.185584 0.0315997 0.0432572 0.833206
1 0.196149 0.302218 0.0200877 0.0476666 0.833203
1 0.687464 0.155094 0.0216736 0.0436251 0.833202
1 0.27977 0.237749 0.0322797 0.0494903 0.832889
1 0.194923 0.348857 0.0206919 0.0451199 0.831766
2 0.386332 0.422283 0.028702 0.0460993 0.831206
2 0.144225 0.404669 0.0204396 0.0499125 0.830795
2 0.084547 0.505809 0.019478 0.0460949 0.829993
1 0.748031 0.129693 0.0269135 0.0435179 0.829747
1 0.655987 0.191226 0.0469878 0.0430627 0.829359
2 0.698101 0.443321 0.0226469 0.0419927 0.827103
1 0.0445063 0.217977 0.0320349 0.0559949 0.826979
1 0.614161 0.103941 0.0314142 0.0425985 0.823731
1 0.0847937 0.198305 0.0192911 0.0520412 0.823043
1 0.175193 0.169318 0.034901 0.0510459 0.822291
1 0.198601 0.208742 0.0169739 0.0495702 0.818483
1 0.0666752 0.249215 0.0174338 0.0501911 0.815574
2 0.144699 0.453147 0.0226359 0.0455026 0.81473
2 0.349823 0.428824 0.0325809 0.0477293 0.814093
1 0.68911 0.195173 0.0203566 0.0437183 0.813692
1 0.0429549 0.260385 0.0324179 0.0520571 0.808159
2 0.0656516 0.465575 0.0166886 0.0439321 0.807975
2 0.0826914 0.462011 0.0182132 0.0437159 0.804936
2 0.146685 0.500195 0.0234587 0.0465859 0.803359
1 0.0171427 0.311004 0.018988 0.0503075 0.802291
1 0.0417355 0.302085 0.0318357 0.0513496 0.800059
1 0.721929 0.278755 0.0395859 0.0425557 0.799938
2 0.170956 0.496927 0.0260849 0.0486398 0.799653
1 0.0663341 0.375545 0.0132857 0.0451767 0.799496
2 0.348578 0.377659 0.0330039 0.0508828 0.795867
2 0.755613 0.320315 0.0261808 0.0410612 0.791203
2 0.504852 0.46024 0.0347422 0.047644 0.789738
2 0.0812082 0.416475 0.0168566 0.0488603 0.789277
2 0.195292 0.446491 0.0243402 0.0462414 0.787489
2 0.16933 0.449227 0.0265341 0.0457286 0.785557
1 0.0808097 0.370639 0.0166053 0.0452016 0.784576
2 0.0670944 0.508971 0.0179138 0.0436217 0.78148
2 0.19648 0.493673 0.025267 0.0482556 0.781402
1 0.772704 0.207285 0.017325 0.0400065 0.778241
1 0.0680784 0.205394 0.0173687 0.0522192 0.778005
1 0.0181228 0.271289 0.0194165 0.0474731 0.777556
1 0.01596 0.351878 0.0198438 0.0472855 0.770542
2 0.0164691 0.475528 0.0196971 0.0419564 0.770017
1 0.0190158 0.232151 0.0203969 0.0472481 0.768663
2 0.622316 0.447032 0.0286613 0.0410183 0.768585
2 0.040587 0.427592 0.0299853 0.0474887 0.767705
2 0.0644906 0.421172 0.0155143 0.0462589 0.766176
2 0.017793 0.514757 0.0204583 0.0406582 0.76509
1 0.768727 0.133376 0.0181267 0.0403105 0.763444
1 0.77102 0.170558 0.0177006 0.0408211 0.76274
1 0.776452 0.282413 0.0194805 0.0383189 0.760554
2 0.280327 0.384116 0.0296103 0.0494715 0.760113
2 0.762596 0.360246 0.0361805 0.0392083 0.759855
2 0.280951 0.435435 0.0295815 0.0467258 0.753352
1 0.0410322 0.383442 0.0310102 0.050202 0.745046
2 0.0418373 0.471091 0.0308964 0.0447322 0.743245
1 0.773552 0.244321 0.0178121 0.0406656 0.735993
2 0.31576 0.380088 0.0293237 0.0516451 0.73499
1 0.0408492 0.343431 0.0300573 0.0476956 0.726898
1 0.31608 0.431513 0.0296975 0.0463503 0.722195
1 0.0140539 0.393674 0.0171775 0.0461782 0.713613
2 0.235224 0.392424 0.0541309 0.0510233 0.702101
1 0.458732 0.498472 0.0543554 0.0279989 0.700853
2 0.14413 0.357627 0.0197769 0.0479173 0.694515
2 0.046626 0.511651 0.0249014 0.0420619 0.694423
2 0.0144945 0.434726 0.0175449 0.0456109 0.693761
1 0.00437937 0.279136 0.00875873 0.0464778 0.690497
2 0.386907 0.469682 0.0300482 0.0460159 0.68777
2 0.35192 0.479093 0.0314147 0.0489057 0.681785
1 0.387909 0.505006 0.0300701 0.0239638 0.656334
1 0.417093 0.50229 0.0271082 0.0232417 0.651274
2 0.53865 0.449283 0.0299474 0.0347044 0.629546
1 0.00408223 0.316343 0.00811476 0.0470969 0.620955
2 0.003632 0.478347 0.00726401 0.0399256 0.617329
1 0.316902 0.481067 0.0338036 0.0482003 0.609923
1 0.199609 0.164794 0.0164563 0.0461599 0.609679
2 0.00410428 0.516515 0.00820856 0.0384901 0.609587
1 0.00464118 0.239431 0.00928236 0.0460363 0.595015
2 0.777786 0.321035 0.0204419 0.0402679 0.574185
1 0.95778 0.385649 0.0156181 0.027984 0.571599
1 0.282334 0.485304 0.0313784 0.0472795 0.506493
2 0.778259 0.360767 0.020823 0.0389708 0.501371
