1 0.453 0.0929414 0.0533487 0.0426605 0.904769
1 0.145671 0.221367 0.0218316 0.0503245 0.885848
1 0.144769 0.267734 0.0218204 0.0520748 0.878585
2 0.580394 0.361598 0.051858 0.0459037 0.87827
1 0.571401 0.0999225 0.0534777 0.0419086 0.876713
1 0.453078 0.137164 0.0538031 0.0433688 0.875682
1 0.572583 0.141594 0.0531153 0.0432079 0.875376
1 0.453309 0.182359 0.053752 0.0453698 0.874985
1 0.717109 0.159342 0.0400581 0.0450198 0.874614
1 0.313784 0.184999 0.034455 0.0485153 0.874605
1 0.49626 0.0929953 0.0338039 0.0428124 0.87452
1 0.0819403 0.286127 0.0175097 0.0496854 0.873519
1 0.314335 0.381555 0.030469 0.0502872 0.873022
1 0.412475 0.0950098 0.0268576 0.0432753 0.872101
1 0.348003 0.277362 0.0336151 0.0499879 0.871898
2 0.383191 0.276094 0.0324345 0.0449669 0.871647
1 0.718899 0.19855 0.0399138 0.0444074 0.871566
2 0.458476 0.321234 0.0556499 0.0470291 0.871331
2 0.579796 0.316362 0.0520203 0.0436387 0.871107
2 0.458853 0.368309 0.0558624 0.0466532 0.870869
2 0.578298 0.271918 0.0531384 0.0446192 0.870686
2 0.722574 0.277064 0.0391762 0.0416471 0.870083
1 0.111662 0.322659 0.0438372 0.0503753 0.869847
2 0.457523 0.273619 0.0552409 0.0459019 0.869024
1 0.0815521 0.330833 0.016961 0.0495075 0.868321
1 0.147558 0.176469 0.0214738 0.0511794 0.867939
1 0.170823 0.30867 0.0320761 0.0508375 0.867643
2 0.538482 0.361815 0.0288353 0.045118 0.867332
2 0.539409 0.408903 0.0279421 0.04559 0.867094
1 0.529077 0.0936992 0.0311758 0.0414309 0.866856
1 0.412437 0.182951 0.0270326 0.0460852 0.866769
2 0.580797 0.407326 0.0519773 0.0440275 0.866498
2 0.459109 0.41582 0.0564823 0.047172 0.866333
1 0.383335 0.184776 0.0310774 0.0458626 0.866022
2 0.659283 0.272837 0.0482962 0.0418775 0.865846
1 0.49728 0.181553 0.0336543 0.043415 0.865013
1 0.114824 0.191528 0.045094 0.0570589 0.864535
2 0.726339 0.359035 0.0373104 0.0414301 0.864121
1 0.530695 0.181262 0.0327394 0.043683 0.863665
2 0.726982 0.435346 0.0357768 0.0294335 0.863588
1 0.57412 0.183773 0.0533918 0.0433663 0.863399
1 0.31372 0.280846 0.0339658 0.0514801 0.862801
2 0.385036 0.374186 0.0298645 0.0456632 0.862101
1 0.615397 0.143826 0.0312665 0.0439466 0.862022
2 0.69593 0.316643 0.0217747 0.0409544 0.861836
1 0.496767 0.137318 0.0338279 0.0439801 0.861536
1 0.144251 0.313051 0.020922 0.0509454 0.861211
2 0.504876 0.318285 0.0334995 0.0439997 0.860843
2 0.657568 0.230715 0.0480501 0.0411401 0.860693
1 0.23441 0.295196 0.0545723 0.0513821 0.860466
1 0.412239 0.138907 0.0265092 0.0428477 0.860161
2 0.662104 0.359112 0.0473246 0.0429509 0.859944
2 0.72483 0.318045 0.0388404 0.041194 0.859599
2 0.505771 0.363582 0.0343964 0.0446153 0.859295
2 0.661088 0.315462 0.0475373 0.0428315 0.859261
1 0.281264 0.140912 0.0325568 0.0514132 0.858975
1 0.383276 0.0966628 0.0301247 0.0443493 0.858778
1 0.0829844 0.242326 0.0182803 0.0503297 0.858631
2 0.576398 0.228367 0.0538227 0.0424795 0.858366
2 0.111539 0.366322 0.0427852 0.0520696 0.858102
1 0.236309 0.154352 0.0554981 0.0535253 0.857935
1 0.652787 0.111244 0.0468332 0.0427796 0.857556
1 0.112041 0.278261 0.0441282 0.0535213 0.857267
1 0.655606 0.190273 0.0470359 0.0428348 0.857248
2 0.414191 0.275706 0.0275627 0.0435226 0.857211
1 0.112799 0.23576 0.0450793 0.0553712 0.856524
1 0.314573 0.136807 0.0335659 0.049992 0.856226
1 0.313668 0.231937 0.0341848 0.0489665 0.855297
2 0.620226 0.272139 0.0311556 0.0434831 0.855245
1 0.234695 0.343387 0.0546893 0.0494393 0.853984
2 0.697257 0.358478 0.0216026 0.0412727 0.853629
2 0.697891 0.40093 0.0215574 0.0408686 0.853507
1 0.72082 0.237523 0.0399156 0.0423835 0.853216
2 0.112329 0.458395 0.0403437 0.0474395 0.853069
2 0.580593 0.453171 0.0526609 0.046555 0.853026
2 0.111658 0.412289 0.0412012 0.0503839 0.853016
2 0.416515 0.465147 0.0270609 0.0463769 0.852829
2 0.6217 0.315738 0.0307583 0.0439732 0.852782
2 0.0416454 0.427001 0.0299724 0.0484604 0.852272
2 0.53729 0.316828 0.0301508 0.0427511 0.852177
1 0.715518 0.12103 0.0396767 0.0444514 0.851008
2 0.766462 0.398322 0.0424103 0.0387595 0.850724
2 0.72666 0.400393 0.036573 0.0399402 0.850104
1 0.383528 0.140708 0.03055 0.0425602 0.85
1 0.280232 0.189134 0.0327078 0.0486908 0.849905
2 0.618291 0.229054 0.0302591 0.0419011 0.84942
2 0.698015 0.437168 0.0215059 0.0287445 0.848337
2 0.194516 0.397149 0.0231361 0.0477188 0.848265
1 0.348683 0.134039 0.0334318 0.0497344 0.848227
1 0.0165611 0.312091 0.0204429 0.0488736 0.848016
2 0.11333 0.504061 0.0405259 0.0471232 0.847393
1 0.171698 0.261368 0.0330417 0.0510756 0.847093
1 0.0158318 0.353507 0.0212239 0.0498566 0.84701
2 0.415322 0.371171 0.0274502 0.0464296 0.84659
2 0.455316 0.228654 0.0540821 0.0409755 0.846526
2 0.535495 0.271761 0.0314368 0.0451803 0.846201
1 0.529827 0.137687 0.0328217 0.0443089 0.844805
2 0.414972 0.323366 0.0273717 0.0465354 0.844507
2 0.622711 0.360327 0.0298553 0.0436585 0.844271
1 0.280005 0.286463 0.0320483 0.0484764 0.84419
2 0.693761 0.274755 0.0204819 0.0422242 0.843944
2 0.413259 0.229626 0.0272669 0.0430586 0.843629
1 0.172961 0.214809 0.0345606 0.0512125 0.843372
2 0.506285 0.411412 0.0346651 0.046811 0.843352
2 0.171239 0.497411 0.0255208 0.0484785 0.843107
2 0.384045 0.324989 0.0312776 0.0473051 0.842696
2 0.144405 0.405569 0.0219951 0.0485687 0.842676
1 0.686291 0.114798 0.0195974 0.0413235 0.842635
2 0.539752 0.455917 0.0277097 0.0470911 0.842529
1 0.347874 0.22846 0.0332335 0.0477364 0.841553
1 0.613998 0.103548 0.0305277 0.0423646 0.841257
2 0.662211 0.402157 0.0483046 0.0409046 0.840538
1 0.653976 0.150113 0.0468431 0.0425885 0.840049
1 0.616589 0.185329 0.0310066 0.0429187 0.839972
2 0.415544 0.41809 0.0274282 0.0456284 0.83936
2 0.765992 0.358846 0.0423766 0.039335 0.839342
1 0.754829 0.240721 0.0295093 0.0409475 0.83865
2 0.236994 0.440654 0.0556314 0.0457563 0.838613
2 0.0424123 0.471364 0.029225 0.0445977 0.837942
1 0.044093 0.218958 0.0320118 0.0582485 0.837627
1 0.0652176 0.335569 0.0164693 0.0477412 0.837534
2 0.169048 0.401618 0.0257232 0.0484733 0.837089
2 0.0826005 0.463281 0.0188833 0.0449095 0.836328
2 0.662249 0.440541 0.0488111 0.0311664 0.836123
2 0.764197 0.318873 0.0416142 0.0403693 0.835274
1 0.041505 0.343286 0.0305065 0.0513944 0.835137
2 0.532901 0.226938 0.0322908 0.0406367 0.834043
1 0.234862 0.20113 0.0552944 0.0535634 0.83196
1 0.234354 0.248215 0.0546556 0.0515599 0.831572
1 0.348363 0.181754 0.0336043 0.0477792 0.831154
2 0.0839084 0.506759 0.020124 0.0439214 0.830233
2 0.502996 0.271346 0.0336413 0.0461175 0.829791
1 0.687539 0.154829 0.0200972 0.0428725 0.825803
2 0.0656943 0.466902 0.0160118 0.0440287 0.825748
1 0.750446 0.166342 0.0288236 0.0455318 0.825451
2 0.622826 0.404427 0.0295713 0.0427558 0.825366
2 0.499593 0.226968 0.0346067 0.0396957 0.824566
2 0.196855 0.494061 0.0256134 0.0496831 0.822622
1 0.0415402 0.30345 0.0309397 0.0519294 0.822055
1 0.0846612 0.199853 0.0185129 0.0505692 0.821853
1 0.279834 0.237271 0.0325511 0.049088 0.821645
1 0.0654253 0.292845 0.0172518 0.0494047 0.819562
2 0.0657228 0.377844 0.016128 0.0458152 0.81849
2 0.506656 0.459049 0.0356255 0.0457724 0.818394
2 0.459079 0.464104 0.0567369 0.0483365 0.818293
2 0.348181 0.327898 0.0343154 0.0502152 0.816617
1 0.196216 0.302775 0.0206057 0.049492 0.816285
1 0.066153 0.249278 0.0176276 0.0506841 0.81597
2 0.14399 0.358976 0.0208601 0.0489493 0.815709
2 0.146566 0.500055 0.0242306 0.0461538 0.814914
1 0.0425353 0.262754 0.0318527 0.0552579 0.814733
1 0.197396 0.256146 0.019375 0.0489469 0.813232
2 0.145069 0.453432 0.0235609 0.0464344 0.812342
1 0.747667 0.127996 0.0276766 0.0451402 0.81015
2 0.280152 0.334788 0.0299654 0.0470876 0.810089
1 0.0177729 0.272263 0.0198577 0.0495897 0.809455
2 0.622777 0.448807 0.0294527 0.0449257 0.807077
2 0.169545 0.449511 0.0251879 0.0467047 0.806992
2 0.767786 0.434349 0.0419402 0.0317888 0.806726
1 0.752118 0.203494 0.0275293 0.0418913 0.805889
2 0.2377 0.489984 0.0564953 0.0508216 0.802196
2 0.041663 0.384433 0.0307882 0.049163 0.79913
2 0.0819203 0.418168 0.0179422 0.0472504 0.798845
1 0.019177 0.232131 0.0202247 0.0472367 0.797481
1 0.689399 0.194182 0.0200157 0.042173 0.796334
2 0.0165935 0.434002 0.0211709 0.0444583 0.793469
2 0.0438747 0.51254 0.0296938 0.0409973 0.793296
2 0.349661 0.427979 0.0325911 0.0482012 0.792797
2 0.064905 0.422261 0.0154986 0.0466521 0.792306
1 0.176858 0.169165 0.0388859 0.0513843 0.791823
2 0.195443 0.4463 0.0246061 0.0468419 0.790164
2 0.0817019 0.374325 0.0167971 0.0477985 0.78669
2 0.385689 0.421165 0.0306166 0.0461028 0.785566
2 0.312941 0.330549 0.0338174 0.0494829 0.783543
2 0.761241 0.279286 0.0387712 0.0380842 0.780742
1 0.0680942 0.206521 0.0179907 0.0523844 0.778699
2 0.0667763 0.509952 0.0166829 0.0420909 0.7751
1 0.348194 0.379159 0.0342985 0.0492989 0.768168
1 0.198431 0.209298 0.0180828 0.0501453 0.765072
2 0.0162669 0.393562 0.0210546 0.0455206 0.764309
2 0.0173874 0.475877 0.0220242 0.0430144 0.762517
2 0.691943 0.234463 0.0198507 0.040047 0.757011
2 0.383088 0.229878 0.0315736 0.043915 0.714848
1 0.00408817 0.279614 0.00817634 0.0478819 0.706251
1 0.767525 0.132182 0.016888 0.0412823 0.695421
1 0.00482075 0.238466 0.0096415 0.0483701 0.695229
2 0.282941 0.436026 0.0282332 0.0465827 0.691255
2 0.235807 0.391845 0.0551927 0.0497347 0.689593
1 0.388467 0.504339 0.0310195 0.0229526 0.686204
1 0.31737 0.48191 0.0340002 0.0502012 0.686113
1 0.971415 0.378913 0.0126152 0.0225087 0.680139
2 0.316511 0.431573 0.0316258 0.0480035 0.6796
1 0.194941 0.349211 0.0221492 0.0477158 0.673726
1 0.770144 0.168477 0.0169031 0.043857 0.671238
2 0.281067 0.384823 0.0286106 0.0494011 0.65144
1 0.00378303 0.31674 0.00756605 0.0470239 0.635583
1 0.539698 0.489536 0.0271537 0.0198134 0.617287
1 0.77237 0.204926 0.016379 0.0388301 0.612753
1 0.772842 0.241279 0.0153716 0.0395567 0.601681
2 0.0182631 0.515446 0.0217813 0.0384628 0.574472
1 0.283942 0.486529 0.0291061 0.0506264 0.573391
2 0.387281 0.469674 0.0306067 0.0476483 0.569001
1 0.971354 0.414061 0.012109 0.0239639 0.552645
2 0.352057 0.479046 0.0307507 0.05112 0.546721
1 0.18373 0.166366 0.0483061 0.0481519 0.546045
1 0.417433 0.501481 0.0266155 0.0231745 0.544049
1 0.199563 0.164728 0.016665 0.0472686 0.520871
