1 0.452854 0.139377 0.0548597 0.0436495 0.89737
1 0.496133 0.095017 0.0307507 0.0414287 0.888841
2 0.698042 0.401292 0.0213674 0.0390069 0.886383
2 0.577272 0.272701 0.0516359 0.0416044 0.882005
2 0.697327 0.360026 0.0210083 0.0398935 0.880709
2 0.72527 0.319237 0.0358877 0.0394841 0.880433
2 0.726647 0.360816 0.0355078 0.0401607 0.87978
1 0.453263 0.184164 0.0541594 0.0458458 0.877941
2 0.661793 0.402825 0.0490671 0.0404704 0.875879
1 0.411969 0.140673 0.0272497 0.0430085 0.875817
2 0.696142 0.318392 0.0213097 0.0394476 0.874046
2 0.72295 0.278863 0.0386108 0.0391699 0.873768
1 0.717765 0.161238 0.0408955 0.0427601 0.873577
2 0.575503 0.229449 0.052166 0.0426886 0.873525
2 0.457213 0.321847 0.056219 0.0452911 0.872196
2 0.579 0.315981 0.0515919 0.0419813 0.871202
1 0.496767 0.138588 0.0319975 0.042063 0.868627
1 0.114082 0.194227 0.045648 0.0559983 0.866674
1 0.0808244 0.287145 0.0205955 0.0511659 0.865782
2 0.660527 0.317142 0.0476978 0.0411268 0.86466
1 0.412534 0.23115 0.0277329 0.0438445 0.864541
2 0.620567 0.316877 0.0279761 0.0407729 0.863741
1 0.572608 0.143157 0.0527685 0.0420625 0.862264
2 0.61907 0.273333 0.0293972 0.0409805 0.861435
2 0.457857 0.36897 0.0560275 0.0470216 0.86116
2 0.621876 0.360675 0.0264161 0.0415934 0.860136
1 0.110729 0.325064 0.0444738 0.0516936 0.859657
1 0.497624 0.181925 0.032769 0.0428125 0.858887
1 0.232744 0.296056 0.059558 0.054706 0.858385
1 0.0803357 0.331472 0.0195024 0.0501158 0.857532
2 0.727846 0.442367 0.0357656 0.0405281 0.857499
1 0.382073 0.27815 0.0327833 0.0458042 0.857141
1 0.528221 0.0954005 0.0333584 0.0422402 0.856964
1 0.112898 0.237111 0.0446491 0.0521708 0.856835
1 0.23375 0.393285 0.0551976 0.0514087 0.856551
1 0.719242 0.199966 0.0407934 0.0445895 0.856541
1 0.573837 0.184775 0.0526031 0.0435218 0.856183
1 0.381513 0.231024 0.0336498 0.0446933 0.856027
2 0.661365 0.360335 0.0480417 0.0412801 0.855842
2 0.659178 0.274568 0.0472885 0.0410291 0.855448
1 0.571721 0.100785 0.0530281 0.0407356 0.855014
1 0.412203 0.185382 0.0275988 0.0448007 0.854061
2 0.76721 0.399785 0.0416063 0.0388821 0.852221
1 0.653816 0.151338 0.0464367 0.0429049 0.851955
1 0.144432 0.224879 0.0223547 0.0523745 0.851729
2 0.58022 0.361293 0.0516497 0.0450341 0.851666
1 0.613902 0.104117 0.030617 0.0407237 0.850538
1 0.111725 0.281525 0.0439715 0.0530976 0.85025
2 0.617563 0.229571 0.030433 0.0422001 0.849032
1 0.716095 0.122716 0.0406472 0.0454063 0.848013
1 0.233476 0.343796 0.0576032 0.0501862 0.847552
2 0.505261 0.364756 0.0329086 0.0449523 0.847454
1 0.381603 0.185573 0.0339205 0.0437436 0.846713
1 0.145982 0.181196 0.0219591 0.0510977 0.84601
1 0.381992 0.141215 0.0343197 0.0432317 0.844563
2 0.622189 0.404473 0.0262044 0.0416976 0.843561
2 0.698398 0.442817 0.0216888 0.0399958 0.842107
1 0.653118 0.111256 0.0473927 0.043488 0.842015
1 0.313276 0.333145 0.0340716 0.049229 0.841892
1 0.313969 0.381995 0.0345031 0.0509854 0.841111
1 0.176316 0.173028 0.0410648 0.04961 0.840637
2 0.537049 0.316786 0.0295047 0.0421428 0.83841
2 0.458497 0.417723 0.0571239 0.0455726 0.838387
1 0.530589 0.181871 0.0335371 0.0435897 0.838298
1 0.753851 0.242257 0.0263351 0.0386296 0.838181
1 0.232655 0.248448 0.0592058 0.0517505 0.837998
0 0.0651666 0.468051 0.0177839 0.044692 0.837772
1 0.143097 0.26939 0.0216909 0.0543788 0.837703
2 0.661793 0.445749 0.050079 0.0419403 0.837209
1 0.143278 0.360956 0.0212439 0.0500899 0.836783
1 0.082 0.244924 0.019848 0.0491695 0.836552
1 0.529352 0.138743 0.0336931 0.041228 0.836402
2 0.504055 0.318179 0.0330951 0.0422041 0.835374
1 0.34738 0.280394 0.0343552 0.0511648 0.834003
1 0.615123 0.14493 0.0310492 0.0418161 0.833369
1 0.347838 0.330512 0.0361968 0.0478311 0.833305
1 0.65537 0.190738 0.045458 0.0413839 0.833136
1 0.615984 0.185875 0.0314573 0.0404482 0.832633
2 0.657248 0.231766 0.0466122 0.0410345 0.83243
0 0.0820882 0.464928 0.0180252 0.0460501 0.830176
2 0.693374 0.27668 0.0216976 0.0407112 0.829417
1 0.0635893 0.29465 0.0186496 0.051663 0.828641
2 0.502362 0.27226 0.03377 0.0435227 0.828099
2 0.383507 0.326601 0.0312351 0.0454908 0.826877
2 0.50038 0.227311 0.0336811 0.0418948 0.826345
1 0.687305 0.155513 0.0205893 0.0418212 0.825868
1 0.175535 0.216987 0.0424634 0.0524844 0.824258
1 0.0627773 0.337334 0.0198015 0.0510136 0.822998
2 0.384655 0.375913 0.030259 0.0467038 0.822827
1 0.235425 0.492158 0.0546258 0.0516663 0.822602
1 0.280008 0.385732 0.0343436 0.0502799 0.822398
1 0.109838 0.369281 0.0454213 0.0513653 0.822018
2 0.532811 0.228394 0.0326425 0.0429367 0.821964
1 0.14269 0.314939 0.0208114 0.0522519 0.82196
1 0.3133 0.284313 0.0342985 0.0534984 0.821028
1 0.233582 0.203075 0.0582479 0.0510879 0.818817
1 0.175705 0.263206 0.0449563 0.0557106 0.818165
1 0.234369 0.442677 0.0549695 0.0486365 0.816906
1 0.413413 0.276983 0.0274326 0.0443352 0.816238
1 0.352235 0.484797 0.035262 0.0586224 0.815351
1 0.0651718 0.251386 0.0184135 0.0508792 0.81397
1 0.3153 0.43353 0.0341014 0.0497118 0.812555
2 0.415409 0.420592 0.0272691 0.0452586 0.810123
2 0.414833 0.373184 0.0270041 0.0465659 0.804877
2 0.622638 0.448711 0.0263753 0.0428546 0.804817
1 0.234692 0.158067 0.0589001 0.0513668 0.803833
2 0.767447 0.44108 0.0413006 0.0418418 0.803411
1 0.313456 0.234458 0.0343409 0.0496596 0.802203
2 0.112444 0.506547 0.0420181 0.0463365 0.800594
1 0.316277 0.48611 0.033587 0.0534597 0.800053
1 0.686222 0.116773 0.0198851 0.0426006 0.799071
2 0.534893 0.272507 0.0320397 0.0424392 0.798935
1 0.347597 0.185057 0.0333332 0.0465116 0.797943
2 0.385474 0.424315 0.0299624 0.04616 0.797656
1 0.313832 0.186897 0.0350663 0.0461589 0.796728
1 0.062837 0.37999 0.0207808 0.0499703 0.795868
1 0.279895 0.337072 0.0339139 0.048759 0.794159
1 0.347268 0.231426 0.0338744 0.0486815 0.792835
1 0.173979 0.309542 0.0419279 0.0542414 0.789705
2 0.765742 0.360077 0.0412046 0.038473 0.787025
1 0.348197 0.13957 0.0332297 0.0456273 0.786399
1 0.688484 0.194004 0.0200253 0.0409187 0.783911
1 0.279616 0.240542 0.0349478 0.051211 0.782378
1 0.083444 0.203872 0.0190682 0.0488174 0.777911
2 0.727106 0.401647 0.0360566 0.0386303 0.774749
1 0.751353 0.166619 0.0279802 0.0405141 0.773439
1 0.752285 0.205088 0.0265644 0.039957 0.77115
1 0.110832 0.413484 0.0443584 0.0502384 0.770823
1 0.17889 0.354701 0.0498907 0.0516145 0.769708
2 0.505929 0.41258 0.0333403 0.0454779 0.768541
1 0.748475 0.128768 0.0277695 0.0416097 0.767058
2 0.581053 0.407134 0.0530104 0.0430557 0.76602
1 0.282754 0.488304 0.0331555 0.0539488 0.761573
2 0.756753 0.319726 0.0266001 0.0398786 0.756727
2 0.538835 0.362762 0.0274229 0.0441712 0.756636
1 0.0800813 0.376134 0.0168516 0.0499714 0.756308
2 0.456014 0.274903 0.0564932 0.0450193 0.748244
1 0.314514 0.141428 0.0358481 0.0448045 0.745501
2 0.349821 0.379903 0.0360707 0.0487272 0.741967
1 0.0385852 0.221853 0.0240774 0.0530984 0.738837
1 0.0670528 0.209258 0.018109 0.0486919 0.737412
1 0.27954 0.289354 0.0342288 0.0511378 0.736791
2 0.539407 0.409449 0.0267456 0.044528 0.73455
0 0.0659171 0.510409 0.0184935 0.0432324 0.733605
2 0.351007 0.430016 0.0359542 0.0498968 0.731954
2 0.506362 0.459441 0.0352123 0.0438312 0.728365
1 0.034398 0.390461 0.0149698 0.0478482 0.727557
1 0.0373792 0.26531 0.0241976 0.0567776 0.727427
2 0.0343011 0.514203 0.0162651 0.042008 0.723291
1 0.0392755 0.347138 0.0246683 0.0494541 0.72195
2 0.53945 0.455068 0.0272633 0.0423072 0.715367
1 0.0402927 0.305315 0.0307532 0.0519146 0.71533
1 0.0180984 0.355468 0.0217189 0.0469417 0.697344
1 0.0359202 0.306721 0.02205 0.052273 0.694821
1 0.755903 0.280698 0.0270004 0.0385819 0.694551
1 0.0419865 0.263902 0.0320205 0.0578702 0.68244
2 0.414114 0.324546 0.0268673 0.0462411 0.673837
1 0.279645 0.193163 0.0347519 0.0501778 0.670087
2 0.0339486 0.473988 0.0163518 0.044457 0.6606
1 0.0467563 0.387325 0.0147805 0.048082 0.66009
0 0.064389 0.424056 0.0186175 0.0481696 0.6502
2 0.453092 0.0953878 0.0538022 0.0421588 0.647869
2 0.181345 0.498379 0.0505658 0.0515319 0.640348
2 0.581237 0.452834 0.053657 0.0435681 0.639299
1 0.0518611 0.218669 0.017435 0.0522132 0.633704
1 0.143674 0.406957 0.0217732 0.0505875 0.631617
1 0.45298 0.0957958 0.0542988 0.0412924 0.623416
1 0.773839 0.245077 0.0150485 0.0392346 0.618437
1 0.111842 0.459739 0.0429246 0.0489722 0.605145
2 0.144335 0.454694 0.0225898 0.0495929 0.601461
1 0.0166132 0.396554 0.0194609 0.0445079 0.599427
2 0.0812257 0.421075 0.017658 0.0481276 0.598798
1 0.0165731 0.316362 0.0188475 0.0437271 0.593628
1 0.382374 0.0993288 0.0334092 0.038759 0.572338
1 0.280782 0.143245 0.0332492 0.0497 0.56578
2 0.506481 0.492695 0.0353306 0.0239768 0.564211
0 0.454824 0.230368 0.0562346 0.0420712 0.562809
1 0.41223 0.0973687 0.0271319 0.0413973 0.559642
2 0.458495 0.463476 0.0566057 0.0433119 0.55928
1 0.0156418 0.358799 0.0179562 0.0440852 0.556343
1 0.571983 0.0676994 0.0499643 0.0273897 0.553494
2 0.539261 0.489165 0.0273863 0.0242688 0.544672
0 0.0488206 0.47069 0.0158438 0.0431001 0.534772
2 0.690616 0.235101 0.0211775 0.0402286 0.527594
1 0.72053 0.238908 0.0409718 0.0421196 0.521343
1 0.772515 0.209687 0.0146128 0.0359792 0.519742
1 0.415982 0.466592 0.0268049 0.0445105 0.519231
2 0.0830301 0.508156 0.0186179 0.0450263 0.510727
1 0.651731 0.0775464 0.0481756 0.0292717 0.502305
0 0.0484396 0.428602 0.015474 0.0466688 0.500804
