1 0.452722 0.0926242 0.0533403 0.0430094 0.89311
1 0.145687 0.221296 0.0218984 0.0505959 0.886844
2 0.580552 0.362065 0.0524141 0.0464263 0.885094
2 0.538774 0.362496 0.0290305 0.0463062 0.883049
2 0.578037 0.271545 0.0535172 0.045475 0.882927
1 0.452875 0.137128 0.0538166 0.0444802 0.882765
1 0.4532 0.182246 0.0538651 0.0460469 0.882536
2 0.539696 0.409243 0.0284145 0.0454165 0.88056
1 0.144843 0.267534 0.0220426 0.052381 0.880167
2 0.456744 0.273871 0.0556292 0.0464299 0.877619
2 0.579843 0.316497 0.0526646 0.0446791 0.876574
1 0.496041 0.0924742 0.0347401 0.0439565 0.876129
1 0.0822655 0.285978 0.0176655 0.0495961 0.875323
2 0.661158 0.315343 0.0483429 0.0437381 0.874885
2 0.659757 0.273072 0.0491018 0.0427545 0.874822
1 0.57156 0.100128 0.0543021 0.0436618 0.874246
2 0.537348 0.316858 0.0300924 0.0442123 0.874145
2 0.504574 0.31869 0.0342855 0.045593 0.874054
1 0.31517 0.381265 0.030532 0.0513609 0.873985
1 0.0816645 0.33079 0.0173016 0.0498123 0.873891
2 0.416753 0.465007 0.0285213 0.0467061 0.873308
2 0.727882 0.440601 0.0353182 0.0389204 0.872704
2 0.458182 0.321319 0.0559963 0.0479266 0.871983
2 0.580787 0.407676 0.0526308 0.0440019 0.871912
2 0.383079 0.275961 0.0324455 0.0455421 0.871603
1 0.348053 0.27765 0.0345052 0.0498645 0.871341
2 0.662035 0.359259 0.0483685 0.0439518 0.871224
1 0.572566 0.141397 0.0534407 0.0448116 0.871008
2 0.57628 0.227936 0.0538832 0.0433901 0.870891
1 0.313613 0.18475 0.0345853 0.0483052 0.870182
2 0.662053 0.402923 0.0495245 0.0422438 0.869446
2 0.459252 0.416342 0.0566959 0.0475605 0.868995
2 0.458783 0.368693 0.0561478 0.0478656 0.868858
2 0.415294 0.371179 0.0283113 0.0470242 0.86879
2 0.726276 0.360011 0.0371296 0.0419896 0.868689
2 0.415617 0.417903 0.0288594 0.0461489 0.868637
1 0.412604 0.0943601 0.026878 0.0442716 0.86858
2 0.413867 0.275261 0.0280768 0.0451879 0.868191
1 0.497221 0.181362 0.0343004 0.0442515 0.867511
1 0.281218 0.140855 0.032825 0.0513893 0.867141
1 0.111673 0.322887 0.0437706 0.0509249 0.866448
2 0.505644 0.364303 0.0349571 0.0460402 0.866276
1 0.112303 0.278169 0.044175 0.0528067 0.866048
1 0.531022 0.181457 0.0334089 0.0448602 0.865772
1 0.57412 0.18412 0.0534323 0.044899 0.865732
1 0.412344 0.138592 0.0266811 0.0444181 0.865619
1 0.652888 0.111158 0.0474705 0.0437385 0.865394
1 0.313826 0.280931 0.0337104 0.0510926 0.865067
1 0.49662 0.137229 0.0341133 0.0452487 0.864626
1 0.719001 0.198419 0.0404893 0.0456378 0.864437
2 0.698062 0.40139 0.0222378 0.0410763 0.86432
2 0.38447 0.374266 0.0309193 0.0464155 0.864008
1 0.236149 0.154456 0.0554536 0.0536327 0.863587
1 0.314506 0.136608 0.0341448 0.0498633 0.862736
1 0.234116 0.295006 0.0544558 0.0515715 0.862238
2 0.722664 0.276893 0.0385118 0.0419416 0.862062
2 0.724705 0.317803 0.0376701 0.0417597 0.861623
2 0.535056 0.271434 0.0321656 0.0460615 0.86137
1 0.52914 0.0934724 0.0320442 0.0426783 0.861059
2 0.455041 0.228139 0.0546759 0.0433039 0.861031
2 0.621581 0.315855 0.0308686 0.0445442 0.859662
1 0.41256 0.182147 0.026978 0.0449435 0.859484
1 0.313594 0.232156 0.0341232 0.0500904 0.859163
2 0.696056 0.316745 0.0216236 0.041379 0.858995
1 0.144056 0.31355 0.0212495 0.0515062 0.858333
1 0.280167 0.188611 0.0332293 0.048656 0.858311
1 0.115067 0.191944 0.0456406 0.0574448 0.858145
1 0.383596 0.14055 0.0313274 0.0441246 0.857843
2 0.580631 0.451387 0.0532857 0.0448456 0.857799
1 0.147615 0.176319 0.0214224 0.0501436 0.856988
1 0.383437 0.184205 0.0313002 0.0448362 0.856931
1 0.0830569 0.242539 0.0183569 0.051372 0.856623
1 0.717215 0.159608 0.0410913 0.0444723 0.856345
2 0.413038 0.228769 0.0278897 0.0454718 0.855832
2 0.383733 0.324854 0.0316374 0.0488697 0.855801
1 0.615528 0.144254 0.0317165 0.0441171 0.855584
1 0.279681 0.286458 0.0332971 0.049144 0.855259
2 0.414906 0.323221 0.0278117 0.0480342 0.854909
2 0.697167 0.358934 0.0215811 0.0416319 0.854613
2 0.662043 0.445834 0.0502562 0.0433215 0.854466
2 0.727002 0.400967 0.0364698 0.0399028 0.854361
1 0.172165 0.261308 0.0338994 0.0511349 0.854277
2 0.658053 0.231665 0.0486514 0.0425374 0.85414
1 0.113049 0.235607 0.0454383 0.05484 0.85388
2 0.620331 0.271946 0.0319992 0.0443397 0.85354
1 0.23389 0.343398 0.0540689 0.0496109 0.853379
2 0.111639 0.411973 0.0411213 0.0499558 0.853248
1 0.170915 0.308399 0.0328652 0.0506615 0.851438
2 0.622466 0.360386 0.0300166 0.0443554 0.8506
2 0.506312 0.412017 0.0350889 0.0474709 0.850208
2 0.459564 0.463379 0.0566488 0.0471877 0.849707
1 0.655743 0.190317 0.0467915 0.0438862 0.847814
1 0.348481 0.133899 0.0337344 0.0494362 0.847783
1 0.173125 0.214829 0.0350111 0.0504473 0.847507
2 0.111375 0.366617 0.0425442 0.0514552 0.846594
1 0.715642 0.121678 0.0404457 0.0439383 0.845785
1 0.0651359 0.335831 0.017047 0.0484832 0.844333
1 0.61686 0.185741 0.0320831 0.0439158 0.844056
2 0.0415559 0.426474 0.029715 0.0489202 0.843595
1 0.529946 0.137508 0.033672 0.0456496 0.843129
1 0.653995 0.150398 0.0469852 0.0436876 0.8429
2 0.113209 0.503688 0.0399066 0.0473643 0.842656
1 0.347842 0.228536 0.0341098 0.0488684 0.84207
2 0.112366 0.457979 0.0402126 0.0471234 0.841052
2 0.19471 0.396747 0.0230352 0.0489137 0.840964
2 0.532751 0.226576 0.0324793 0.0429392 0.840706
2 0.144208 0.405314 0.0220708 0.0497665 0.8406
2 0.69426 0.275188 0.0206177 0.0428246 0.840285
1 0.234578 0.248302 0.0548933 0.0517285 0.839767
1 0.61415 0.103729 0.0304623 0.0427426 0.839126
2 0.698796 0.442804 0.0234594 0.0410623 0.839
1 0.753565 0.240447 0.0276791 0.041223 0.838793
2 0.618844 0.229352 0.0318587 0.0428002 0.837946
1 0.383459 0.0961308 0.0315726 0.0455212 0.836692
1 0.279872 0.237507 0.0331948 0.0499992 0.835973
2 0.539861 0.453506 0.0280904 0.0441871 0.835853
1 0.0156053 0.354722 0.0213881 0.0495046 0.835796
2 0.235635 0.440979 0.0545034 0.0474281 0.834228
2 0.0654109 0.466573 0.0165385 0.0444397 0.833168
2 0.622686 0.404592 0.0297889 0.0434831 0.833102
2 0.0425106 0.470995 0.0283086 0.0442283 0.833019
2 0.502322 0.271703 0.0349366 0.0467764 0.832969
2 0.49945 0.226619 0.0351299 0.0420798 0.832088
1 0.234766 0.201085 0.0555102 0.0539912 0.83094
1 0.752198 0.203719 0.0272625 0.0419615 0.830748
1 0.348054 0.181338 0.0339693 0.0476152 0.830275
1 0.0413039 0.343497 0.0305788 0.0527588 0.828029
2 0.171529 0.496659 0.0267457 0.0485355 0.827548
1 0.0441897 0.218321 0.0322062 0.0585784 0.827134
2 0.083955 0.506324 0.0206633 0.0450499 0.825788
2 0.0654071 0.377651 0.0166661 0.045783 0.823688
1 0.065569 0.292992 0.0176933 0.0495911 0.823093
1 0.0662606 0.248918 0.0176654 0.0503894 0.821899
1 0.686213 0.115601 0.0197933 0.0420449 0.82176
2 0.0829076 0.46234 0.019742 0.0452371 0.821555
1 0.720827 0.237528 0.0394749 0.0421673 0.821473
1 0.196361 0.302465 0.0204816 0.0501579 0.82054
1 0.0414287 0.303506 0.0311843 0.0520908 0.820075
2 0.196659 0.493608 0.0249867 0.0496394 0.819895
2 0.282545 0.434989 0.0321487 0.0469625 0.818235
2 0.350166 0.428216 0.0342648 0.0486823 0.817977
1 0.197601 0.255788 0.0186308 0.0494637 0.817667
1 0.750578 0.166149 0.0281982 0.044656 0.814701
2 0.506275 0.460321 0.0356202 0.0475382 0.814039
2 0.69235 0.235446 0.0199896 0.0407242 0.813726
1 0.0424652 0.263145 0.0320998 0.0561044 0.813268
1 0.0162869 0.312586 0.0204266 0.047887 0.81257
2 0.169279 0.401581 0.027366 0.0498927 0.811908
1 0.0847031 0.199121 0.01868 0.0520478 0.810371
2 0.146613 0.499633 0.0241062 0.0462038 0.809366
2 0.766349 0.398601 0.0418182 0.038818 0.807881
1 0.747805 0.127835 0.026792 0.0451224 0.805891
2 0.622619 0.448678 0.0303062 0.0431994 0.804654
2 0.0819971 0.417283 0.0184649 0.0469972 0.803481
2 0.0646684 0.421824 0.0162327 0.0471146 0.801209
2 0.081787 0.374019 0.0171175 0.0478514 0.799788
2 0.237428 0.490084 0.0571944 0.0519822 0.799179
1 0.348555 0.379044 0.0352773 0.0500185 0.797815
2 0.756664 0.279261 0.030814 0.0398364 0.796386
1 0.687456 0.155107 0.0200576 0.0431527 0.795441
1 0.174391 0.170218 0.034513 0.0508418 0.793914
2 0.145013 0.452823 0.0237184 0.0469209 0.78952
1 0.0684167 0.205538 0.0183024 0.0530409 0.787293
2 0.760149 0.318692 0.0350223 0.0406892 0.785824
2 0.195554 0.4461 0.0242362 0.0474806 0.785012
2 0.76544 0.358937 0.0423832 0.0396128 0.784743
2 0.0663029 0.509658 0.0168367 0.0425773 0.784399
2 0.383074 0.229431 0.0314336 0.0455935 0.783415
2 0.04145 0.384141 0.0305429 0.050229 0.781469
1 0.198699 0.208564 0.0178012 0.0497344 0.777594
2 0.143562 0.359236 0.0212641 0.0491333 0.776074
2 0.170588 0.449864 0.0272065 0.0481399 0.77411
1 0.689613 0.195298 0.0195899 0.044807 0.772082
1 0.0173097 0.273108 0.0204386 0.0503966 0.767761
2 0.0166047 0.434096 0.0219969 0.0425479 0.767455
2 0.0440241 0.512207 0.0284009 0.0408808 0.757614
1 0.018839 0.232283 0.020575 0.0464362 0.756757
1 0.768348 0.132745 0.017683 0.0417802 0.75449
1 0.795202 0.397523 0.0155998 0.0379262 0.739928
1 0.199483 0.164247 0.0174602 0.0458727 0.733681
2 0.283903 0.484815 0.0318906 0.0505753 0.730076
2 0.01597 0.394451 0.0217918 0.0467153 0.726024
1 0.195156 0.349307 0.0220001 0.047482 0.723528
2 0.318021 0.480824 0.0335248 0.0503342 0.719758
1 0.773135 0.242709 0.0144791 0.0414656 0.713114
1 0.795379 0.43569 0.014613 0.0374054 0.708307
1 0.387699 0.504533 0.0337889 0.0243622 0.703247
1 0.770337 0.169351 0.0165502 0.0420087 0.697264
2 0.767047 0.437722 0.041876 0.0384623 0.695024
1 0.771835 0.206272 0.015427 0.0392551 0.690054
1 0.384986 0.421184 0.0316729 0.0454673 0.686382
2 0.281019 0.384337 0.0315366 0.0489894 0.685705
1 0.386757 0.468262 0.0332131 0.0460357 0.682491
1 0.169853 0.353904 0.0292761 0.0481171 0.670045
1 0.313816 0.330275 0.0334683 0.0492608 0.663238
2 0.352646 0.476462 0.0326369 0.0477122 0.662423
1 0.0179414 0.474612 0.0217065 0.0414723 0.661303
1 0.316532 0.431225 0.0314786 0.0474828 0.647012
1 0.418081 0.50119 0.0270443 0.0239497 0.62782
2 0.348343 0.328003 0.0350245 0.0508809 0.627532
1 0.348308 0.327728 0.0348353 0.0507726 0.596818
2 0.279498 0.335005 0.0331076 0.046861 0.569087
1 0.00382653 0.280924 0.00765307 0.0472863 0.520616
1 0.46 0.496137 0.0558218 0.0234316 0.517018
2 0.31685 0.431202 0.0317654 0.0480008 0.500763
