1 0.454044 0.182883 0.053781 0.0463836 0.88642
2 0.57622 0.230686 0.0529989 0.0416015 0.885474
1 0.144594 0.312025 0.0222697 0.0525324 0.885031
1 0.17127 0.309085 0.032618 0.0534108 0.881897
1 0.722297 0.238836 0.0397925 0.0423612 0.880694
1 0.49664 0.0934908 0.0327376 0.0418292 0.88032
1 0.0821676 0.285478 0.0193814 0.051177 0.879975
2 0.579692 0.316354 0.0516148 0.0446588 0.879551
2 0.577918 0.272509 0.0527815 0.0427309 0.879191
1 0.314503 0.184576 0.0347651 0.0488393 0.878686
1 0.574672 0.185825 0.0527807 0.0453972 0.8783
2 0.662406 0.403318 0.0492462 0.0427751 0.877876
2 0.698204 0.401869 0.0220932 0.041879 0.877789
1 0.144956 0.266217 0.0224767 0.0521646 0.877721
2 0.661507 0.317398 0.0486958 0.0420782 0.87689
2 0.662226 0.360427 0.0488429 0.041806 0.876614
1 0.720275 0.200101 0.0406641 0.0445126 0.875627
2 0.458111 0.321209 0.0557851 0.0471837 0.875145
2 0.112256 0.458876 0.0409099 0.0474228 0.87496
2 0.727036 0.360241 0.0368701 0.040455 0.874364
1 0.573375 0.142326 0.0529402 0.0439157 0.873733
2 0.697087 0.317749 0.0215584 0.0407064 0.873702
2 0.456673 0.27408 0.0556276 0.0450901 0.872852
1 0.453404 0.137274 0.0533812 0.0441747 0.872813
1 0.718364 0.161018 0.0406507 0.045427 0.87239
2 0.414164 0.275768 0.0268681 0.0444685 0.8707
2 0.580655 0.362331 0.0517368 0.0450529 0.869168
2 0.618255 0.23009 0.0307185 0.0416988 0.868893
1 0.572211 0.100591 0.0531286 0.0432646 0.868379
1 0.65365 0.111187 0.0476267 0.0432127 0.867914
2 0.659807 0.274229 0.0488029 0.0407735 0.867525
2 0.459077 0.36886 0.0560015 0.0467935 0.867516
2 0.535687 0.272301 0.032078 0.0426401 0.867179
2 0.413392 0.230053 0.0267594 0.0432054 0.866824
2 0.459517 0.416868 0.0562456 0.047083 0.866636
2 0.621583 0.316329 0.0299316 0.042357 0.866539
1 0.412819 0.18408 0.0269271 0.0465765 0.86649
2 0.417829 0.466665 0.0285752 0.0464479 0.866217
1 0.281963 0.141542 0.0328769 0.0489298 0.866182
2 0.383089 0.277048 0.0318035 0.045355 0.865717
1 0.145928 0.221221 0.0224403 0.0526365 0.865699
2 0.539254 0.410068 0.0284565 0.0456212 0.865556
2 0.455126 0.229362 0.0545954 0.0428892 0.865441
1 0.0833051 0.241979 0.019798 0.0523085 0.865134
1 0.498186 0.181943 0.0337364 0.0437329 0.865097
2 0.726202 0.318851 0.036965 0.0412649 0.86428
1 0.382936 0.185087 0.0327982 0.0457319 0.86383
1 0.172611 0.261238 0.0345731 0.052099 0.863774
1 0.453349 0.0932372 0.0526451 0.0420734 0.863032
1 0.314955 0.13727 0.0340891 0.0497403 0.863007
2 0.69784 0.359492 0.0215202 0.0407011 0.862364
1 0.281101 0.189125 0.0333029 0.0495155 0.861944
1 0.412673 0.139091 0.0270184 0.0441246 0.861691
2 0.622654 0.360601 0.0289434 0.0432909 0.861523
2 0.619981 0.272887 0.0307169 0.0411741 0.861206
2 0.727677 0.401673 0.0366446 0.0401962 0.860672
1 0.382916 0.140796 0.0320919 0.044493 0.860503
1 0.497287 0.137646 0.0333159 0.0448944 0.859995
1 0.41274 0.0946725 0.0270305 0.0441086 0.859657
1 0.383435 0.0963587 0.0313493 0.0455997 0.859621
2 0.502588 0.272847 0.0348751 0.0428768 0.859539
2 0.538923 0.362915 0.029105 0.045022 0.859516
2 0.505864 0.364594 0.0341838 0.0461873 0.858857
2 0.767373 0.361732 0.0427366 0.0393567 0.858841
2 0.662735 0.447811 0.0496538 0.0443263 0.858758
2 0.387691 0.422177 0.0264734 0.0452656 0.858259
1 0.0810975 0.33071 0.0191862 0.0520933 0.857609
1 0.349008 0.276079 0.0325616 0.0467147 0.857159
2 0.695029 0.276477 0.0216904 0.0405758 0.857089
1 0.314728 0.231559 0.0348229 0.0477897 0.856815
1 0.348679 0.134297 0.0332217 0.0499015 0.856421
2 0.537829 0.316682 0.0299095 0.0447264 0.856375
1 0.531438 0.18302 0.0328953 0.0457751 0.855138
1 0.529401 0.0942894 0.0323626 0.0426872 0.85372
1 0.656399 0.19104 0.0463604 0.0425543 0.852715
2 0.658004 0.231735 0.0477748 0.042128 0.852549
1 0.236518 0.154351 0.0561986 0.0547362 0.852108
2 0.767505 0.400791 0.0418592 0.0370709 0.852008
2 0.533596 0.229502 0.0328196 0.0419205 0.851772
1 0.654941 0.150921 0.0469221 0.0436311 0.85155
2 0.416218 0.419706 0.028183 0.0473607 0.851406
2 0.504774 0.317298 0.0337322 0.0442249 0.850838
1 0.112117 0.323297 0.0450494 0.0554968 0.850061
2 0.348691 0.379846 0.0328525 0.0475195 0.850034
2 0.724175 0.278337 0.0383067 0.0409578 0.849808
2 0.581147 0.408011 0.052965 0.0445538 0.847805
2 0.500088 0.227935 0.0348337 0.0431087 0.847628
2 0.506362 0.412082 0.0349424 0.0460315 0.84737
1 0.348649 0.181618 0.033018 0.0467581 0.846362
1 0.145705 0.4532 0.0234909 0.0482351 0.846318
1 0.016699 0.311578 0.0203419 0.0502666 0.846316
1 0.147823 0.177144 0.0217096 0.0516817 0.846279
1 0.348808 0.228736 0.0326535 0.0470743 0.846143
1 0.716686 0.122092 0.0403828 0.0458392 0.845877
1 0.616924 0.186884 0.0316853 0.0428794 0.844879
1 0.196725 0.302995 0.0210495 0.0512356 0.844461
1 0.616 0.1446 0.0316889 0.043236 0.844432
2 0.539583 0.455903 0.0286913 0.0461589 0.84381
2 0.384726 0.326688 0.0290152 0.0450742 0.843618
1 0.283012 0.488596 0.0297189 0.0533798 0.843455
2 0.41525 0.371768 0.0278514 0.0472254 0.842756
1 0.315107 0.27664 0.0346448 0.045289 0.842541
1 0.080802 0.375632 0.0176857 0.0500147 0.842091
1 0.530228 0.138229 0.0330725 0.0442881 0.839821
1 0.0647204 0.335492 0.0165906 0.0490629 0.83979
1 0.315924 0.482063 0.0296264 0.0489215 0.838445
1 0.688382 0.155242 0.02127 0.0435254 0.837326
2 0.623336 0.405233 0.0280695 0.0432248 0.83614
2 0.386434 0.374345 0.0268731 0.0452127 0.836085
2 0.766736 0.321624 0.0434185 0.0397823 0.835116
1 0.174061 0.213751 0.0359526 0.0516848 0.834118
2 0.348987 0.429338 0.0312996 0.0476895 0.833202
1 0.614446 0.104062 0.0306139 0.0425505 0.832629
2 0.698256 0.445543 0.0220814 0.0434493 0.831743
2 0.581568 0.453629 0.0540302 0.0453312 0.831108
1 0.281002 0.288288 0.0343812 0.0527375 0.830781
1 0.064785 0.423442 0.0168532 0.0475466 0.830188
1 0.28071 0.236722 0.033206 0.0488903 0.829515
1 0.0664786 0.24924 0.0179485 0.0529753 0.827569
1 0.114259 0.234406 0.0464934 0.0536975 0.826919
2 0.623801 0.450284 0.0286331 0.0444874 0.826399
1 0.113055 0.27894 0.0458983 0.0539464 0.826079
2 0.506268 0.460278 0.035449 0.0479512 0.82427
1 0.198046 0.255543 0.0188778 0.0485503 0.823973
1 0.0444517 0.219269 0.0328162 0.0607032 0.823615
1 0.0645414 0.379669 0.0166147 0.0491547 0.821882
2 0.45998 0.464458 0.0557012 0.0487966 0.820154
1 0.016158 0.354218 0.0198835 0.0492098 0.817603
1 0.115623 0.190338 0.0458093 0.0576636 0.815095
1 0.0655934 0.292186 0.0171426 0.0505605 0.814621
1 0.687321 0.114833 0.0216566 0.0438781 0.81377
1 0.0175718 0.271891 0.0211511 0.0506841 0.812826
1 0.0849756 0.199472 0.0187955 0.0522035 0.812783
1 0.17081 0.497511 0.0242231 0.0475565 0.812658
2 0.0826302 0.463747 0.0190669 0.0461841 0.809336
2 0.382978 0.23043 0.0325041 0.0434082 0.806688
1 0.283096 0.341633 0.0360504 0.0394719 0.804388
1 0.176378 0.169491 0.037753 0.0498536 0.802027
1 0.0190491 0.231499 0.0218162 0.048869 0.801772
1 0.689906 0.19449 0.0209406 0.041674 0.79842
2 0.348748 0.330497 0.0327264 0.0442874 0.792362
2 0.41464 0.323488 0.0275274 0.0459777 0.791603
1 0.169254 0.450059 0.0253908 0.048517 0.791157
1 0.349319 0.479755 0.0314982 0.0512541 0.789809
1 0.144728 0.360471 0.0203665 0.0507472 0.786058
1 0.144961 0.406907 0.0208432 0.0486443 0.783638
1 0.0686469 0.206099 0.0187643 0.0530869 0.783574
1 0.237862 0.490478 0.0546387 0.0512858 0.78085
1 0.762265 0.243399 0.0422886 0.0402953 0.775382
1 0.0413022 0.343826 0.0311826 0.0506948 0.770588
2 0.169352 0.403406 0.02698 0.049074 0.768921
2 0.0843997 0.507258 0.0190361 0.0442503 0.767931
1 0.236265 0.392954 0.0541998 0.048528 0.765022
1 0.147263 0.499783 0.024319 0.0455663 0.763988
1 0.757382 0.166996 0.0397943 0.0424364 0.762838
1 0.235028 0.200753 0.0568512 0.0549804 0.756359
1 0.243874 0.295982 0.0385607 0.0536041 0.75583
1 0.0429132 0.261796 0.0339603 0.0572994 0.752687
1 0.196249 0.495129 0.0276126 0.050157 0.752214
1 0.75561 0.130483 0.0410605 0.0438817 0.75167
1 0.760415 0.205255 0.0426682 0.041144 0.750913
1 0.235351 0.295848 0.0553438 0.0545608 0.750753
1 0.199444 0.209181 0.0172243 0.0510497 0.743815
2 0.170128 0.355901 0.0291666 0.0470668 0.741309
1 0.24507 0.24725 0.0363432 0.0509643 0.739628
1 0.111662 0.369206 0.0440637 0.0489236 0.738243
1 0.0414749 0.303257 0.0315583 0.0522559 0.73794
2 0.764213 0.282017 0.0420753 0.0399987 0.734572
1 0.283748 0.386743 0.033041 0.0475922 0.730808
1 0.235406 0.246097 0.0555696 0.0515092 0.725403
1 0.195654 0.446748 0.0280295 0.0487676 0.725263
2 0.0664749 0.46688 0.0165986 0.0467734 0.721657
2 0.316967 0.382747 0.0277951 0.048691 0.720858
1 0.418243 0.50215 0.0279829 0.0244002 0.711937
1 0.316213 0.433053 0.0277991 0.0465252 0.698036
2 0.767821 0.433164 0.0421888 0.0246646 0.694285
1 0.00398998 0.278417 0.00797997 0.0482513 0.689692
1 0.283722 0.436774 0.0310697 0.0480096 0.688227
1 0.00379244 0.315674 0.00758487 0.0471213 0.681337
2 0.111518 0.414003 0.0422488 0.0489168 0.678551
2 0.144597 0.360669 0.0209228 0.0507007 0.677257
2 0.016005 0.436255 0.020583 0.0419537 0.67703
2 0.0159718 0.398084 0.0203901 0.0404672 0.673309
1 0.168701 0.402559 0.0264135 0.0494253 0.671715
2 0.388747 0.469319 0.0266128 0.0461466 0.671103
1 0.237292 0.441052 0.0544306 0.0469471 0.654082
2 0.067163 0.509809 0.0169869 0.042437 0.647101
2 0.0419214 0.430271 0.030668 0.0480404 0.646958
1 0.00467821 0.23805 0.00935643 0.046116 0.633747
2 0.043292 0.471035 0.0287473 0.0454803 0.630937
2 0.0414701 0.388074 0.0309742 0.0489439 0.630225
1 0.0165539 0.476564 0.0197232 0.0422338 0.625776
1 0.201252 0.16465 0.0158561 0.046463 0.599942
2 0.113147 0.504967 0.0399791 0.045088 0.592102
2 0.195695 0.447338 0.0271281 0.0489409 0.583377
2 0.195494 0.398863 0.0259205 0.0501406 0.583108
1 0.539639 0.489522 0.0288372 0.0226486 0.579622
1 0.383678 0.0636005 0.0298269 0.0218892 0.55743
2 0.316667 0.33422 0.02925 0.0430133 0.555823
2 0.727858 0.439947 0.0364011 0.03242 0.543808
1 0.195554 0.352549 0.0243207 0.04551 0.535483
2 0.0501487 0.512225 0.0201554 0.040484 0.530633
2 0.145087 0.408413 0.0217882 0.048902 0.524091
