2 0.698373 0.401885 0.0220675 0.0398427 0.904656
2 0.697869 0.360564 0.021427 0.0409189 0.895763
1 0.45374 0.139948 0.0534293 0.0426453 0.8933
2 0.727091 0.361287 0.0373632 0.0402325 0.892563
1 0.382763 0.231755 0.0316438 0.0449858 0.891589
1 0.573272 0.1438 0.0529984 0.0428161 0.888107
1 0.49752 0.139376 0.0331953 0.0415125 0.886635
2 0.727701 0.401705 0.0368371 0.0390973 0.886601
2 0.725807 0.320445 0.0382277 0.04133 0.884892
1 0.454455 0.184511 0.0541957 0.0464785 0.880507
1 0.382854 0.186391 0.0317133 0.0434937 0.877923
1 0.413799 0.277419 0.0283969 0.0456018 0.876369
1 0.529504 0.0970068 0.0324628 0.0425485 0.876192
1 0.412755 0.18582 0.0288462 0.0450318 0.875448
1 0.571893 0.10191 0.0535318 0.0423521 0.873988
1 0.497032 0.0964595 0.0325374 0.0407182 0.873988
1 0.653562 0.111783 0.0480047 0.0450911 0.870716
1 0.721589 0.240434 0.0397142 0.0437769 0.868048
2 0.502937 0.273135 0.0336164 0.0425479 0.867434
1 0.574593 0.185312 0.0529319 0.0427816 0.865982
1 0.146689 0.50231 0.0229616 0.0465476 0.865667
1 0.530405 0.139865 0.0332242 0.0411426 0.86552
1 0.169748 0.451742 0.0264289 0.0484893 0.865413
1 0.498588 0.182876 0.0337729 0.043918 0.865218
1 0.412635 0.140982 0.0285537 0.0429313 0.865097
2 0.662953 0.445266 0.0487507 0.0415331 0.862978
1 0.113181 0.238741 0.0447547 0.052376 0.862682
1 0.14546 0.455966 0.0231588 0.0481255 0.861202
1 0.170409 0.310263 0.0326015 0.0503257 0.858921
1 0.0815204 0.28727 0.0191616 0.0498631 0.858767
1 0.531299 0.182309 0.0327699 0.0438782 0.858253
2 0.620081 0.273454 0.0294428 0.0407336 0.85823
1 0.171802 0.263112 0.0343344 0.0519438 0.858043
2 0.69859 0.443155 0.0222784 0.0400121 0.853902
1 0.719348 0.200048 0.0394789 0.044545 0.853506
2 0.767324 0.361739 0.0416012 0.0393477 0.851765
1 0.654785 0.153073 0.0472974 0.0456205 0.851038
1 0.382813 0.14156 0.0318674 0.0428411 0.85018
1 0.31505 0.485298 0.0336187 0.0538098 0.848588
1 0.172985 0.218186 0.0363894 0.0515683 0.847966
1 0.236464 0.394017 0.0582345 0.0488948 0.846995
2 0.662788 0.4034 0.048723 0.0407625 0.84665
2 0.621889 0.317556 0.027161 0.0431496 0.846429
1 0.111717 0.326803 0.0431519 0.0537985 0.845391
1 0.61447 0.104643 0.0308607 0.0423987 0.844866
2 0.766056 0.322734 0.0409843 0.0396387 0.844754
2 0.696585 0.318529 0.0215801 0.0408252 0.844491
1 0.170968 0.499076 0.0256242 0.0478578 0.843104
1 0.315084 0.235413 0.0373167 0.0491868 0.842599
1 0.71744 0.161613 0.0391708 0.0442176 0.841346
1 0.386507 0.470043 0.0310666 0.0455756 0.840218
1 0.453485 0.0961705 0.0528673 0.0423768 0.83974
1 0.349997 0.186477 0.0340492 0.0444543 0.8374
1 0.112167 0.28159 0.0443501 0.0540203 0.836035
1 0.315281 0.18818 0.0374586 0.0461177 0.835874
1 0.0661153 0.250889 0.018235 0.0488673 0.834313
1 0.349827 0.233089 0.0334035 0.0471397 0.8335
2 0.504679 0.319074 0.0323435 0.0441991 0.83253
1 0.715775 0.123232 0.0386047 0.0436039 0.829477
1 0.144095 0.269579 0.0223628 0.0520154 0.82905
1 0.0824382 0.245911 0.0190607 0.0479782 0.828722
1 0.615853 0.14595 0.0317852 0.0436573 0.828706
2 0.767735 0.400709 0.0410404 0.0379954 0.828325
1 0.175105 0.174426 0.0374117 0.0492401 0.826594
1 0.169557 0.403992 0.0272137 0.0457282 0.825939
1 0.350226 0.140917 0.0331529 0.0424652 0.825615
1 0.315908 0.142738 0.0376966 0.044875 0.824441
1 0.146642 0.181899 0.0238914 0.0509995 0.822568
1 0.283227 0.490546 0.0287351 0.058745 0.8221
1 0.0809675 0.333378 0.0200493 0.0519289 0.821347
1 0.350031 0.281578 0.0336505 0.0497374 0.821232
1 0.35168 0.47843 0.0354993 0.0485519 0.820864
1 0.237488 0.493378 0.0593925 0.0548028 0.820305
1 0.656671 0.19359 0.0473082 0.04415 0.818116
1 0.616884 0.187815 0.0316895 0.042345 0.8175
1 0.144789 0.226472 0.0228402 0.0506562 0.816746
1 0.315426 0.284443 0.0367331 0.0513802 0.81442
1 0.0644675 0.337076 0.0171215 0.0514626 0.81253
1 0.0651274 0.292633 0.0178206 0.0503485 0.811798
2 0.457437 0.322706 0.0560246 0.047882 0.81157
1 0.236014 0.156821 0.0579 0.0524832 0.81139
1 0.0441877 0.221967 0.0321873 0.0512814 0.811265
1 0.41629 0.46646 0.0279552 0.0444821 0.808368
1 0.282521 0.387988 0.0277965 0.0477132 0.806743
1 0.751643 0.205389 0.0264587 0.0420486 0.806442
1 0.234913 0.25135 0.0586825 0.0547235 0.80623
1 0.143558 0.31498 0.021414 0.0509588 0.800426
0 0.113741 0.506817 0.0426996 0.0472192 0.800161
2 0.661174 0.31785 0.0493179 0.0423382 0.800121
1 0.383163 0.278467 0.0310836 0.0465421 0.797821
1 0.750384 0.166837 0.0274203 0.0426282 0.797138
1 0.195028 0.400416 0.0233787 0.0472389 0.79408
2 0.537488 0.317876 0.0291677 0.0437117 0.794038
1 0.235267 0.20385 0.0578969 0.0525119 0.792741
1 0.237217 0.442224 0.0590821 0.049852 0.792216
2 0.578088 0.272755 0.0533072 0.0423644 0.791351
2 0.581802 0.408293 0.0537706 0.0428578 0.789585
1 0.0673518 0.211778 0.017706 0.0454044 0.787965
1 0.143854 0.409542 0.0205757 0.0461096 0.787219
1 0.747816 0.129429 0.0262429 0.0417095 0.785438
1 0.687095 0.117843 0.0198417 0.0404153 0.785129
2 0.582467 0.454359 0.0549795 0.0457077 0.778518
1 0.195094 0.448306 0.0246678 0.0480801 0.77557
1 0.414858 0.325046 0.0277228 0.0480696 0.774832
2 0.533397 0.228266 0.0318559 0.0444174 0.770882
1 0.0425054 0.264412 0.0325369 0.0567017 0.770211
1 0.754343 0.244187 0.0271076 0.0413368 0.765791
1 0.688232 0.156884 0.0204592 0.0425847 0.764844
2 0.580875 0.363742 0.0542814 0.044566 0.764171
0 0.455502 0.231118 0.0560232 0.0440505 0.764064
2 0.112457 0.460304 0.0431631 0.0477643 0.763683
2 0.535735 0.272669 0.0305015 0.0426331 0.761754
2 0.57594 0.229113 0.0531656 0.0442767 0.76088
1 0.0325903 0.433317 0.0160512 0.044016 0.757691
2 0.625011 0.448751 0.0256191 0.0432493 0.754071
2 0.505691 0.459355 0.0362782 0.0463058 0.745098
1 0.315013 0.433769 0.0330825 0.0502896 0.744527
1 0.234836 0.29967 0.0590665 0.0579218 0.743786
1 0.0840482 0.206375 0.0188493 0.0453586 0.739272
1 0.0414619 0.304883 0.0322728 0.0542447 0.735733
1 0.195716 0.496223 0.0252785 0.0507829 0.728019
2 0.501085 0.228362 0.033882 0.0440794 0.72636
2 0.538918 0.457025 0.0293394 0.0473455 0.718513
1 0.690373 0.196488 0.0206339 0.0434113 0.713281
2 0.505703 0.366466 0.0332176 0.0456446 0.699031
1 0.314878 0.383072 0.0325437 0.0501879 0.691156
2 0.0820672 0.465194 0.0188642 0.044938 0.682856
2 0.458864 0.462533 0.0555342 0.0438915 0.68022
2 0.50559 0.412874 0.0352375 0.0448771 0.674279
1 0.351089 0.429742 0.0369948 0.0511495 0.672316
0 0.579674 0.3174 0.0534495 0.044052 0.670421
0 0.62343 0.362155 0.0262869 0.0432453 0.668437
1 0.0309034 0.307489 0.0126597 0.05182 0.664261
0 0.0653115 0.468137 0.0180481 0.0439548 0.658283
1 0.0484164 0.342654 0.0167275 0.0490128 0.657911
2 0.384583 0.327619 0.0293022 0.0468746 0.655571
1 0.0478743 0.429162 0.0166777 0.0444536 0.653555
1 0.7685 0.134388 0.0178113 0.0410583 0.648938
1 0.196603 0.305472 0.0202186 0.0501816 0.643332
2 0.762744 0.282684 0.0384281 0.0411563 0.637177
1 0.0429233 0.343695 0.0273323 0.0473449 0.63619
1 0.169216 0.360886 0.029327 0.0451714 0.631431
2 0.538603 0.364353 0.0284905 0.0446474 0.630056
2 0.0333978 0.474606 0.0162218 0.0434881 0.627611
1 0.772836 0.209231 0.0170657 0.0390233 0.619777
1 0.114231 0.196115 0.0447827 0.0509061 0.616771
0 0.0822604 0.465249 0.0179901 0.0458252 0.612014
2 0.767829 0.434775 0.0417168 0.0283863 0.610406
2 0.624228 0.40559 0.0257818 0.0419486 0.60901
1 0.413101 0.231274 0.0289267 0.0442503 0.600892
2 0.0838404 0.509247 0.0197796 0.0446994 0.600478
1 0.770749 0.171774 0.0169998 0.0414856 0.591647
0 0.662191 0.361388 0.0486588 0.04246 0.586943
1 0.350564 0.379935 0.0370304 0.0493674 0.579163
0 0.415506 0.373522 0.0282852 0.0456518 0.575564
2 0.618129 0.232301 0.0307755 0.0400936 0.569392
1 0.0167651 0.281413 0.0172569 0.0409506 0.566916
2 0.0814783 0.377929 0.0190563 0.0473758 0.560325
2 0.539154 0.410985 0.0284017 0.0434832 0.555807
2 0.0488962 0.470805 0.0163769 0.0440319 0.551856
2 0.659216 0.274742 0.0489568 0.0401719 0.54804
2 0.72784 0.440668 0.0359634 0.0355325 0.543999
1 0.0161863 0.319617 0.0172529 0.0347702 0.543557
2 0.662428 0.361332 0.0491852 0.0424593 0.540579
1 0.385833 0.423819 0.0305353 0.0476985 0.531648
1 0.412542 0.0982941 0.0281012 0.0399676 0.526865
0 0.45625 0.275858 0.0561508 0.0450211 0.517057
1 0.774275 0.245867 0.0165716 0.040543 0.514339
2 0.657683 0.234843 0.0480265 0.0407047 0.512078
2 0.45822 0.370988 0.0557385 0.0474577 0.510404
2 0.694505 0.277788 0.0213808 0.0404682 0.507151
1 0.282935 0.436205 0.0285265 0.0501976 0.506033
