1 0.453129 0.0938695 0.05406 0.0420043 0.903967
1 0.45371 0.182108 0.0539285 0.0449609 0.888276
2 0.417915 0.465013 0.0277287 0.0460046 0.882667
1 0.453185 0.137067 0.0541584 0.0431791 0.882009
1 0.720954 0.238117 0.040344 0.0418054 0.881181
1 0.496643 0.0939655 0.0331816 0.0422783 0.880199
2 0.383131 0.276206 0.0325256 0.0438639 0.880072
2 0.580254 0.361276 0.0518399 0.0445731 0.875987
1 0.144952 0.267363 0.0218336 0.051327 0.875301
2 0.459303 0.368591 0.0559732 0.0469923 0.875097
2 0.662032 0.358567 0.0480619 0.0428692 0.874964
1 0.14598 0.221113 0.0222146 0.0510974 0.874388
1 0.571718 0.0999148 0.0524441 0.0419203 0.873542
1 0.573034 0.141468 0.0527029 0.043103 0.872405
1 0.497741 0.18076 0.0336304 0.0441834 0.872392
2 0.458532 0.320946 0.0548986 0.0468476 0.872185
1 0.574262 0.183973 0.0527938 0.0447894 0.871987
1 0.753502 0.24114 0.0263561 0.0413502 0.871983
2 0.580696 0.407101 0.0525895 0.0444724 0.871564
2 0.724669 0.318799 0.0390598 0.0421913 0.871274
1 0.412581 0.0951882 0.0268919 0.0428905 0.869888
1 0.236278 0.154591 0.0547574 0.0528458 0.869042
1 0.53084 0.181367 0.0327283 0.0461638 0.869002
2 0.539177 0.408565 0.0284466 0.0456099 0.868998
1 0.529286 0.0943919 0.0317268 0.0422746 0.868771
2 0.383381 0.230347 0.0327752 0.0454197 0.868437
2 0.538684 0.36191 0.0281225 0.0444568 0.86783
2 0.579707 0.316072 0.0522765 0.0439474 0.867018
2 0.457311 0.274346 0.054073 0.0445118 0.866483
1 0.314236 0.184842 0.0346154 0.0489025 0.866204
1 0.383421 0.184251 0.0321985 0.0458286 0.86618
1 0.412947 0.182609 0.0271627 0.0462466 0.865985
2 0.413991 0.229719 0.0280087 0.0453556 0.865491
2 0.504903 0.317555 0.0338642 0.0446963 0.865033
1 0.348491 0.276138 0.0329839 0.0473794 0.864731
1 0.497151 0.136865 0.0334299 0.0429976 0.863718
2 0.455842 0.228712 0.0535519 0.0436418 0.863498
2 0.660953 0.315603 0.0480337 0.042611 0.863449
1 0.719416 0.198659 0.0402153 0.0450222 0.863276
1 0.0825271 0.285945 0.0177927 0.0491779 0.862696
2 0.662071 0.401588 0.0487675 0.0422199 0.86262
2 0.459515 0.416178 0.0561662 0.0460364 0.861934
1 0.314101 0.279132 0.0348542 0.0494002 0.861339
1 0.281557 0.141725 0.0327126 0.0496308 0.861045
2 0.622413 0.359342 0.0298811 0.0443593 0.860941
1 0.71763 0.159729 0.0398912 0.0442761 0.860814
1 0.170505 0.307728 0.0323784 0.0516285 0.86078
2 0.459738 0.463289 0.0548843 0.0474624 0.86062
1 0.613963 0.102902 0.0314816 0.0440263 0.860049
1 0.412531 0.138473 0.0266923 0.0433541 0.859833
1 0.144266 0.312994 0.0206309 0.05104 0.858874
1 0.314967 0.136826 0.0335481 0.050317 0.858775
1 0.235081 0.342091 0.0562165 0.0467331 0.858682
2 0.41478 0.27575 0.0278543 0.0425576 0.858646
2 0.620406 0.271673 0.0312702 0.0441366 0.858222
2 0.621564 0.315271 0.0306213 0.0442972 0.857791
2 0.726642 0.359546 0.0379692 0.0406542 0.857645
2 0.659471 0.27342 0.0484224 0.0422284 0.857358
2 0.506002 0.3643 0.0338974 0.0458421 0.856801
1 0.0836125 0.241995 0.0188422 0.0501035 0.856712
1 0.314154 0.231589 0.0346732 0.0487111 0.856694
2 0.728684 0.441048 0.0373154 0.0418869 0.856595
1 0.652795 0.111145 0.0453829 0.0427542 0.855564
1 0.0654391 0.334923 0.0157562 0.0463589 0.855441
2 0.537239 0.316358 0.0293262 0.0430618 0.855113
2 0.576621 0.229051 0.0542609 0.0409503 0.855003
2 0.539531 0.455189 0.0287595 0.0468478 0.854686
1 0.383163 0.0969262 0.0317008 0.0446815 0.854488
2 0.0416418 0.427843 0.0298124 0.0471792 0.854352
2 0.383173 0.323904 0.0319046 0.0457761 0.853927
1 0.348406 0.323612 0.0338506 0.0475557 0.853678
2 0.581128 0.452277 0.0530888 0.0449571 0.853538
2 0.69818 0.400095 0.0225119 0.0412022 0.853076
1 0.383321 0.140638 0.0315577 0.0434596 0.852957
1 0.112418 0.278322 0.0433871 0.0515817 0.852822
2 0.578614 0.271172 0.0526888 0.0449614 0.852197
2 0.658171 0.23167 0.048427 0.041089 0.851975
2 0.535114 0.271402 0.0314131 0.0437024 0.851616
1 0.280053 0.285858 0.0322779 0.0472154 0.851454
1 0.715934 0.122031 0.0394824 0.0434009 0.851298
1 0.113284 0.235025 0.0442933 0.0527031 0.850824
2 0.727697 0.400084 0.0377728 0.0410862 0.850779
1 0.111895 0.366378 0.0434017 0.0500109 0.850766
2 0.115015 0.504285 0.0422655 0.0468399 0.849646
2 0.506143 0.411532 0.0342535 0.0465137 0.849504
1 0.280347 0.333172 0.0315639 0.0458853 0.849308
1 0.17208 0.261466 0.0332459 0.0520097 0.848965
2 0.416514 0.417883 0.0272095 0.0441204 0.848839
1 0.68613 0.11556 0.0209345 0.0409206 0.848684
1 0.169429 0.353563 0.0297229 0.0479072 0.848605
2 0.385442 0.37324 0.0281459 0.0459412 0.848159
1 0.754593 0.279941 0.0261928 0.0402404 0.84789
1 0.615519 0.14403 0.031847 0.0439734 0.847855
1 0.280716 0.188752 0.0325423 0.0483199 0.847355
1 0.112058 0.322259 0.0436593 0.0496116 0.846971
1 0.0817146 0.329215 0.0170591 0.047457 0.846651
1 0.313781 0.327782 0.033369 0.0480911 0.846532
2 0.618548 0.229263 0.0308752 0.0416378 0.84653
1 0.348542 0.228157 0.0329779 0.0472145 0.846478
2 0.194492 0.396598 0.0230748 0.050518 0.84646
1 0.656125 0.190826 0.0471936 0.0428841 0.845867
2 0.500289 0.227446 0.0347929 0.0420697 0.845338
1 0.616965 0.185679 0.031365 0.0439108 0.844971
1 0.530022 0.137674 0.032635 0.0436466 0.84448
2 0.112052 0.411925 0.0420213 0.0510404 0.843879
1 0.147863 0.175732 0.0214585 0.0512859 0.843722
1 0.348817 0.133765 0.0334761 0.0497396 0.843506
2 0.696081 0.316825 0.0212094 0.0417473 0.842761
2 0.502666 0.272213 0.0346701 0.0440699 0.842201
2 0.697412 0.35897 0.0220062 0.0402506 0.842062
1 0.75223 0.203273 0.0274485 0.0412214 0.841031
2 0.236614 0.440579 0.0554019 0.0459192 0.839947
1 0.234829 0.295306 0.0552881 0.0505471 0.839773
1 0.0415913 0.34247 0.0309297 0.0499736 0.839764
2 0.237578 0.490002 0.057097 0.0508664 0.83937
1 0.173713 0.214881 0.0349562 0.0507245 0.839165
2 0.622346 0.403726 0.0299381 0.043041 0.839072
2 0.350661 0.428222 0.0360685 0.0481177 0.839022
1 0.0161456 0.35213 0.0205086 0.0468781 0.837432
2 0.415435 0.322787 0.0275938 0.0463548 0.836951
1 0.0164981 0.311397 0.0208077 0.0497817 0.836218
2 0.66187 0.44648 0.0491171 0.0455951 0.835927
2 0.348989 0.376477 0.0357542 0.0507326 0.834333
1 0.750188 0.166245 0.0288431 0.0454457 0.834183
2 0.112693 0.458442 0.0415357 0.0464876 0.834024
2 0.623195 0.44804 0.0298515 0.0440858 0.83402
1 0.044215 0.21807 0.0323602 0.0588625 0.833845
2 0.694103 0.27421 0.0195154 0.0420517 0.833805
1 0.115269 0.190803 0.0447711 0.0584095 0.833665
1 0.34873 0.181297 0.0336353 0.0474363 0.833395
1 0.279963 0.23679 0.0322697 0.0496394 0.833022
1 0.654526 0.15084 0.0465907 0.043143 0.832825
2 0.416075 0.37088 0.0271248 0.0461317 0.832257
2 0.0426604 0.471454 0.0287077 0.0445828 0.831279
2 0.755982 0.319111 0.0254135 0.0403544 0.831062
1 0.0656963 0.292305 0.0173035 0.0488758 0.828288
1 0.234971 0.200984 0.0548966 0.0535495 0.826631
1 0.747812 0.128078 0.0271929 0.043377 0.826592
1 0.195129 0.347868 0.0216726 0.0461029 0.825836
1 0.234858 0.247645 0.0547059 0.0509328 0.824579
2 0.698362 0.442054 0.0232386 0.0415624 0.824431
2 0.53328 0.2278 0.0318237 0.0415099 0.822405
1 0.687792 0.154776 0.0208811 0.0435505 0.821965
2 0.352668 0.47714 0.0353406 0.0479033 0.819793
2 0.0828623 0.462471 0.0188675 0.0448262 0.818454
2 0.505827 0.459415 0.035004 0.0473756 0.817092
2 0.387896 0.46909 0.0299732 0.0463765 0.816977
2 0.0851129 0.506055 0.0203573 0.0448176 0.815516
1 0.19603 0.302007 0.0206764 0.0497979 0.813969
2 0.282949 0.435089 0.0273952 0.0474399 0.813808
1 0.0848896 0.199234 0.0186322 0.051438 0.813548
1 0.0665636 0.248917 0.0178963 0.050847 0.812125
2 0.757297 0.358807 0.0251701 0.0395819 0.811892
1 0.0416368 0.303274 0.0309622 0.0521577 0.811639
1 0.0172791 0.272331 0.0208066 0.0503338 0.80931
2 0.0659797 0.466955 0.0161952 0.0437741 0.805443
2 0.0818477 0.417813 0.0175064 0.0487899 0.8041
2 0.169066 0.401202 0.0263239 0.0505051 0.803607
1 0.0425469 0.262504 0.0317241 0.0547952 0.803203
1 0.0188557 0.231734 0.0200612 0.0491746 0.802818
2 0.171768 0.497412 0.0251784 0.0491196 0.801026
1 0.197341 0.255424 0.0194932 0.0480946 0.799969
1 0.179964 0.169211 0.0436361 0.0509248 0.797242
2 0.196496 0.493712 0.0248143 0.048507 0.794528
2 0.0159621 0.434848 0.0222422 0.0421517 0.793134
2 0.778083 0.319766 0.0207788 0.0395916 0.792733
2 0.0648036 0.423151 0.015739 0.0474021 0.79267
1 0.689756 0.194102 0.0194458 0.0421532 0.792187
2 0.758445 0.398247 0.023995 0.0393104 0.791343
2 0.386761 0.420801 0.028098 0.0446616 0.789894
1 0.0683202 0.205957 0.0180791 0.0524704 0.786703
2 0.148266 0.500177 0.0236749 0.0469026 0.785195
2 0.195128 0.44652 0.0243593 0.04588 0.78137
2 0.779221 0.358994 0.0206818 0.0384764 0.776822
2 0.145611 0.453338 0.0227948 0.0459091 0.773368
2 0.0160775 0.392946 0.0210071 0.0442997 0.771119
2 0.170389 0.449696 0.0259866 0.047315 0.761421
1 0.774106 0.243015 0.0159933 0.0405535 0.760459
1 0.768314 0.132857 0.0186314 0.0385495 0.760128
1 0.772891 0.205895 0.0168177 0.0392535 0.756636
1 0.314601 0.431577 0.0291693 0.0474726 0.751752
2 0.692045 0.234085 0.0188175 0.0398136 0.750507
1 0.770835 0.169893 0.0181709 0.0424909 0.748843
1 0.235629 0.391627 0.0555261 0.0491084 0.745558
1 0.314385 0.380753 0.028682 0.050837 0.741842
1 0.00448703 0.239512 0.00897405 0.0476974 0.738562
2 0.144608 0.405055 0.0199865 0.0514835 0.735746
2 0.0445725 0.512369 0.0291289 0.0413922 0.732879
2 0.766325 0.438086 0.0369672 0.0390572 0.710038
1 0.198824 0.209253 0.0171851 0.0491708 0.707368
2 0.0671346 0.508993 0.017279 0.0439165 0.70499
1 0.418589 0.502074 0.0275297 0.022795 0.702381
2 0.283635 0.485592 0.0284706 0.05045 0.700633
2 0.0419853 0.38491 0.0310197 0.0488864 0.69919
1 0.388811 0.504573 0.0324166 0.0229663 0.696615
1 0.0812615 0.37285 0.0166485 0.045882 0.69488
2 0.780026 0.397717 0.019745 0.0373082 0.687003
1 0.00377513 0.279613 0.00755026 0.0487226 0.677785
1 0.0653301 0.375525 0.0149286 0.0462011 0.677659
1 0.776439 0.280638 0.0185577 0.0387424 0.675391
1 0.144012 0.358412 0.0192122 0.0489116 0.627756
1 0.0175757 0.475111 0.0220223 0.0423839 0.625629
1 0.315247 0.4817 0.031442 0.0493688 0.614143
2 0.764453 0.39851 0.0358585 0.0400803 0.607142
1 0.00366206 0.315747 0.00732412 0.0479059 0.605127
1 0.352998 0.509314 0.034898 0.0183987 0.576157
1 0.722435 0.277964 0.0394899 0.0419919 0.56828
2 0.505289 0.491985 0.0353891 0.0216644 0.567901
1 0.281338 0.383815 0.0280966 0.0482854 0.548381
2 0.281093 0.383651 0.0289071 0.0490888 0.538495
