1 0.145 0.221337 0.0219392 0.0499048 0.891382
1 0.453295 0.182963 0.0533576 0.0460576 0.887854
2 0.696297 0.316578 0.0230247 0.0415174 0.886022
1 0.146086 0.178129 0.021831 0.0490057 0.88575
2 0.727838 0.441078 0.0368902 0.0396271 0.88531
2 0.727444 0.400601 0.037181 0.0397375 0.885185
2 0.661954 0.402036 0.0490709 0.0423848 0.883581
2 0.580653 0.360997 0.0538193 0.0449065 0.88358
2 0.661093 0.315234 0.048192 0.0428986 0.882241
2 0.697976 0.400629 0.0225031 0.0407205 0.881973
1 0.452959 0.137605 0.053799 0.0439345 0.881478
1 0.171427 0.308091 0.0326792 0.0484492 0.881148
2 0.697184 0.358712 0.0226355 0.0413537 0.879662
2 0.45631 0.27377 0.0547375 0.0446785 0.879562
1 0.573992 0.183337 0.0527012 0.0437831 0.87936
1 0.57289 0.141043 0.0529631 0.0425839 0.877898
1 0.753426 0.240827 0.0272455 0.0422121 0.876709
1 0.315758 0.381273 0.0296837 0.0491565 0.876128
1 0.313698 0.185058 0.0337221 0.0470108 0.874633
2 0.576004 0.227 0.0528847 0.0429441 0.874207
1 0.571978 0.0996423 0.0534348 0.0424791 0.874181
2 0.725546 0.318244 0.0365271 0.0415804 0.873182
1 0.111447 0.322636 0.0447487 0.0504142 0.872883
1 0.347717 0.278044 0.0330192 0.05022 0.872551
1 0.144314 0.266621 0.0218953 0.0509416 0.872131
1 0.412581 0.0937484 0.0264407 0.0452638 0.87207
1 0.113936 0.192242 0.0439763 0.0565406 0.871514
2 0.536613 0.315916 0.0296104 0.0420169 0.871369
1 0.313732 0.281057 0.0328848 0.0492133 0.871267
2 0.69799 0.442425 0.0222342 0.0408648 0.871196
2 0.458343 0.368222 0.0549911 0.0461921 0.870495
2 0.659598 0.272844 0.0484259 0.0409688 0.869927
1 0.497508 0.182049 0.0341702 0.0446961 0.86981
2 0.694809 0.275148 0.0225487 0.0407098 0.869723
1 0.314411 0.136851 0.0333364 0.0491604 0.869426
1 0.348197 0.134038 0.0334704 0.0482108 0.869216
1 0.172134 0.260586 0.0341254 0.0490049 0.868657
1 0.496314 0.0926382 0.0333194 0.0440572 0.868551
2 0.726786 0.359793 0.0369377 0.0414788 0.868217
2 0.580706 0.407494 0.0545893 0.0440421 0.868092
1 0.719232 0.199045 0.0401608 0.0448934 0.867448
1 0.531088 0.182992 0.0326278 0.0467404 0.86741
2 0.457579 0.321123 0.05504 0.0457399 0.867174
2 0.577996 0.270154 0.0536207 0.0440132 0.866802
1 0.313555 0.232318 0.0336329 0.0477068 0.86669
1 0.452724 0.0923049 0.0533882 0.0447254 0.866565
2 0.661828 0.447719 0.0496424 0.0473345 0.865438
1 0.235734 0.154347 0.0550356 0.0548156 0.86525
2 0.538595 0.408658 0.0275035 0.0444104 0.865083
2 0.504979 0.363362 0.0321728 0.043665 0.864199
2 0.661831 0.359011 0.0480572 0.0428011 0.864145
2 0.414692 0.323224 0.0264832 0.0450326 0.864015
1 0.721525 0.238912 0.0389141 0.04334 0.863545
2 0.458781 0.415861 0.055136 0.0458944 0.863378
1 0.528756 0.0936638 0.0332474 0.0447925 0.863143
1 0.529934 0.137718 0.0331378 0.0431643 0.86294
1 0.0814338 0.285821 0.0184667 0.049961 0.862902
1 0.0824171 0.24251 0.0192049 0.0507148 0.862552
2 0.414957 0.371172 0.0269417 0.0444017 0.862483
2 0.501975 0.270934 0.0327345 0.0443004 0.860837
1 0.111822 0.279041 0.0444131 0.0546858 0.860287
2 0.622692 0.359998 0.0287325 0.0431922 0.86022
2 0.384794 0.374433 0.0289149 0.0442391 0.860158
1 0.412696 0.183742 0.0263972 0.0450634 0.859904
2 0.383466 0.325557 0.0307799 0.0447079 0.859704
1 0.412581 0.138833 0.0264437 0.0434761 0.85963
2 0.621814 0.315099 0.0298515 0.0435361 0.859362
2 0.58069 0.453992 0.0549616 0.0471767 0.859218
2 0.723679 0.277856 0.0371271 0.0412964 0.858612
1 0.496997 0.137645 0.0337421 0.044065 0.858318
2 0.349009 0.378134 0.0332747 0.0475763 0.857873
1 0.717439 0.159968 0.0403883 0.0454204 0.857858
2 0.534557 0.270397 0.0321806 0.0434554 0.857404
1 0.23555 0.295655 0.0521397 0.0499819 0.856722
2 0.385589 0.422057 0.0283806 0.0443619 0.856716
2 0.538868 0.454633 0.0272204 0.0434026 0.855044
1 0.28072 0.141439 0.0327084 0.0506001 0.854468
1 0.112425 0.235868 0.0451225 0.0548735 0.854313
1 0.383015 0.184222 0.0315067 0.0442923 0.853727
2 0.537677 0.361404 0.0284171 0.0436623 0.853628
1 0.144258 0.312076 0.0210513 0.0501071 0.853011
2 0.415938 0.466342 0.0261568 0.0440497 0.852661
2 0.506005 0.411584 0.0329668 0.0452162 0.850533
2 0.618506 0.227686 0.0313258 0.0427276 0.850506
2 0.503986 0.317665 0.0317612 0.0423246 0.849664
1 0.23494 0.247871 0.0528939 0.0526684 0.849654
2 0.579961 0.315113 0.0542461 0.0446788 0.849533
1 0.347596 0.22843 0.0329977 0.0477175 0.849161
2 0.620357 0.270482 0.0314762 0.0429366 0.849089
2 0.111682 0.45884 0.0416061 0.0472581 0.848488
1 0.235707 0.342822 0.0525949 0.048858 0.848212
2 0.0821436 0.463385 0.0178224 0.0444498 0.847978
1 0.279947 0.189589 0.0325084 0.0487941 0.847948
2 0.532919 0.227642 0.0324437 0.0400893 0.847515
1 0.716092 0.12197 0.0395634 0.0444472 0.847358
2 0.382521 0.276758 0.0318137 0.0445432 0.847216
1 0.347999 0.181522 0.0332032 0.0458622 0.847132
1 0.173119 0.214571 0.035192 0.0493722 0.847018
2 0.415306 0.418601 0.0269297 0.0441866 0.84691
1 0.0808848 0.330248 0.0175553 0.049848 0.846818
1 0.280155 0.287088 0.0326381 0.047612 0.846175
1 0.752145 0.203836 0.0274773 0.0406298 0.844633
2 0.458902 0.463206 0.0554901 0.0436295 0.843168
1 0.615864 0.14363 0.0318098 0.0430161 0.841525
2 0.6232 0.40422 0.027523 0.0427014 0.841504
1 0.234654 0.201214 0.0542716 0.0542198 0.840912
1 0.653542 0.111127 0.0473216 0.0444522 0.840064
1 0.614575 0.103336 0.0305947 0.0425285 0.839386
2 0.236075 0.441117 0.0549717 0.0463623 0.839007
2 0.350351 0.427961 0.0332799 0.0477212 0.838245
2 0.767473 0.438849 0.0404222 0.0406608 0.838182
2 0.658066 0.230521 0.0482523 0.0434108 0.837886
1 0.616967 0.184493 0.0320724 0.0414182 0.836133
1 0.0645412 0.335098 0.0166349 0.0494697 0.83594
1 0.197643 0.302866 0.0211989 0.0481511 0.835444
1 0.383213 0.140426 0.0310811 0.0429254 0.834977
2 0.112354 0.505052 0.0405363 0.0460171 0.832856
2 0.499542 0.227497 0.0345088 0.0400047 0.832353
2 0.283317 0.435207 0.0315975 0.0471427 0.831929
2 0.454688 0.228548 0.0536399 0.0417371 0.831388
2 0.623417 0.449753 0.0279728 0.0452774 0.830709
2 0.75548 0.280078 0.0279448 0.0401654 0.830619
2 0.766817 0.39861 0.0413862 0.0392371 0.830143
2 0.757122 0.318733 0.0278761 0.0399832 0.829067
1 0.748012 0.129093 0.0275105 0.0445524 0.828682
1 0.654097 0.150692 0.046746 0.0444502 0.828592
1 0.0181881 0.232524 0.0209927 0.0504427 0.828008
1 0.750763 0.166916 0.0285984 0.0437972 0.827147
1 0.687618 0.154698 0.0210321 0.0426614 0.826563
1 0.0649113 0.292519 0.0172957 0.0496948 0.825926
1 0.279695 0.237874 0.0326243 0.0483825 0.824967
1 0.656197 0.190214 0.0468199 0.0423848 0.824956
1 0.0656577 0.249886 0.0173868 0.0508675 0.824451
2 0.144862 0.452909 0.0235838 0.0465566 0.824023
2 0.50687 0.459632 0.0346017 0.0444521 0.818556
1 0.383192 0.0960043 0.0313573 0.0440437 0.816237
2 0.0834964 0.506991 0.0182837 0.0428733 0.81612
1 0.0842447 0.19948 0.0196275 0.0532864 0.816037
1 0.0436845 0.219384 0.0323012 0.0593538 0.815739
1 0.198129 0.255633 0.0199793 0.0485233 0.814503
2 0.170236 0.401507 0.0259189 0.0474165 0.81413
2 0.145637 0.499977 0.0243344 0.0464531 0.812848
1 0.0170282 0.273318 0.0207505 0.0486932 0.810501
1 0.175874 0.170341 0.0393319 0.0523142 0.806419
1 0.686922 0.115437 0.0201077 0.0431899 0.802795
1 0.0159162 0.312775 0.0209238 0.0492608 0.801449
1 0.382672 0.229863 0.0319774 0.0429551 0.801174
2 0.75934 0.358589 0.0292767 0.0394284 0.800518
2 0.38703 0.47104 0.028347 0.0470031 0.798912
1 0.68954 0.194966 0.0208916 0.0446611 0.790823
1 0.0156002 0.354125 0.0218481 0.0485413 0.789816
1 0.170844 0.354228 0.0297403 0.0459231 0.788074
2 0.413908 0.275502 0.0266855 0.0429609 0.785524
2 0.195176 0.397491 0.0227952 0.0472141 0.783658
1 0.0675845 0.205985 0.0177354 0.0530852 0.783117
1 0.235808 0.391927 0.0535792 0.0484417 0.782843
2 0.0811768 0.419541 0.0164491 0.0459604 0.781983
2 0.283858 0.486399 0.0308171 0.0504512 0.778129
1 0.040999 0.303069 0.0317484 0.0523749 0.776809
2 0.145065 0.405395 0.0221899 0.0484226 0.774884
2 0.0662872 0.508705 0.018424 0.0425152 0.76908
1 0.0422367 0.2624 0.0324918 0.0546978 0.768338
1 0.198729 0.208753 0.0182872 0.0498544 0.764953
2 0.170025 0.449383 0.0252443 0.0467938 0.76131
2 0.17007 0.497082 0.0244288 0.048223 0.7583
2 0.194861 0.446359 0.023272 0.0461266 0.751
2 0.0487826 0.469868 0.0161609 0.0437686 0.738795
1 0.0407316 0.344391 0.0311523 0.0500943 0.734538
2 0.14481 0.359059 0.0203907 0.0469404 0.732282
1 0.316351 0.431795 0.0305639 0.047328 0.731285
2 0.692441 0.235782 0.0210545 0.0408072 0.725808
1 0.314577 0.331279 0.0312938 0.0470999 0.717081
2 0.0161973 0.436 0.020838 0.0466428 0.715563
2 0.0464086 0.428016 0.0196243 0.0467371 0.715136
2 0.281147 0.334567 0.0335076 0.0453235 0.711505
1 0.768505 0.132988 0.0179256 0.041207 0.705447
2 0.0187008 0.5155 0.0205909 0.0383947 0.701787
2 0.111022 0.366685 0.0446719 0.051968 0.698203
2 0.194993 0.494385 0.0241436 0.0489302 0.697661
2 0.0336436 0.472802 0.0145891 0.0444441 0.692629
2 0.0171632 0.476696 0.0206605 0.0429635 0.682492
1 0.77275 0.207702 0.0162689 0.0383764 0.680806
1 0.00446875 0.241358 0.00886088 0.045455 0.677447
1 0.0645965 0.379072 0.0162796 0.0488171 0.675164
2 0.0348669 0.512353 0.0152252 0.0406421 0.665706
1 0.773999 0.244196 0.0157604 0.0421837 0.665706
2 0.0410127 0.385928 0.0305159 0.0474287 0.665001
2 0.348134 0.327834 0.032534 0.0470576 0.66407
1 0.771091 0.170847 0.0171244 0.0420532 0.657211
1 0.0158944 0.394363 0.0221879 0.0458233 0.656695
2 0.236884 0.490784 0.0572297 0.0510514 0.634624
2 0.0379262 0.430467 0.0234581 0.0484422 0.631802
1 0.111324 0.411542 0.0434832 0.0493055 0.626978
1 0.196598 0.350847 0.022029 0.046039 0.624095
2 0.41317 0.229714 0.0267532 0.0421938 0.61528
2 0.0498832 0.511002 0.0166825 0.0400557 0.613214
1 0.00403155 0.275654 0.00800623 0.0413845 0.612702
2 0.0330245 0.429939 0.0159137 0.047935 0.598609
2 0.507292 0.492435 0.0344656 0.022191 0.596517
2 0.0798903 0.375448 0.0152579 0.049384 0.590676
2 0.779242 0.358905 0.0178318 0.038674 0.584929
1 0.352735 0.481822 0.0323871 0.0541913 0.568302
1 0.613804 0.0701845 0.0292765 0.0281994 0.557904
1 0.065526 0.46644 0.0168889 0.0444271 0.545162
1 0.382746 0.0624132 0.0309508 0.0246996 0.521646
2 0.282191 0.384261 0.0326575 0.0477747 0.51835
2 0.0649899 0.42254 0.0169862 0.0470601 0.517902
1 0.181836 0.167252 0.050711 0.0488864 0.513512
