1 0.452807 0.0931049 0.0533925 0.0423947 0.891902
2 0.58023 0.361746 0.0519361 0.0451033 0.881691
1 0.452842 0.137546 0.0538191 0.0437241 0.880142
1 0.313637 0.185529 0.0341811 0.0499977 0.879801
1 0.719141 0.198426 0.0399085 0.0436853 0.876667
2 0.383277 0.276373 0.0330513 0.0449561 0.876147
1 0.41259 0.0949752 0.0262444 0.0428934 0.875823
2 0.579476 0.316523 0.0518818 0.0438136 0.875541
2 0.722404 0.276678 0.0394782 0.0402339 0.874609
2 0.457164 0.274111 0.0553846 0.0452253 0.874357
1 0.572811 0.141419 0.0534946 0.0432677 0.874179
2 0.53838 0.362046 0.0286243 0.0447923 0.873497
1 0.571757 0.099855 0.0535643 0.0423617 0.873318
2 0.539243 0.409315 0.0278177 0.0456384 0.87307
1 0.347936 0.277801 0.0338912 0.0505787 0.872473
1 0.496207 0.0927969 0.0334386 0.0430962 0.871988
2 0.416603 0.465482 0.0266642 0.0462519 0.870739
2 0.459046 0.416524 0.0562737 0.047936 0.870722
2 0.577702 0.271262 0.0526791 0.0454789 0.870186
2 0.65912 0.27283 0.048959 0.0419778 0.86848
2 0.38571 0.374415 0.0281848 0.0460135 0.868442
2 0.580541 0.407664 0.0528452 0.0437227 0.868397
1 0.753352 0.240675 0.0264284 0.0411441 0.868259
2 0.458396 0.321345 0.0553393 0.0475221 0.868015
1 0.281077 0.14136 0.0328568 0.0517605 0.867636
2 0.662107 0.402568 0.0494343 0.0420171 0.867124
1 0.412379 0.139182 0.0260771 0.0435704 0.866792
2 0.661586 0.359055 0.0482485 0.0434931 0.866789
1 0.313466 0.232468 0.0337912 0.048827 0.866599
2 0.50447 0.318202 0.0327482 0.0438033 0.866558
1 0.496781 0.13739 0.033247 0.0437643 0.86644
2 0.45883 0.368565 0.0558246 0.047426 0.866389
1 0.383539 0.184802 0.031574 0.0450518 0.865935
1 0.234269 0.34287 0.053323 0.0495628 0.865634
1 0.453442 0.18217 0.0537529 0.0451538 0.865565
1 0.497288 0.180976 0.033431 0.0431569 0.865376
1 0.530573 0.180611 0.032651 0.0435968 0.865334
2 0.726122 0.358927 0.0377046 0.0415183 0.865107
2 0.536959 0.316617 0.0295971 0.043181 0.864984
1 0.717218 0.15974 0.040265 0.0430884 0.864686
1 0.233917 0.295851 0.0546143 0.0521396 0.863796
2 0.660558 0.315006 0.0484503 0.0428851 0.863138
1 0.528693 0.0939977 0.0316396 0.0421156 0.86305
1 0.573995 0.183217 0.0530832 0.0421875 0.861824
1 0.279423 0.287881 0.0328901 0.0497884 0.861519
1 0.412694 0.182428 0.0261085 0.0448127 0.860465
1 0.652613 0.111028 0.0465422 0.0429465 0.859646
2 0.724465 0.317085 0.0390467 0.0417791 0.859611
1 0.347686 0.228599 0.0333411 0.047352 0.859344
1 0.383613 0.140975 0.0310283 0.043247 0.859141
1 0.31351 0.28122 0.033512 0.052098 0.859102
2 0.505703 0.363736 0.0336359 0.0447886 0.858678
1 0.615473 0.144031 0.0307814 0.0437495 0.858256
2 0.414572 0.275958 0.0265926 0.0440141 0.857639
1 0.715502 0.121091 0.0392633 0.0453347 0.857445
1 0.614001 0.103358 0.0298763 0.0417727 0.856942
2 0.534836 0.271054 0.0317831 0.045128 0.856936
2 0.756683 0.318151 0.0272547 0.040694 0.85692
2 0.384025 0.324876 0.0312025 0.0476424 0.856319
2 0.580662 0.453179 0.0540035 0.0469766 0.855698
2 0.540049 0.455803 0.0260139 0.0468622 0.85542
2 0.415391 0.371206 0.0271242 0.0461132 0.854818
2 0.415137 0.323589 0.0268513 0.0465201 0.854269
2 0.697908 0.400795 0.0220266 0.0410258 0.854201
2 0.727765 0.440802 0.0350579 0.0398607 0.853786
1 0.280007 0.189857 0.032953 0.0491849 0.853437
2 0.455194 0.228444 0.0543152 0.0420414 0.852993
2 0.575726 0.227065 0.0533001 0.0431165 0.852884
2 0.532496 0.225828 0.0323021 0.0417062 0.852498
2 0.695799 0.315871 0.0215439 0.0413249 0.85219
1 0.383305 0.0965569 0.0311781 0.0437403 0.851861
2 0.415588 0.418604 0.0273716 0.0461127 0.851844
1 0.616479 0.185049 0.0309399 0.0416869 0.851592
2 0.622169 0.359865 0.0286955 0.0433965 0.850711
1 0.314353 0.136048 0.0339526 0.0522928 0.849918
2 0.502429 0.271309 0.033122 0.0456109 0.849733
1 0.751584 0.203115 0.0259336 0.0407009 0.849672
2 0.619306 0.271966 0.0303953 0.0436582 0.849072
2 0.499631 0.226237 0.0338203 0.0410315 0.848384
2 0.34829 0.378135 0.0340281 0.0489329 0.848246
2 0.657376 0.231387 0.0480169 0.0406631 0.847727
1 0.23404 0.200527 0.0565227 0.0534526 0.846601
2 0.458891 0.464017 0.0559681 0.0477949 0.845431
2 0.620921 0.315843 0.0299625 0.043507 0.844149
1 0.720779 0.237986 0.0399843 0.0408382 0.844004
2 0.726657 0.40024 0.0365965 0.0409702 0.84393
1 0.235684 0.152967 0.0569228 0.0521262 0.843766
1 0.234019 0.249216 0.0552629 0.0541141 0.843467
2 0.755267 0.278879 0.0274681 0.0385557 0.843212
2 0.506441 0.411518 0.034919 0.0467572 0.842748
2 0.697047 0.358187 0.0218663 0.0416451 0.841961
2 0.662307 0.446492 0.0504219 0.0444373 0.841574
2 0.757206 0.358588 0.0256281 0.0397552 0.841515
2 0.194901 0.397246 0.0236066 0.0479909 0.841505
1 0.529624 0.137665 0.0326523 0.0439814 0.840334
1 0.653742 0.150033 0.0465441 0.044013 0.840242
2 0.34949 0.428254 0.0321999 0.0467992 0.840087
1 0.655471 0.190775 0.0464785 0.0430417 0.838415
2 0.17012 0.496838 0.0258974 0.0464987 0.836591
2 0.235243 0.441685 0.0515663 0.0458847 0.836551
1 0.686263 0.115616 0.0198841 0.0412269 0.835638
2 0.622722 0.40444 0.0285953 0.0425018 0.835217
1 0.74994 0.165732 0.0277851 0.0429989 0.834994
2 0.413762 0.229699 0.0263563 0.0433076 0.833146
2 0.62311 0.448982 0.0294468 0.0439744 0.830668
1 0.347868 0.18144 0.0330563 0.0487001 0.830561
1 0.348046 0.133583 0.0326419 0.0499243 0.829975
2 0.693485 0.274748 0.0199896 0.0412 0.827903
2 0.348217 0.327564 0.0340547 0.049591 0.827258
2 0.383405 0.230348 0.0324005 0.0435591 0.826896
2 0.196352 0.492921 0.0255813 0.0473811 0.826584
1 0.687305 0.1551 0.0202734 0.04235 0.824697
1 0.279466 0.238468 0.0329882 0.049819 0.824191
2 0.0827115 0.463401 0.0198774 0.0450743 0.82133
2 0.507021 0.459153 0.0370896 0.0463777 0.82007
2 0.618033 0.228354 0.0304819 0.0422245 0.817716
2 0.757514 0.398402 0.0244587 0.0391047 0.813037
1 0.747524 0.12744 0.0275452 0.0450363 0.80885
2 0.69858 0.442484 0.0224646 0.0408469 0.808599
2 0.236442 0.489679 0.0533024 0.0483955 0.805784
2 0.313123 0.330667 0.0332168 0.0497548 0.804688
2 0.113434 0.50352 0.0404644 0.0455056 0.80381
1 0.689045 0.194525 0.0199974 0.0431251 0.79716
1 0.0657254 0.33784 0.0179329 0.0399106 0.795912
2 0.386722 0.421854 0.0276707 0.0451587 0.794784
2 0.279367 0.335379 0.0324025 0.0469694 0.794061
2 0.0813126 0.419852 0.0194476 0.0460115 0.793047
1 0.143812 0.406734 0.0216653 0.0491277 0.790961
1 0.196353 0.301748 0.0202273 0.0502615 0.789359
1 0.773126 0.243168 0.0148959 0.0399813 0.783214
2 0.778655 0.359054 0.0177736 0.0382987 0.781018
2 0.352006 0.477253 0.030407 0.0477872 0.780367
2 0.0839413 0.50731 0.0202187 0.0457418 0.778369
1 0.768073 0.13224 0.0165941 0.0404099 0.772126
1 0.197349 0.254396 0.0180911 0.050074 0.77037
2 0.0412114 0.428168 0.0297424 0.0453783 0.762239
1 0.111178 0.412015 0.0400676 0.0494749 0.761621
2 0.066542 0.509699 0.0174187 0.0433827 0.757837
2 0.280883 0.384275 0.0297337 0.0492233 0.754542
1 0.167817 0.355087 0.0243062 0.0505822 0.751836
1 0.0160166 0.352669 0.0202939 0.0429775 0.751825
1 0.77012 0.169315 0.0166691 0.0410295 0.751459
1 0.144562 0.359927 0.0206894 0.0489966 0.749825
2 0.112141 0.458381 0.0399976 0.046561 0.745207
1 0.77186 0.206396 0.0161758 0.0398798 0.741284
2 0.234903 0.39203 0.0527879 0.0492696 0.739052
2 0.169568 0.450414 0.0266073 0.0475481 0.737685
1 0.0824966 0.337099 0.0178372 0.0371766 0.737259
2 0.315761 0.431856 0.0305319 0.0489852 0.736638
2 0.691572 0.23524 0.0199478 0.0398795 0.736261
1 0.144135 0.454265 0.0234014 0.0457373 0.735772
2 0.757605 0.438133 0.0239895 0.0393671 0.733909
2 0.778471 0.319524 0.0174951 0.0403899 0.709715
2 0.195501 0.44539 0.0249507 0.0466466 0.70876
1 0.145344 0.325851 0.0210935 0.0320001 0.693816
1 0.316676 0.48233 0.0338953 0.0504555 0.692832
1 0.110242 0.334513 0.0387521 0.0327021 0.684556
2 0.0414762 0.385507 0.0305325 0.0466292 0.675273
1 0.11069 0.367342 0.0396494 0.0480033 0.672349
1 0.793935 0.39745 0.0124796 0.0364928 0.672037
2 0.0163856 0.394118 0.0198829 0.043708 0.669106
2 0.0657688 0.466653 0.0172873 0.0445346 0.668868
2 0.0645097 0.421751 0.0167076 0.0456311 0.666057
2 0.169117 0.403284 0.0260834 0.0484958 0.653787
2 0.145973 0.499471 0.0241275 0.0454965 0.650161
1 0.283163 0.435684 0.0281287 0.0478107 0.647941
1 0.314066 0.381423 0.0300159 0.051801 0.637731
2 0.0814165 0.375881 0.017979 0.0462114 0.615295
1 0.540549 0.48858 0.0246801 0.0195758 0.608787
1 0.201468 0.160044 0.0151123 0.0442888 0.592971
2 0.778565 0.39778 0.0189175 0.0386288 0.590918
2 0.388483 0.469229 0.0286194 0.0452643 0.588418
1 0.0424396 0.342765 0.0294946 0.043327 0.586922
1 0.284643 0.486417 0.0277863 0.0496775 0.578046
1 0.195107 0.348713 0.0225039 0.0503109 0.570444
1 0.0375786 0.344024 0.0240041 0.0452378 0.563114
2 0.044083 0.512705 0.0290291 0.0404073 0.560166
1 0.165949 0.311562 0.0189316 0.0474293 0.560011
1 0.794355 0.434979 0.0135162 0.0378103 0.558149
2 0.775184 0.278966 0.0153529 0.0369238 0.555476
2 0.0424605 0.471421 0.0293603 0.0439398 0.554828
2 0.314312 0.380812 0.0307558 0.0506139 0.542787
2 0.778386 0.436694 0.0189013 0.0391997 0.532308
1 0.181025 0.306078 0.0135247 0.0502037 0.528983
1 0.198348 0.206519 0.0162376 0.0517954 0.522602
1 0.195571 0.445694 0.0246652 0.0469111 0.507024
