1 0.453007 0.09395 0.0542322 0.0420979 0.894671
1 0.145884 0.221199 0.022009 0.0495826 0.887767
2 0.416665 0.465589 0.0283249 0.0457627 0.887026
2 0.383316 0.276066 0.0326983 0.0447662 0.883504
2 0.538929 0.410042 0.0289803 0.0480324 0.882299
2 0.538228 0.3624 0.0293674 0.0460356 0.879799
2 0.580553 0.408258 0.0537098 0.0460285 0.879009
2 0.457568 0.274144 0.0560526 0.0456641 0.878852
1 0.14485 0.267291 0.0216627 0.0511104 0.878811
2 0.661566 0.316634 0.0494592 0.0440381 0.877305
2 0.662157 0.359678 0.0494556 0.0427105 0.877061
1 0.315099 0.136268 0.033241 0.0498394 0.876386
1 0.147613 0.17648 0.0215644 0.0500103 0.876335
2 0.415566 0.419403 0.0290255 0.0457389 0.876199
1 0.496486 0.0934485 0.0341679 0.0429828 0.876136
2 0.57913 0.31579 0.0528826 0.0454843 0.875666
2 0.621056 0.315394 0.0318855 0.0451469 0.875527
2 0.459179 0.368931 0.0569723 0.0477096 0.875117
1 0.652351 0.11149 0.0466339 0.0441486 0.874827
2 0.580105 0.361628 0.0529392 0.0462796 0.874348
1 0.172936 0.214814 0.0338836 0.0507744 0.874101
2 0.383442 0.229857 0.0329013 0.044494 0.874071
1 0.754756 0.28003 0.0277271 0.0412068 0.873369
2 0.504621 0.318209 0.0330311 0.0455683 0.87328
1 0.573047 0.141473 0.0533957 0.0432593 0.873146
1 0.717272 0.159363 0.0402115 0.0459608 0.873023
1 0.571641 0.100009 0.0537802 0.0430893 0.873008
2 0.458601 0.321868 0.0560653 0.0475161 0.872744
1 0.314075 0.184559 0.034551 0.0496978 0.872687
1 0.720559 0.238125 0.0402363 0.0429584 0.871996
1 0.71882 0.198536 0.0401148 0.0457341 0.871259
2 0.536883 0.31639 0.0302715 0.0447907 0.871254
1 0.453078 0.137305 0.0542693 0.0439133 0.871103
2 0.414193 0.275702 0.0280719 0.0444323 0.870742
2 0.698189 0.401214 0.0226637 0.0411182 0.870633
1 0.530838 0.180931 0.0329298 0.0441691 0.870483
2 0.619782 0.270914 0.0319283 0.0449659 0.870327
2 0.727291 0.401017 0.0371916 0.040852 0.870302
1 0.412764 0.182765 0.0265654 0.0450063 0.869821
2 0.662247 0.402643 0.0495205 0.042789 0.869723
1 0.383353 0.183807 0.0321198 0.0453134 0.869507
1 0.313691 0.23166 0.0344297 0.0485706 0.869056
1 0.348148 0.276221 0.0339629 0.0482616 0.869042
1 0.453379 0.181981 0.0543009 0.0453557 0.868901
1 0.171744 0.260875 0.0331682 0.0501669 0.868383
2 0.696467 0.318161 0.0217377 0.0424022 0.868191
1 0.412516 0.0957597 0.0274628 0.042811 0.868022
2 0.455345 0.229322 0.055658 0.0439634 0.867735
2 0.7265 0.360235 0.0373203 0.0409909 0.867445
1 0.383374 0.140152 0.0317312 0.0432329 0.867231
2 0.415138 0.371862 0.02875 0.0472245 0.86719
2 0.622115 0.360093 0.031382 0.0451855 0.866958
2 0.728047 0.441585 0.036923 0.0408769 0.866609
2 0.724519 0.319524 0.0381582 0.0416155 0.866578
2 0.459462 0.417126 0.0572939 0.0477208 0.866442
1 0.497079 0.136879 0.0343517 0.0439486 0.866396
2 0.413557 0.229682 0.0274252 0.0451621 0.866259
1 0.0834553 0.241121 0.0186919 0.0501448 0.865736
1 0.753234 0.240642 0.0279137 0.0421065 0.865239
1 0.313824 0.279102 0.0339627 0.0490924 0.864767
1 0.412342 0.138998 0.0266581 0.0434776 0.864553
1 0.113139 0.234943 0.044684 0.0552693 0.864468
2 0.505799 0.364041 0.0335424 0.0461165 0.864348
1 0.281674 0.140959 0.033345 0.0521471 0.864129
2 0.538945 0.457468 0.0295027 0.0483578 0.863756
1 0.497513 0.180721 0.0339156 0.043824 0.863173
1 0.348184 0.228282 0.0339256 0.0468636 0.863039
1 0.170638 0.306896 0.0327043 0.0512163 0.863021
2 0.383596 0.32436 0.0321242 0.0467881 0.862687
2 0.659905 0.272643 0.0506976 0.0443656 0.862619
1 0.112275 0.321618 0.0445315 0.0520398 0.862049
1 0.574123 0.18333 0.052765 0.043535 0.861668
2 0.459448 0.463965 0.0564408 0.0468172 0.860677
2 0.580852 0.453997 0.0538387 0.0470799 0.860087
2 0.11356 0.503891 0.0412346 0.0471193 0.859892
1 0.112375 0.277829 0.0443329 0.0551843 0.859619
2 0.697683 0.359732 0.0221701 0.0409214 0.859474
1 0.615631 0.143765 0.031616 0.0441784 0.859221
2 0.577646 0.270474 0.0531191 0.044986 0.85889
1 0.34824 0.323722 0.0335631 0.0472526 0.858827
2 0.534991 0.270867 0.0316417 0.045158 0.857737
1 0.529414 0.093946 0.0326217 0.0428086 0.856961
1 0.0651988 0.334372 0.0155117 0.0465281 0.856061
2 0.618006 0.228142 0.0310627 0.0430704 0.855743
1 0.0809905 0.329959 0.017648 0.0485169 0.855481
2 0.755859 0.31956 0.0267765 0.0403994 0.855175
1 0.280622 0.189638 0.0332973 0.0498532 0.855109
1 0.236583 0.154451 0.055012 0.0512854 0.855059
1 0.616901 0.184964 0.0317982 0.0436721 0.854885
1 0.0820151 0.285218 0.0178962 0.050559 0.854678
1 0.530139 0.137642 0.0335493 0.0446217 0.854601
1 0.144331 0.312825 0.0202563 0.0515159 0.854238
2 0.622695 0.404385 0.0307428 0.0446445 0.854055
2 0.111963 0.41056 0.0423426 0.0507149 0.854014
2 0.414931 0.323607 0.0283778 0.0474303 0.853976
1 0.169495 0.352421 0.0301663 0.0466704 0.853612
1 0.721985 0.278529 0.0397061 0.0432388 0.853555
2 0.502699 0.272141 0.0336992 0.0450718 0.853043
1 0.653912 0.15112 0.0466022 0.0435026 0.853039
2 0.384305 0.373719 0.0310861 0.0461434 0.852202
1 0.655914 0.190623 0.0471678 0.04367 0.852165
2 0.575948 0.227547 0.0543857 0.042794 0.851741
1 0.383142 0.0968592 0.0316259 0.0441823 0.851563
2 0.661981 0.446737 0.0495165 0.0454609 0.85149
1 0.235046 0.200525 0.0555422 0.0540969 0.850653
2 0.506544 0.41194 0.0334495 0.0483061 0.849926
2 0.694006 0.275735 0.0200827 0.0437817 0.849743
2 0.112594 0.458044 0.0412152 0.0469676 0.849468
1 0.348807 0.133565 0.0343798 0.0492849 0.849122
1 0.234545 0.340563 0.0552993 0.0461194 0.84848
1 0.751795 0.203368 0.0276415 0.0400789 0.847842
1 0.685917 0.115276 0.0207115 0.0411366 0.847366
2 0.533135 0.22721 0.0314827 0.0429372 0.84713
2 0.236496 0.440873 0.0539475 0.047004 0.847123
1 0.315635 0.432252 0.0310332 0.0478019 0.847083
2 0.658054 0.230527 0.0496819 0.0445252 0.845464
1 0.348656 0.181454 0.0343207 0.0480801 0.844969
2 0.756874 0.359659 0.0260918 0.0402005 0.844903
2 0.697981 0.442901 0.0228445 0.0411314 0.844512
2 0.623038 0.449178 0.0308233 0.045607 0.84404
1 0.279167 0.286207 0.0323872 0.0477181 0.842988
2 0.500508 0.227726 0.0348976 0.0423353 0.842703
1 0.687352 0.155141 0.0209497 0.0429231 0.842427
1 0.0655511 0.291129 0.0173051 0.0497683 0.841974
1 0.613956 0.103333 0.0310062 0.0434165 0.841256
1 0.115063 0.19146 0.0442665 0.0584783 0.841063
2 0.041198 0.42684 0.0304457 0.0491623 0.840061
2 0.195066 0.395464 0.0234558 0.049826 0.839719
1 0.715629 0.121077 0.0397865 0.044648 0.838458
1 0.0417211 0.34176 0.0309917 0.0493631 0.837995
1 0.197667 0.255816 0.0193164 0.0481818 0.834415
1 0.174167 0.169873 0.0328782 0.0506388 0.832482
2 0.168884 0.400362 0.0280622 0.0513587 0.83238
2 0.757793 0.399211 0.0248129 0.0392678 0.832342
1 0.198586 0.208933 0.0184879 0.0498366 0.831819
1 0.0442963 0.217697 0.0314721 0.05684 0.831287
1 0.0847875 0.198815 0.0190341 0.0508158 0.831215
2 0.237574 0.489687 0.0552675 0.0515888 0.830702
1 0.750436 0.166325 0.0284902 0.0441355 0.829215
1 0.0170984 0.311079 0.0194236 0.0474603 0.828153
1 0.279674 0.238046 0.0325492 0.0496997 0.827885
2 0.506791 0.460354 0.0340025 0.0483964 0.826248
2 0.0842625 0.506123 0.0190405 0.0448698 0.825841
1 0.194913 0.347466 0.0215518 0.0447283 0.824738
1 0.234385 0.29443 0.0554579 0.0508877 0.823125
1 0.747944 0.128341 0.0263952 0.0441642 0.822749
2 0.779298 0.359732 0.0199729 0.0388981 0.822575
1 0.313934 0.326817 0.0328361 0.0486196 0.822047
2 0.082572 0.463162 0.0186815 0.0441398 0.82048
2 0.0657911 0.466342 0.0163548 0.0438305 0.81906
1 0.0669108 0.248407 0.0174631 0.0505343 0.818838
1 0.0418436 0.302188 0.0310553 0.0514554 0.817895
1 0.0164045 0.352388 0.0200873 0.0474759 0.815695
2 0.0420018 0.471112 0.0305746 0.0449833 0.8144
2 0.147174 0.499683 0.0233789 0.0460999 0.813485
1 0.23479 0.247302 0.054792 0.0517662 0.811477
2 0.171554 0.49679 0.0268604 0.0483354 0.809595
2 0.144232 0.404466 0.0207127 0.0513375 0.808319
2 0.0814321 0.417814 0.0176459 0.0485544 0.808021
1 0.689295 0.19475 0.0204626 0.0431051 0.807441
2 0.779458 0.398644 0.0191664 0.0379771 0.806381
2 0.19726 0.492939 0.025968 0.0496317 0.805769
1 0.196101 0.302111 0.0209212 0.048692 0.805741
2 0.691812 0.234781 0.0196327 0.0422954 0.804526
1 0.0430466 0.260757 0.0318474 0.0523275 0.804036
2 0.349782 0.428642 0.0326655 0.0483771 0.802049
1 0.0180576 0.271145 0.0193945 0.0475148 0.798801
1 0.0190949 0.231564 0.0200475 0.0464942 0.798489
1 0.27729 0.333634 0.028264 0.0458203 0.79532
1 0.767922 0.133497 0.017243 0.0389965 0.79184
1 0.235235 0.39134 0.0543526 0.051467 0.788876
1 0.77681 0.282411 0.0175003 0.0376819 0.787212
2 0.0646625 0.4215 0.0159316 0.0472267 0.78631
2 0.169583 0.449394 0.0269012 0.0477543 0.78565
2 0.19592 0.445978 0.0250422 0.0478808 0.785637
1 0.080811 0.371883 0.0171912 0.0471561 0.785184
2 0.758548 0.438477 0.0237564 0.0396025 0.781331
2 0.0673186 0.509189 0.0176693 0.0433773 0.776687
2 0.016934 0.475093 0.0195697 0.0426708 0.775741
2 0.145197 0.453058 0.0231043 0.0471828 0.774684
2 0.778278 0.320676 0.0190826 0.0389311 0.774382
1 0.774206 0.243915 0.0153344 0.0411005 0.773794
1 0.0680389 0.204824 0.0176621 0.0523459 0.770876
2 0.35272 0.476947 0.0321426 0.0471614 0.770822
1 0.772398 0.206291 0.0150969 0.038419 0.758805
2 0.0438732 0.512307 0.031665 0.0424939 0.757683
1 0.538559 0.489931 0.0292676 0.0200124 0.754325
2 0.779363 0.436759 0.0182032 0.0388011 0.749528
1 0.0417807 0.383739 0.0312502 0.0499812 0.745363
2 0.017652 0.51505 0.0192239 0.0401375 0.744815
2 0.0169783 0.432947 0.0180356 0.0457331 0.740543
1 0.384842 0.422297 0.031937 0.0455812 0.739439
2 0.386672 0.47002 0.03228 0.0467774 0.737028
1 0.199192 0.164293 0.0178402 0.0456461 0.735952
1 0.770654 0.17001 0.0167585 0.0410099 0.733337
1 0.0657942 0.376182 0.0137602 0.0449699 0.72776
1 0.314853 0.380859 0.0294856 0.0522139 0.721207
1 0.388557 0.504697 0.0321242 0.0227571 0.719232
1 0.316891 0.481865 0.035833 0.0505038 0.694041
1 0.00436942 0.279175 0.00873884 0.0466243 0.690171
1 0.279088 0.384174 0.0277667 0.0498413 0.687917
1 0.280149 0.436071 0.0280536 0.0474762 0.667865
1 0.34837 0.377343 0.0334891 0.0526193 0.666037
1 0.00407947 0.316173 0.00812157 0.0461588 0.654096
2 0.00373093 0.478021 0.00746186 0.0402337 0.651989
1 0.0047291 0.238801 0.00944745 0.0468798 0.649508
1 0.281511 0.486835 0.0291987 0.0508282 0.646987
2 0.506469 0.492021 0.0339348 0.0210284 0.633505
1 0.354428 0.508957 0.0328684 0.0186427 0.632928
1 0.417597 0.501773 0.0269854 0.0233044 0.623778
2 0.00423769 0.516846 0.00843438 0.0385303 0.597081
2 0.348379 0.376871 0.0329302 0.0519981 0.589665
2 0.14453 0.358085 0.0196825 0.0458291 0.588113
1 0.459544 0.495209 0.0553587 0.0219499 0.557324
2 0.0177609 0.391198 0.0175239 0.0458427 0.550149
2 0.111857 0.364459 0.0441885 0.0489214 0.547472
