2 0.417694 0.466363 0.0272862 0.0450977 0.889768
1 0.315054 0.18519 0.0341994 0.0486404 0.883613
1 0.575109 0.185098 0.0532561 0.0435033 0.879696
1 0.453969 0.0938383 0.0535673 0.041925 0.879694
1 0.083056 0.285582 0.0177193 0.049434 0.87797
1 0.720147 0.199743 0.0398513 0.0455361 0.877904
1 0.574315 0.142975 0.0531588 0.0445461 0.874486
1 0.145924 0.266934 0.0212799 0.0514949 0.874428
1 0.718788 0.160681 0.0400631 0.0449749 0.874256
2 0.581641 0.362685 0.0520294 0.0464596 0.874162
1 0.0841639 0.241876 0.0185112 0.0494569 0.874042
1 0.532105 0.181847 0.0328687 0.0446401 0.873908
2 0.578568 0.272405 0.052173 0.0440598 0.872897
2 0.383515 0.276848 0.0323177 0.0464925 0.872784
2 0.580475 0.316518 0.0515455 0.0450443 0.872673
1 0.572812 0.100588 0.0528742 0.0423149 0.872144
2 0.540095 0.363165 0.0296698 0.0459518 0.871885
2 0.660131 0.274089 0.0490988 0.0425413 0.871633
2 0.620653 0.273066 0.0309355 0.0428077 0.870447
1 0.282848 0.14154 0.0334712 0.050863 0.870399
1 0.654297 0.110876 0.0477407 0.0441027 0.870193
2 0.576867 0.2296 0.0536596 0.0428462 0.869735
2 0.661797 0.316957 0.0492672 0.042902 0.868384
2 0.536886 0.2721 0.0327937 0.0440997 0.86813
1 0.281855 0.188954 0.0330913 0.0485908 0.868008
2 0.540432 0.410467 0.0289323 0.0462479 0.867711
1 0.237474 0.154835 0.0550865 0.0518743 0.867468
2 0.582257 0.408768 0.053158 0.0442341 0.866911
2 0.505532 0.317738 0.0345691 0.0449843 0.865646
2 0.45755 0.273822 0.0556231 0.0448963 0.865574
1 0.384741 0.185334 0.0317078 0.0466878 0.865415
1 0.530934 0.138328 0.0330578 0.0436982 0.864861
1 0.315007 0.280164 0.0331767 0.0501808 0.864788
1 0.413818 0.184284 0.0264217 0.0467571 0.864497
1 0.497376 0.0941346 0.0328875 0.0426064 0.864446
1 0.315022 0.232406 0.0336241 0.0488768 0.864282
2 0.538865 0.316925 0.0310223 0.0457968 0.863845
2 0.506287 0.364519 0.0347052 0.0467036 0.863844
1 0.148635 0.175126 0.0213411 0.0507112 0.862307
1 0.349272 0.277574 0.0341693 0.0497719 0.862055
1 0.34942 0.229152 0.0337141 0.0472568 0.861973
1 0.146927 0.221449 0.0218807 0.0505032 0.861966
2 0.662612 0.403858 0.0501984 0.0433785 0.861801
2 0.621868 0.316592 0.0303402 0.0431696 0.861777
2 0.723433 0.278808 0.0385254 0.041854 0.861494
1 0.454929 0.182626 0.0541376 0.0454626 0.860705
1 0.235936 0.295126 0.053863 0.0491938 0.860667
1 0.499241 0.18176 0.0331938 0.0431498 0.85971
2 0.384118 0.325388 0.0311034 0.0459034 0.859149
1 0.529818 0.0952392 0.0329645 0.0424407 0.858865
2 0.170137 0.401403 0.0257974 0.048945 0.858541
2 0.458767 0.321298 0.05688 0.047476 0.857567
1 0.454408 0.137983 0.054011 0.0437561 0.857496
1 0.413788 0.139224 0.02582 0.0441591 0.857461
2 0.503608 0.272195 0.0348288 0.044733 0.85645
2 0.623 0.360771 0.0292589 0.0449876 0.856237
1 0.655699 0.151225 0.0473158 0.0451651 0.855506
1 0.082566 0.330381 0.0173931 0.0493778 0.855139
1 0.0663752 0.292049 0.0168354 0.0489476 0.854926
1 0.0655228 0.335361 0.0172618 0.048492 0.854439
1 0.235956 0.342278 0.0529368 0.0480944 0.854277
2 0.658152 0.231993 0.0476818 0.0417895 0.854081
2 0.725695 0.31961 0.0377743 0.0413762 0.853462
2 0.540507 0.456188 0.0290423 0.0459634 0.853363
1 0.615065 0.104282 0.0302282 0.0415421 0.852793
2 0.662455 0.36058 0.0496973 0.0430289 0.852651
1 0.768928 0.444455 0.0406099 0.0477517 0.852575
2 0.582585 0.45355 0.0541716 0.0460624 0.852285
1 0.281345 0.237302 0.0334794 0.0493582 0.852236
2 0.456214 0.22888 0.0550248 0.0428757 0.852136
1 0.0174241 0.310069 0.0203157 0.0501399 0.851175
1 0.413802 0.095297 0.02561 0.0433651 0.85084
2 0.416379 0.419675 0.0276008 0.0469608 0.850573
2 0.169659 0.449674 0.0249425 0.0462899 0.850513
1 0.172597 0.308273 0.0317854 0.0502777 0.850343
2 0.6947 0.276781 0.0222927 0.0408484 0.84978
1 0.498243 0.137818 0.0327811 0.0436701 0.849595
2 0.45919 0.368506 0.057362 0.0474436 0.849566
1 0.173391 0.261141 0.0337037 0.0523753 0.849186
1 0.0670874 0.249292 0.0166436 0.0492962 0.849052
2 0.500769 0.226509 0.033984 0.0431153 0.848782
2 0.619071 0.229774 0.030549 0.0419224 0.847901
1 0.0184362 0.270456 0.0202625 0.0462747 0.847682
1 0.616881 0.145077 0.0313096 0.0433777 0.847463
1 0.349684 0.18218 0.0337037 0.0470254 0.847061
1 0.235919 0.248252 0.0547673 0.0519194 0.846872
1 0.281457 0.286677 0.03424 0.0499996 0.846378
1 0.716975 0.122042 0.0400427 0.0463539 0.845858
2 0.623826 0.405764 0.0279331 0.0437744 0.845732
1 0.384803 0.140399 0.0313827 0.0442737 0.845334
2 0.534204 0.227897 0.0335217 0.043483 0.845234
2 0.506688 0.412772 0.035083 0.0463412 0.844685
1 0.314791 0.330116 0.0325112 0.0486238 0.84425
2 0.170776 0.497477 0.0248342 0.0466248 0.844116
1 0.171778 0.354158 0.0288759 0.0479614 0.84401
2 0.2365 0.440927 0.0533755 0.048456 0.843835
1 0.0453074 0.218335 0.0325038 0.06016 0.843058
2 0.414168 0.27642 0.027756 0.0448647 0.842787
1 0.236375 0.200548 0.0555485 0.0521901 0.842667
2 0.415871 0.371905 0.0272326 0.0470746 0.842652
2 0.692319 0.236093 0.0210005 0.0414683 0.842652
1 0.657194 0.191058 0.0470517 0.0426809 0.841788
2 0.0837859 0.46285 0.0187355 0.0440077 0.841328
1 0.618059 0.186857 0.0310331 0.0417657 0.840788
2 0.282437 0.434876 0.0286726 0.0469115 0.840306
2 0.414756 0.323961 0.0278032 0.0464333 0.839864
2 0.0651442 0.422382 0.017658 0.045868 0.83969
1 0.384686 0.0965539 0.0315809 0.0433023 0.839628
1 0.688982 0.155128 0.0209185 0.0446099 0.839608
1 0.145819 0.31327 0.0206866 0.050887 0.83901
2 0.413916 0.230332 0.0271088 0.0433325 0.838695
1 0.315751 0.137268 0.0338843 0.0495236 0.83795
2 0.0666805 0.465715 0.0169663 0.0445163 0.836177
2 0.349881 0.427855 0.0304725 0.0464349 0.835579
1 0.0417138 0.342641 0.030898 0.0507867 0.835441
2 0.195647 0.446866 0.0247808 0.0466317 0.835336
2 0.662834 0.448093 0.0509983 0.044858 0.832994
1 0.196962 0.34788 0.0228424 0.0466719 0.832754
1 0.019926 0.231326 0.0209207 0.0496521 0.83092
2 0.195629 0.397148 0.0231653 0.0488122 0.829986
1 0.085742 0.199625 0.0187297 0.0498534 0.828575
2 0.697112 0.317952 0.022533 0.0414629 0.828384
2 0.728472 0.402195 0.0361895 0.0410665 0.828133
2 0.14612 0.452983 0.021386 0.04601 0.826262
2 0.349097 0.377841 0.0321544 0.0494621 0.825748
1 0.0164093 0.351938 0.0206864 0.0503621 0.824336
1 0.687535 0.115432 0.0201012 0.0430213 0.82298
2 0.506505 0.461372 0.0362606 0.0492843 0.822266
1 0.174415 0.214003 0.0348533 0.0490649 0.820758
2 0.727355 0.360977 0.0367481 0.0401411 0.820145
2 0.145717 0.405601 0.0212322 0.049346 0.819868
1 0.349705 0.134942 0.0335424 0.0494156 0.818935
2 0.352185 0.476731 0.0318473 0.0483062 0.818215
1 0.198156 0.301926 0.0209387 0.0488722 0.816771
2 0.196793 0.494178 0.0261548 0.0475808 0.816337
2 0.238532 0.490287 0.0566948 0.0508011 0.814162
1 0.690604 0.194458 0.020245 0.0427302 0.813802
2 0.624421 0.450111 0.0278059 0.0443275 0.81099
1 0.76083 0.242477 0.0402234 0.0381221 0.809822
2 0.38972 0.468295 0.0279652 0.0447629 0.809729
1 0.721719 0.238412 0.0391967 0.0427207 0.809641
1 0.0425295 0.302135 0.0314887 0.0506059 0.809608
1 0.176035 0.168904 0.0344923 0.0498345 0.808886
1 0.06903 0.205646 0.0177769 0.0524292 0.807075
2 0.0417543 0.428209 0.0286097 0.0461601 0.805746
1 0.280548 0.335453 0.0328894 0.0477885 0.805637
1 0.043707 0.259842 0.0327781 0.0528135 0.80011
1 0.763715 0.280525 0.0431276 0.0396566 0.799029
1 0.768351 0.400066 0.0418255 0.0398938 0.798872
2 0.0827797 0.418682 0.0176392 0.0460431 0.796601
1 0.3488 0.327051 0.0335609 0.0480721 0.795737
1 0.31532 0.380964 0.0312531 0.0507815 0.790695
1 0.0822056 0.374488 0.0160418 0.0480008 0.783382
1 0.38405 0.062244 0.0315389 0.026824 0.783292
1 0.199059 0.255599 0.019012 0.0499782 0.779792
1 0.759867 0.205262 0.0418846 0.0413152 0.777075
2 0.387886 0.420731 0.0274281 0.0462038 0.774513
1 0.00422273 0.277193 0.00841156 0.0438339 0.773386
1 0.12507 0.188167 0.0263951 0.0540534 0.772762
2 0.0679692 0.508789 0.0180525 0.0429425 0.772287
1 0.199912 0.208958 0.0176367 0.0490746 0.767031
1 0.767534 0.361185 0.0433491 0.0388255 0.762969
2 0.386613 0.373542 0.027216 0.0439472 0.7545
2 0.284137 0.485982 0.0301685 0.0503763 0.753963
1 0.200961 0.164065 0.0169404 0.0466373 0.753641
2 0.14815 0.499756 0.0217496 0.0452396 0.752459
1 0.101994 0.324741 0.0234957 0.050241 0.746789
1 0.765715 0.320717 0.0435529 0.0412983 0.741123
2 0.103559 0.50361 0.0192276 0.0409682 0.735672
1 0.540558 0.489893 0.0290592 0.0232702 0.734528
2 0.699019 0.402059 0.0221203 0.0424712 0.732226
1 0.125594 0.230572 0.022703 0.0522464 0.730767
1 0.280028 0.384091 0.0298974 0.0479374 0.7307
1 0.145895 0.359048 0.0214558 0.0495432 0.728391
1 0.757245 0.167202 0.0387804 0.0417275 0.727558
1 0.0051167 0.238762 0.0102334 0.046843 0.724884
2 0.0849928 0.506081 0.0190214 0.0425715 0.724044
2 0.698269 0.359681 0.0220875 0.0411923 0.723913
1 0.124658 0.276393 0.022057 0.0505107 0.723867
2 0.0508628 0.511737 0.019227 0.0415395 0.723206
1 0.104325 0.235686 0.0248062 0.0532363 0.717931
2 0.123993 0.457523 0.0216208 0.0467023 0.716671
1 0.389984 0.504629 0.0300829 0.0233233 0.712541
2 0.125361 0.50185 0.0243025 0.0429532 0.7125
2 0.0420826 0.385251 0.0301651 0.0486306 0.710637
1 0.113914 0.191035 0.0401193 0.0564155 0.704825
2 0.0479171 0.4705 0.0200706 0.0435938 0.703701
1 0.747681 0.129642 0.0249524 0.0419742 0.702693
2 0.0400502 0.472351 0.0234773 0.0441031 0.701339
2 0.102509 0.459531 0.0191344 0.045628 0.700183
1 0.00395443 0.316519 0.00790886 0.0466523 0.697886
2 0.446079 0.464571 0.028642 0.0451944 0.697844
2 0.0179702 0.43378 0.0199114 0.0445491 0.695788
1 0.102971 0.279545 0.0242149 0.050801 0.692143
2 0.317141 0.431477 0.030208 0.0481793 0.691537
1 0.123831 0.320958 0.022409 0.0492435 0.691296
1 0.418138 0.502028 0.0268646 0.0224894 0.689075
2 0.0171595 0.476165 0.0198738 0.0413342 0.681047
2 0.457346 0.417744 0.0529549 0.0474497 0.680555
2 0.506479 0.493545 0.0361199 0.0237644 0.675304
1 0.235794 0.391249 0.0529415 0.0476833 0.669787
2 0.474401 0.462989 0.0264193 0.0468212 0.662008
1 0.0653972 0.378839 0.0178038 0.0474065 0.655397
1 0.653378 0.0774576 0.047587 0.0331793 0.653961
1 0.112286 0.366152 0.0436628 0.0499145 0.653176
1 0.354195 0.509915 0.033771 0.0180109 0.646922
2 0.445211 0.417702 0.0286324 0.0477253 0.645546
2 0.0364696 0.512836 0.0159504 0.040556 0.642286
2 0.112752 0.412172 0.0422258 0.0487718 0.631708
1 0.754841 0.12923 0.0398024 0.0454455 0.625028
2 0.729145 0.446085 0.0363667 0.046334 0.622058
1 0.613913 0.0717133 0.0303125 0.0292649 0.596819
1 0.00353969 0.357763 0.00707938 0.045826 0.596561
1 0.413787 0.0613799 0.024973 0.0262473 0.591592
1 0.109718 0.323496 0.0386039 0.050038 0.586088
2 0.146076 0.360433 0.0206069 0.0469996 0.572779
2 0.0170573 0.392257 0.0205692 0.0428568 0.561311
1 0.31888 0.511493 0.0332014 0.0155208 0.554934
2 0.318278 0.480441 0.030857 0.0471697 0.553493
2 0.471924 0.416011 0.0323069 0.0474347 0.548155
1 0.38399 0.230603 0.0323534 0.0437604 0.547787
2 0.017523 0.515057 0.0192116 0.0396871 0.547078
2 0.699832 0.445016 0.0233377 0.0425529 0.5349
