1 0.145509 0.221055 0.0213688 0.0476712 0.899918
1 0.144781 0.266334 0.0215911 0.0494532 0.89611
1 0.657425 0.233189 0.0461349 0.041076 0.889966
1 0.147058 0.176663 0.0205885 0.04786 0.88336
1 0.45274 0.0947656 0.052692 0.0410135 0.881153
2 0.723731 0.317557 0.0387087 0.0385072 0.881151
1 0.495995 0.0945856 0.0316473 0.0428146 0.879748
1 0.654109 0.15177 0.0468911 0.0412338 0.879239
1 0.0815857 0.286502 0.0186474 0.0495735 0.878658
2 0.662774 0.401846 0.0470015 0.0407776 0.876184
1 0.656281 0.192285 0.0465892 0.0411838 0.875599
1 0.496923 0.139323 0.0318895 0.0417299 0.875424
1 0.111629 0.323253 0.0438469 0.0543064 0.873697
1 0.111974 0.27846 0.0439606 0.0560113 0.873338
1 0.0826155 0.242928 0.0187509 0.0495215 0.872829
1 0.313542 0.233494 0.0332405 0.0497879 0.869562
1 0.313636 0.186097 0.0338118 0.0500747 0.869253
2 0.662239 0.358913 0.0461099 0.0414796 0.868831
1 0.144219 0.312929 0.0205283 0.0514307 0.868202
1 0.453944 0.228306 0.0531702 0.0445418 0.867564
1 0.575014 0.22924 0.0523947 0.0444736 0.86747
2 0.659148 0.27472 0.0458769 0.0396094 0.866921
1 0.452934 0.139256 0.0527685 0.0410242 0.8666
1 0.453347 0.182802 0.0531713 0.041707 0.86593
2 0.503245 0.318644 0.0326355 0.0430863 0.864419
2 0.536118 0.316914 0.0309553 0.042156 0.863482
2 0.661009 0.316197 0.0458202 0.039673 0.863237
1 0.497522 0.183105 0.0317752 0.0413367 0.863168
1 0.71913 0.199288 0.0394792 0.0426279 0.862095
1 0.574214 0.185367 0.0532801 0.0425282 0.862022
2 0.505107 0.364357 0.0323071 0.0437252 0.86149
2 0.725984 0.358505 0.0371546 0.0400216 0.861473
1 0.618334 0.23025 0.0310143 0.0431053 0.861229
1 0.722357 0.277863 0.0392912 0.0405537 0.860423
1 0.0808911 0.330548 0.0181459 0.0479947 0.859738
1 0.717424 0.160453 0.0396376 0.0419439 0.859687
1 0.652429 0.11193 0.0456234 0.0407963 0.859475
1 0.347652 0.277885 0.0330642 0.0481297 0.858911
1 0.412405 0.183599 0.0260059 0.0448889 0.858657
1 0.529643 0.13961 0.0321395 0.0434745 0.858294
1 0.573161 0.143407 0.0531605 0.0405652 0.858281
1 0.114526 0.191115 0.0443995 0.0575918 0.857807
1 0.615874 0.144765 0.0304897 0.0422956 0.857769
1 0.281331 0.142527 0.0323047 0.0491618 0.857758
1 0.691088 0.234571 0.0193441 0.0408794 0.857379
1 0.412749 0.230156 0.0261825 0.0472665 0.856992
1 0.412135 0.139596 0.0257831 0.0434416 0.856
1 0.528358 0.0953944 0.0314561 0.0436934 0.854766
1 0.112721 0.235331 0.0444934 0.0544919 0.854638
2 0.459278 0.415888 0.0551403 0.0459176 0.854246
2 0.45871 0.367662 0.0546075 0.0470067 0.854213
1 0.235397 0.295183 0.0531159 0.0495993 0.853645
1 0.313373 0.283357 0.0333129 0.0510711 0.853593
2 0.621869 0.316129 0.027744 0.0397538 0.85321
1 0.498318 0.226605 0.031955 0.0423054 0.85274
1 0.347743 0.229413 0.0330751 0.0483553 0.852269
2 0.534106 0.273036 0.0323061 0.0437057 0.851877
2 0.538115 0.361854 0.0280748 0.0433263 0.851832
1 0.752436 0.204068 0.0274879 0.0401664 0.851713
1 0.236397 0.154658 0.0546187 0.0519683 0.850874
1 0.280021 0.237435 0.0318834 0.0488392 0.850649
1 0.280392 0.189895 0.0319839 0.0478145 0.850635
1 0.53174 0.225483 0.0321287 0.0453717 0.850422
1 0.617049 0.18683 0.0309032 0.0431766 0.849386
1 0.530808 0.182554 0.0320287 0.0427068 0.849377
2 0.662611 0.445036 0.0479736 0.0410597 0.848508
1 0.412283 0.0954259 0.0252623 0.0425312 0.84839
1 0.753526 0.241326 0.0267 0.0399727 0.847907
2 0.622738 0.359267 0.0267273 0.0410895 0.84739
2 0.579437 0.315902 0.0523567 0.0418179 0.84652
1 0.234993 0.24766 0.053872 0.0511471 0.84543
2 0.455685 0.274985 0.0536453 0.0443288 0.845391
1 0.347368 0.328272 0.0331863 0.0489397 0.841995
1 0.715264 0.121973 0.0389219 0.0435087 0.841772
1 0.235214 0.343857 0.0540484 0.0496743 0.841713
2 0.459355 0.462675 0.0558243 0.0445324 0.841623
1 0.314562 0.138291 0.0334255 0.0501142 0.841271
1 0.382854 0.231368 0.031648 0.0468995 0.841194
2 0.457689 0.32037 0.0546003 0.0449016 0.841174
1 0.0651616 0.334619 0.0153426 0.0457942 0.840813
2 0.619973 0.273778 0.029988 0.0397211 0.840684
1 0.0657376 0.250061 0.0173802 0.0493802 0.839683
2 0.539381 0.408343 0.0277602 0.0450314 0.839203
1 0.235334 0.201074 0.0541333 0.0508813 0.83881
2 0.500799 0.27334 0.0330448 0.0432226 0.838728
2 0.416764 0.465381 0.0262206 0.0443546 0.83813
2 0.506328 0.411095 0.0327879 0.0447613 0.83809
2 0.580554 0.359612 0.0526224 0.0430758 0.838059
1 0.720597 0.237711 0.0392506 0.0403826 0.837751
1 0.687657 0.154909 0.0208025 0.0421255 0.837689
1 0.279961 0.286569 0.032371 0.0483064 0.837268
1 0.383533 0.0962097 0.0304777 0.0456117 0.837087
1 0.383564 0.141064 0.0302795 0.0446128 0.836948
1 0.689553 0.194066 0.01957 0.0422869 0.834927
2 0.623181 0.403174 0.0271853 0.0417411 0.834809
1 0.111693 0.368053 0.0428973 0.0473697 0.833483
1 0.34843 0.135981 0.033819 0.0503033 0.832762
2 0.113476 0.504453 0.0401085 0.0460879 0.83206
2 0.580921 0.405205 0.0513611 0.0434208 0.831667
1 0.348015 0.182715 0.0335468 0.0481304 0.830565
2 0.577667 0.274189 0.0522474 0.0403419 0.830268
1 0.613964 0.103724 0.0298874 0.0424342 0.829729
1 0.383365 0.185348 0.0310469 0.0449434 0.829629
1 0.75075 0.167118 0.0284732 0.0425878 0.829295
2 0.415386 0.370985 0.0264462 0.0447962 0.828484
1 0.0440282 0.219226 0.0322427 0.0572083 0.827321
2 0.0840803 0.50725 0.0194728 0.042721 0.822331
1 0.572043 0.10161 0.0529474 0.0404243 0.82144
2 0.413904 0.276875 0.0263882 0.0440182 0.820169
1 0.747795 0.129351 0.0274492 0.0425111 0.819852
2 0.727121 0.39975 0.0362793 0.0390164 0.818873
1 0.0651213 0.375772 0.0148052 0.0427816 0.818535
2 0.237173 0.488925 0.055265 0.0484716 0.817791
1 0.065172 0.293023 0.016749 0.0487007 0.817738
2 0.507162 0.458519 0.0353733 0.0432853 0.817119
1 0.144345 0.359603 0.0201266 0.0483649 0.815989
2 0.539808 0.455214 0.0272735 0.0446948 0.813902
2 0.623262 0.447605 0.0287743 0.041916 0.813646
2 0.697198 0.358107 0.0199112 0.0403417 0.812811
2 0.765324 0.357603 0.0396245 0.0388768 0.811734
1 0.755707 0.279972 0.0268074 0.03849 0.811227
2 0.728148 0.440653 0.0354931 0.0387397 0.809353
1 0.685655 0.115272 0.020978 0.0415655 0.80867
2 0.41594 0.417832 0.0261699 0.0438353 0.804968
2 0.112598 0.458942 0.0394654 0.0435123 0.804706
2 0.697962 0.399777 0.0205929 0.0392109 0.804675
2 0.75755 0.317719 0.0271906 0.036336 0.804015
2 0.236259 0.441414 0.0537997 0.0437141 0.803068
1 0.0845972 0.199529 0.0187147 0.0517982 0.800131
2 0.766845 0.398211 0.039646 0.0382506 0.79856
1 0.0678329 0.207044 0.0175867 0.0511562 0.794232
1 0.0425941 0.261402 0.0317386 0.0531415 0.788866
2 0.414703 0.323598 0.0262971 0.0436608 0.787947
2 0.351851 0.428142 0.0354071 0.0471795 0.787343
2 0.581151 0.451436 0.0519436 0.0441511 0.785806
1 0.279855 0.336578 0.0316724 0.048526 0.784132
1 0.0813151 0.372729 0.0176764 0.0442612 0.78233
2 0.385297 0.373633 0.0275898 0.0443558 0.781916
1 0.0175259 0.273247 0.0195447 0.0476501 0.778807
2 0.694999 0.316587 0.0188707 0.0389315 0.775046
1 0.0170966 0.312525 0.0185757 0.0499212 0.771437
2 0.0827046 0.465231 0.0190716 0.0418984 0.771406
1 0.174804 0.17091 0.035331 0.0509385 0.76865
1 0.172573 0.260353 0.0339393 0.0509417 0.768587
1 0.313249 0.333402 0.0330142 0.0493485 0.766675
1 0.768122 0.133598 0.0159039 0.0392621 0.76009
2 0.76711 0.438114 0.0387638 0.0390589 0.754423
1 0.173441 0.214542 0.0347661 0.0500848 0.752237
2 0.146766 0.499478 0.0227671 0.045833 0.749172
2 0.387709 0.420238 0.0240563 0.043924 0.738451
1 0.0183189 0.234756 0.0206925 0.0465441 0.736915
2 0.353788 0.477915 0.0366117 0.0480831 0.734018
1 0.0415683 0.302993 0.0315807 0.0512246 0.731674
2 0.389212 0.468153 0.0248782 0.0409838 0.718504
1 0.173693 0.307151 0.036198 0.0510108 0.712882
2 0.698496 0.441729 0.0216656 0.0393548 0.708532
1 0.77085 0.171063 0.0152018 0.0400363 0.704601
2 0.183064 0.49609 0.0492575 0.0477872 0.703264
2 0.145084 0.452945 0.0221576 0.0435018 0.699298
2 0.182603 0.448241 0.0486311 0.0452067 0.689181
1 0.182376 0.353462 0.0485217 0.0482407 0.683494
1 0.0499832 0.512273 0.0168955 0.0397641 0.664416
2 0.692598 0.275963 0.0193888 0.0384092 0.664115
1 0.772676 0.207498 0.0144379 0.038061 0.658865
1 0.0356343 0.51322 0.0136115 0.038632 0.634172
1 0.198862 0.210405 0.0179004 0.0485472 0.630361
1 0.199853 0.165465 0.0171258 0.047696 0.624626
1 0.016557 0.354631 0.0193421 0.0481271 0.623578
2 0.507686 0.491479 0.0359294 0.0209432 0.621575
1 0.18116 0.306725 0.0497092 0.0510413 0.613858
1 0.0339289 0.345974 0.01627 0.0488967 0.605532
2 0.0666967 0.509615 0.0165579 0.041379 0.599471
1 0.00433148 0.243749 0.00863817 0.0416221 0.592882
1 0.773637 0.243641 0.014398 0.0390626 0.586691
1 0.315657 0.432294 0.0262692 0.0470332 0.575571
1 0.0468761 0.300984 0.0206256 0.0494178 0.572632
1 0.0496587 0.471273 0.0168545 0.0418311 0.555179
1 0.198164 0.256726 0.018142 0.0496086 0.555104
1 0.0511021 0.339942 0.0133019 0.0474862 0.555065
2 0.11234 0.417964 0.0402956 0.0408544 0.553928
2 0.348084 0.37784 0.0323275 0.0464218 0.54419
2 0.382212 0.278574 0.0325278 0.0438241 0.541882
1 0.317112 0.4814 0.0289765 0.0467466 0.538385
2 0.181543 0.40331 0.0469974 0.0469646 0.538005
1 0.00360056 0.282987 0.00720112 0.0478949 0.533177
1 0.0340073 0.387489 0.0134635 0.0388106 0.524384
1 0.540578 0.488892 0.0265587 0.0204842 0.502558
