1 0.453405 0.0930078 0.0533217 0.0418566 0.894055
1 0.171629 0.309088 0.0321702 0.051919 0.882877
1 0.14529 0.266933 0.0216327 0.0516457 0.881162
2 0.458126 0.321097 0.0551615 0.0471768 0.880871
1 0.454236 0.182339 0.0535582 0.0449145 0.880285
1 0.497129 0.0934648 0.0328264 0.0422468 0.878007
1 0.573231 0.141839 0.0523267 0.0434966 0.87798
1 0.146533 0.221358 0.0223181 0.0512648 0.877728
2 0.456934 0.273614 0.0540226 0.0449769 0.877588
1 0.412401 0.0950921 0.0267597 0.0433728 0.8773
1 0.653793 0.110743 0.0472912 0.0410006 0.876955
1 0.453653 0.137448 0.0531696 0.0436917 0.876435
1 0.0827045 0.285268 0.0187615 0.0505514 0.876053
2 0.458819 0.368949 0.0562695 0.0466961 0.874125
1 0.14493 0.312712 0.0214714 0.0508562 0.873791
1 0.717996 0.160594 0.0398506 0.0445897 0.873648
2 0.41727 0.466477 0.0274705 0.0468624 0.873449
1 0.383493 0.0971188 0.0305701 0.045134 0.872344
1 0.314614 0.184999 0.0342357 0.0488612 0.871575
1 0.412523 0.139261 0.0267501 0.0432818 0.871379
2 0.662178 0.359718 0.0475761 0.0415993 0.871317
1 0.574447 0.185088 0.0522123 0.0449642 0.870733
1 0.08428 0.24182 0.0187033 0.0513868 0.870599
1 0.383297 0.14127 0.0307953 0.0435423 0.868447
1 0.111911 0.323514 0.0437655 0.053222 0.868021
2 0.459154 0.417042 0.0568317 0.0472636 0.867604
2 0.659305 0.273861 0.046879 0.0414885 0.866865
2 0.662483 0.402618 0.0482739 0.0421859 0.866825
2 0.580228 0.316741 0.0513365 0.0441563 0.866662
2 0.578741 0.272124 0.0518483 0.0437874 0.866636
1 0.719611 0.199625 0.0400982 0.0439646 0.866265
1 0.572268 0.0994569 0.0523874 0.0421662 0.86588
1 0.114364 0.234479 0.0447094 0.054569 0.865354
2 0.414545 0.275605 0.026919 0.0442414 0.865281
1 0.531352 0.181976 0.0322187 0.0455091 0.865214
1 0.412858 0.184053 0.0272135 0.047286 0.864651
1 0.28222 0.141474 0.0328912 0.0499084 0.864561
2 0.620275 0.27256 0.0303217 0.0421871 0.864387
1 0.281225 0.188721 0.0332198 0.0483287 0.864221
1 0.656591 0.190289 0.0460606 0.0423102 0.863682
1 0.721507 0.23861 0.0405654 0.0420485 0.863652
1 0.529941 0.0947651 0.0316076 0.0418389 0.863615
2 0.661026 0.316737 0.0469646 0.0418634 0.863371
2 0.621758 0.315941 0.0297935 0.0424182 0.86311
2 0.657885 0.231253 0.0464848 0.0405534 0.862732
2 0.539628 0.409391 0.0282661 0.0457738 0.862182
2 0.383872 0.276504 0.0306966 0.0450537 0.862076
1 0.314604 0.231383 0.0339525 0.0480036 0.861434
1 0.11294 0.278589 0.0441519 0.0535906 0.860637
2 0.413769 0.230145 0.027023 0.0422447 0.860592
1 0.383452 0.185362 0.0314126 0.0468342 0.860382
1 0.498095 0.181173 0.0335051 0.0433244 0.859947
2 0.697939 0.401276 0.0217476 0.04136 0.859322
2 0.536102 0.271454 0.0316439 0.0436323 0.858915
1 0.349082 0.275572 0.0330915 0.0472449 0.857998
2 0.455332 0.228536 0.052697 0.0418593 0.857726
2 0.581004 0.362274 0.0515221 0.0449087 0.857336
2 0.539397 0.362628 0.0283691 0.0447493 0.857252
2 0.618496 0.229516 0.0306341 0.0414292 0.857192
1 0.148418 0.176026 0.0210908 0.0505219 0.856839
2 0.114489 0.503946 0.0420693 0.0460322 0.85645
1 0.497508 0.137539 0.0335401 0.0437221 0.855073
1 0.236802 0.154243 0.0545487 0.0544724 0.85475
1 0.0815862 0.330515 0.0186307 0.0505725 0.854328
2 0.506044 0.364232 0.0340368 0.045519 0.854154
1 0.655245 0.149788 0.0466616 0.0434975 0.853949
2 0.72532 0.318409 0.0382423 0.0404522 0.853444
2 0.576445 0.230108 0.0524219 0.0409033 0.853312
2 0.726898 0.359986 0.0371927 0.0407058 0.853243
2 0.506551 0.411469 0.0341557 0.045893 0.85275
2 0.693456 0.275121 0.020472 0.0411009 0.852253
1 0.315286 0.137029 0.0338268 0.0501347 0.852202
1 0.172726 0.261122 0.0338756 0.0524286 0.852045
1 0.530784 0.138182 0.032438 0.0436022 0.851642
2 0.533621 0.228064 0.0322419 0.0411251 0.851544
1 0.0170932 0.355 0.0193476 0.0505254 0.850971
2 0.38377 0.230995 0.0310103 0.0433081 0.850915
2 0.538312 0.316616 0.0292461 0.043988 0.850285
2 0.697398 0.359112 0.0215321 0.0402241 0.850252
1 0.348861 0.22815 0.0327867 0.0468925 0.849697
1 0.0648263 0.335083 0.0165195 0.047141 0.849122
2 0.504947 0.317337 0.0340334 0.0450665 0.848363
2 0.696305 0.317492 0.0220102 0.0405937 0.848322
2 0.662421 0.447441 0.0481743 0.0462837 0.84799
1 0.348964 0.133872 0.0326466 0.0497592 0.847645
2 0.622989 0.360191 0.0288472 0.0438741 0.847501
1 0.0446947 0.218847 0.0319073 0.0596239 0.84715
1 0.0177272 0.311755 0.0190212 0.049532 0.845762
2 0.112471 0.459099 0.0408663 0.0473653 0.845695
1 0.348903 0.180792 0.0331881 0.0476336 0.84569
1 0.617013 0.186403 0.0314376 0.0430051 0.845285
1 0.28074 0.236263 0.0337601 0.0491097 0.844705
2 0.0831682 0.462351 0.0193854 0.0456521 0.84452
2 0.195017 0.397957 0.0235963 0.047485 0.843729
1 0.615882 0.144446 0.0313471 0.0430846 0.843627
2 0.499786 0.227495 0.035261 0.0422131 0.843275
2 0.0417336 0.428223 0.0292012 0.0450935 0.842944
1 0.116207 0.189942 0.0449661 0.0580598 0.842281
2 0.723133 0.277681 0.040356 0.0411373 0.841184
1 0.68703 0.11236 0.0193296 0.0368765 0.840282
2 0.502533 0.272292 0.0356899 0.0440464 0.840248
2 0.727485 0.401515 0.0370434 0.0406956 0.83792
2 0.415272 0.370836 0.0268814 0.0471486 0.836714
2 0.539544 0.455656 0.0287489 0.0458737 0.836487
1 0.197099 0.302912 0.0203918 0.0497002 0.835978
1 0.71683 0.12165 0.0397789 0.0439196 0.835705
2 0.581423 0.407451 0.052939 0.0440074 0.835494
2 0.459534 0.46491 0.0562647 0.0506282 0.835368
2 0.41486 0.323218 0.0269295 0.0463598 0.835357
2 0.111459 0.414057 0.0411675 0.0483563 0.833539
2 0.0847455 0.506551 0.0196229 0.0451959 0.833497
2 0.38524 0.325836 0.0274798 0.0456115 0.833397
2 0.169571 0.402342 0.0260899 0.0477061 0.833271
1 0.0195805 0.231986 0.020078 0.047371 0.832281
2 0.41589 0.418769 0.027405 0.047445 0.83224
2 0.727626 0.442461 0.0365008 0.0408847 0.831287
1 0.614601 0.103235 0.0305181 0.0424544 0.830592
2 0.624429 0.449804 0.0281872 0.0468026 0.82981
1 0.0665851 0.248999 0.017932 0.0515318 0.829494
1 0.0853164 0.199684 0.018394 0.0503122 0.829288
2 0.0659811 0.466163 0.017015 0.0452143 0.828856
1 0.754722 0.24139 0.0277611 0.0409562 0.828708
2 0.3504 0.429427 0.034366 0.0480772 0.828475
2 0.623705 0.404362 0.0280481 0.0420261 0.828352
1 0.0184705 0.271941 0.0191984 0.0479674 0.827604
2 0.349849 0.380357 0.0348187 0.0490429 0.827265
1 0.0657297 0.292436 0.0176873 0.0497594 0.826703
1 0.688519 0.154789 0.0194798 0.0436779 0.825864
1 0.314827 0.27584 0.0337991 0.043633 0.825559
2 0.0819164 0.419058 0.0187617 0.0453644 0.82527
1 0.316795 0.382601 0.0268005 0.0503021 0.824266
1 0.280921 0.285308 0.0334643 0.0489723 0.823485
1 0.28434 0.487005 0.0307465 0.0510282 0.82304
2 0.0427591 0.470714 0.0292071 0.0461097 0.821371
2 0.50653 0.459521 0.0338923 0.0472258 0.821099
1 0.68993 0.19395 0.019043 0.0407538 0.81999
2 0.386434 0.373623 0.0259616 0.0464001 0.819603
1 0.285163 0.385133 0.0305651 0.0473787 0.819093
2 0.0164051 0.398674 0.0210303 0.0383723 0.818023
1 0.173857 0.214552 0.0343136 0.0507806 0.816875
1 0.0418197 0.342393 0.030234 0.0527015 0.815881
2 0.582106 0.4539 0.0548013 0.0483683 0.815154
2 0.386737 0.421663 0.0272643 0.0471236 0.814752
2 0.698034 0.443024 0.0227984 0.0412599 0.814399
2 0.169755 0.449896 0.0256334 0.0476107 0.813732
1 0.0421225 0.302976 0.0307603 0.0521439 0.810144
1 0.0430686 0.262039 0.0318103 0.0550526 0.80942
1 0.1817 0.168796 0.0464139 0.0510802 0.805526
2 0.757409 0.31992 0.0259204 0.0400522 0.803428
1 0.752549 0.204277 0.0267668 0.040927 0.802706
2 0.387561 0.469841 0.0289746 0.0471464 0.80026
1 0.19829 0.255757 0.0184453 0.0485903 0.796929
2 0.756445 0.27964 0.0270229 0.0378305 0.795298
2 0.0415245 0.386268 0.029654 0.0487937 0.792454
1 0.0686485 0.20643 0.0180675 0.0517132 0.791626
1 0.750966 0.166354 0.0274036 0.0428995 0.790817
1 0.00452697 0.278945 0.00903513 0.0467316 0.783864
2 0.758143 0.360263 0.0253723 0.039397 0.783338
2 0.0676034 0.50955 0.0181151 0.0430239 0.781955
1 0.235052 0.200802 0.0556195 0.0531345 0.781174
2 0.195536 0.44679 0.0248257 0.0473794 0.780666
2 0.170083 0.356354 0.0281283 0.0478582 0.779801
1 0.316312 0.483074 0.0319363 0.0507682 0.778966
2 0.0166935 0.435296 0.0215154 0.0421409 0.77869
1 0.749324 0.128117 0.0272731 0.043062 0.771301
2 0.0175695 0.475252 0.0221132 0.0428554 0.766681
1 0.00440394 0.317205 0.00880789 0.0458819 0.766463
2 0.316992 0.432864 0.0290242 0.0476198 0.765694
1 0.00502885 0.238453 0.0100523 0.0455641 0.762634
1 0.245806 0.295455 0.0342269 0.0512846 0.760411
2 0.196597 0.494385 0.0254369 0.0488311 0.752961
1 0.284555 0.341452 0.0328077 0.0384998 0.741697
2 0.144809 0.360407 0.0209946 0.0486006 0.739127
2 0.195628 0.352923 0.0228183 0.043101 0.73776
2 0.0449535 0.512644 0.0295651 0.0406738 0.736401
1 0.244944 0.24749 0.0352407 0.0511968 0.727472
2 0.145026 0.407334 0.0223212 0.0479574 0.72683
2 0.760353 0.399821 0.0283802 0.0381142 0.725463
2 0.064773 0.423059 0.0166203 0.045755 0.714637
1 0.00391694 0.359063 0.00783388 0.0467612 0.709321
1 0.0809769 0.375255 0.0180742 0.0478336 0.705488
2 0.779162 0.322579 0.0174528 0.0368025 0.704458
1 0.235489 0.246446 0.0543696 0.0510599 0.694987
2 0.779348 0.360867 0.0165433 0.0377555 0.691468
2 0.0177566 0.51474 0.0209316 0.0401228 0.684477
2 0.691417 0.233848 0.0192568 0.0409927 0.669271
1 0.418051 0.501818 0.0271301 0.0225979 0.667345
1 0.538899 0.48955 0.0295702 0.0211421 0.64867
2 0.146069 0.454115 0.0229526 0.0494522 0.633751
1 0.0645355 0.379633 0.0163594 0.0485207 0.633487
1 0.21836 0.298598 0.0222075 0.0501933 0.632323
1 0.688121 0.141752 0.019055 0.0310689 0.62395
2 0.111144 0.370214 0.0424816 0.0514589 0.617845
2 0.171309 0.497686 0.0253811 0.0482142 0.614866
2 0.236295 0.441717 0.0552958 0.0467388 0.607273
1 0.77289 0.206072 0.016551 0.0391076 0.597487
1 0.388872 0.503676 0.0314762 0.0226544 0.58426
1 0.230271 0.298478 0.0454811 0.050754 0.577013
1 0.19951 0.210334 0.0167499 0.0495556 0.57526
2 0.779657 0.399719 0.0159481 0.0369601 0.562006
1 0.774879 0.242966 0.0153854 0.0406392 0.547768
2 0.349382 0.330934 0.0347177 0.0451467 0.528003
1 0.144562 0.360357 0.0209289 0.0496648 0.525506
2 0.238221 0.347695 0.049999 0.0402812 0.515129
2 0.00374987 0.478123 0.00749975 0.0408756 0.5106
2 0.251243 0.488945 0.0295155 0.0500589 0.502001
2 0.236073 0.392278 0.0567297 0.0473056 0.501008
2 0.250844 0.439561 0.0285483 0.0460872 0.500712
