1 0.622516 0.697815 0.0658653 0.0787497 0.911339
1 0.531501 0.712905 0.11045 0.0853953 0.907198
1 0.309334 0.729379 0.105054 0.0735198 0.904386
1 0.226457 0.729124 0.0635714 0.0732534 0.902269
1 0.418969 0.72429 0.111084 0.0789347 0.901504
1 0.704727 0.680736 0.09226 0.0875828 0.895535
1 0.622865 0.770063 0.065906 0.0745724 0.889363
1 0.313052 0.80093 0.104067 0.0716198 0.884407
1 0.704798 0.75436 0.0920938 0.0923963 0.881958
1 0.53356 0.787276 0.109054 0.0754939 0.879561
1 0.420156 0.799496 0.111378 0.072734 0.868914
1 0.765505 0.666645 0.0250181 0.0707862 0.857685
1 0.231856 0.797986 0.0629094 0.0709245 0.852345
1 0.764528 0.732765 0.0258089 0.0675132 0.828503
2 0.23122 0.353001 0.00985834 0.0154922 0.760213
2 0.231097 0.336133 0.0101553 0.0163058 0.759942
0 0.455617 0.125501 0.0184885 0.0185133 0.759297
0 0.435361 0.127511 0.0222118 0.0185726 0.743993
2 0.231927 0.285477 0.00965032 0.0177587 0.738644
1 0.454198 0.505051 0.0146966 0.0226766 0.736441
0 0.393409 0.133163 0.0120232 0.0201997 0.708025
0 0.457269 0.166117 0.0193856 0.0174745 0.701568
1 0.467751 0.504533 0.0136713 0.0222397 0.699879
0 0.435855 0.165898 0.023546 0.0166839 0.695281
0 0.244249 0.422475 0.0155337 0.0176355 0.694893
0 0.432343 0.0667394 0.0169279 0.0204419 0.69155
0 0.393128 0.112777 0.0131194 0.0208901 0.690902
0 0.433873 0.087768 0.0194298 0.0209718 0.690309
2 0.231352 0.405035 0.0106537 0.0159054 0.68507
0 0.393412 0.153032 0.0117208 0.0205653 0.677837
0 0.243709 0.404719 0.0156357 0.0164519 0.67196
0 0.393254 0.175808 0.0119391 0.0212574 0.667041
1 0.2597 0.300619 0.0108679 0.0165596 0.666684
1 0.271031 0.331792 0.011339 0.0178667 0.656989
2 0.231061 0.375184 0.0101409 0.0143553 0.649157
1 0.270893 0.314434 0.0118358 0.0153099 0.64434
0 0.231753 0.439788 0.0106311 0.0140484 0.6424
0 0.437065 0.211311 0.0232769 0.0168555 0.641556
0 0.243508 0.438984 0.0133149 0.0148896 0.641013
0 0.405287 0.132238 0.0150057 0.0203368 0.6217
1 0.259809 0.332699 0.00955409 0.018266 0.618444
2 0.231571 0.310176 0.00977627 0.0148541 0.613243
1 0.468034 0.525969 0.0143954 0.021046 0.610607
1 0.338798 0.537331 0.0129646 0.0244487 0.601057
0 0.35822 0.336587 0.0103246 0.0132288 0.597028
0 0.393155 0.198127 0.0123974 0.0202669 0.591906
0 0.393285 0.240572 0.0122238 0.0200854 0.587296
2 0.242963 0.351334 0.0144976 0.0149866 0.586686
0 0.459979 0.295348 0.0145776 0.0212405 0.583109
1 0.370401 0.0966233 0.0122165 0.0192451 0.577992
0 0.357962 0.156889 0.0113038 0.0189768 0.577252
1 0.259991 0.315153 0.00957689 0.0163376 0.576236
0 0.434449 0.107923 0.0204562 0.018422 0.570752
0 0.381427 0.113912 0.0115118 0.0204914 0.565608
2 0.218299 0.356996 0.0156195 0.016497 0.56525
0 0.431229 0.0472176 0.0158362 0.0182077 0.563915
0 0.45978 0.208493 0.0202331 0.0175268 0.562773
1 0.33821 0.515016 0.0128 0.0187782 0.560589
0 0.335936 0.123297 0.0124071 0.0195391 0.560565
0 0.217698 0.477106 0.0170001 0.0160394 0.558381
1 0.484887 0.0840642 0.0153551 0.0214538 0.558336
0 0.405288 0.111641 0.013315 0.0208826 0.555452
1 0.439288 0.505847 0.0150368 0.0220847 0.555053
0 0.406294 0.0903746 0.0127624 0.0204727 0.554166
0 0.393196 0.0916033 0.01374 0.0200506 0.552069
1 0.454192 0.527441 0.0146723 0.0226247 0.549264
1 0.484063 0.0640941 0.0144886 0.0201777 0.547537
0 0.408591 0.21357 0.0211338 0.0175807 0.547314
0 0.406233 0.152046 0.0154155 0.0200556 0.545341
0 0.381689 0.134467 0.0127269 0.0205921 0.540277
0 0.456964 0.341549 0.0128386 0.0182123 0.537811
0 0.393044 0.219806 0.0124286 0.0200246 0.533976
0 0.358645 0.35138 0.0104591 0.0150792 0.531616
0 0.3818 0.153961 0.0132146 0.0197918 0.531386
2 0.217479 0.374039 0.0157326 0.013992 0.529908
1 0.480546 0.50368 0.0126625 0.022719 0.52372
0 0.458685 0.319474 0.0132787 0.0231093 0.519236
2 0.221755 0.288529 0.0111157 0.0187365 0.517832
0 0.406193 0.175374 0.0152954 0.0193194 0.51756
1 0.358935 0.11872 0.0106626 0.0192828 0.517348
1 0.447176 0.458821 0.0130121 0.0204813 0.515272
0 0.407434 0.0702273 0.0149187 0.0197929 0.515024
0 0.470398 0.340357 0.0147276 0.0185979 0.513682
1 0.373723 0.513122 0.0136389 0.0202862 0.511748
0 0.218199 0.494217 0.0162027 0.014217 0.511495
0 0.417983 0.110254 0.0125788 0.0202321 0.511368
0 0.48839 0.164904 0.0121445 0.0201891 0.504515
1 0.399285 0.510812 0.0139714 0.0222658 0.50449
1 0.361874 0.513449 0.0114595 0.0214197 0.50445
1 0.446929 0.482296 0.0123923 0.0252313 0.50134
