1 0.622297 0.699358 0.0664128 0.0780245 0.913961
1 0.531347 0.714029 0.111452 0.0858578 0.912783
1 0.309199 0.728752 0.104822 0.0737984 0.911399
1 0.418479 0.725396 0.113122 0.0811567 0.900222
1 0.226757 0.728302 0.0632137 0.0726226 0.896994
1 0.705136 0.680474 0.0926838 0.0882316 0.892536
1 0.623325 0.772448 0.0656462 0.0787004 0.891409
1 0.705238 0.755819 0.0927428 0.0952581 0.890134
1 0.312912 0.801373 0.104498 0.0751359 0.88607
1 0.533545 0.787365 0.110566 0.0778266 0.879334
1 0.4206 0.800839 0.112091 0.0767328 0.869612
1 0.765584 0.666321 0.0245518 0.0709901 0.854789
1 0.232085 0.795716 0.06178 0.0677249 0.854149
2 0.412538 0.0686148 0.023221 0.0187645 0.849636
2 0.388966 0.0720045 0.0220784 0.0183345 0.84879
2 0.412611 0.0899517 0.0226625 0.0195346 0.846141
2 0.41252 0.0488068 0.0227562 0.0193193 0.842416
2 0.469931 0.0654966 0.0123518 0.0198899 0.830864
2 0.450594 0.0666653 0.0242444 0.0195336 0.830766
2 0.365059 0.116824 0.0220363 0.0198663 0.829654
2 0.388844 0.0917156 0.0225101 0.0186743 0.827573
2 0.450609 0.0457886 0.0244577 0.0195802 0.82463
2 0.469976 0.0450031 0.0123063 0.0195208 0.822487
2 0.365202 0.0963371 0.0226147 0.0197637 0.822428
2 0.431344 0.066966 0.0125327 0.0198541 0.818858
2 0.388768 0.111717 0.0228103 0.0197062 0.810179
2 0.431315 0.0469805 0.0126507 0.0192703 0.808864
2 0.412585 0.110537 0.0225206 0.0201678 0.80577
2 0.38914 0.0518712 0.0216403 0.0202007 0.783892
2 0.470261 0.0852669 0.0120075 0.0196668 0.783827
2 0.45044 0.0869795 0.0240349 0.0201939 0.780889
2 0.431331 0.087464 0.0121609 0.0198263 0.770548
2 0.338494 0.0815476 0.0145218 0.0195851 0.766601
2 0.365113 0.0775368 0.0225205 0.0196081 0.764542
2 0.231766 0.404828 0.0105593 0.0156421 0.754761
1 0.765281 0.732879 0.0243642 0.0669414 0.745345
2 0.23153 0.352884 0.00962973 0.0153088 0.74404
2 0.231963 0.423343 0.0103619 0.0167826 0.733518
2 0.231522 0.336582 0.010156 0.0159835 0.720667
0 0.392403 0.152673 0.0147563 0.0185956 0.716885
2 0.484915 0.0648874 0.0162746 0.0200932 0.701686
1 0.339216 0.53867 0.0119831 0.0272363 0.701566
2 0.231927 0.285055 0.00979462 0.0145704 0.693135
1 0.326581 0.539342 0.0133265 0.027307 0.66163
2 0.431359 0.108063 0.0120066 0.0206858 0.652981
1 0.485264 0.0842843 0.0165861 0.0194632 0.650544
2 0.232159 0.318278 0.0100597 0.0169377 0.649635
2 0.327308 0.0622983 0.0111322 0.0192192 0.644891
2 0.336204 0.121944 0.0128204 0.0198017 0.635629
1 0.339152 0.515168 0.0118259 0.0198003 0.626556
0 0.442307 0.207074 0.0126531 0.0174237 0.619435
2 0.348042 0.1206 0.0115519 0.0191489 0.618477
2 0.232218 0.43918 0.0100375 0.0140017 0.61081
2 0.220256 0.424808 0.0140293 0.0150279 0.600866
1 0.439323 0.528582 0.0140793 0.0237629 0.596588
2 0.484928 0.0442077 0.0157521 0.0207986 0.5944
0 0.406664 0.212889 0.01418 0.0180511 0.592889
0 0.45622 0.166747 0.0169065 0.0175816 0.587867
1 0.26 0.300158 0.0105871 0.0158959 0.559403
1 0.260388 0.349663 0.010931 0.0174762 0.556741
0 0.384303 0.438128 0.0133027 0.0215567 0.556539
1 0.271103 0.312628 0.010289 0.0168518 0.555754
2 0.219415 0.440879 0.0151967 0.0142189 0.547347
0 0.349307 0.376805 0.015311 0.020172 0.545202
0 0.442794 0.224434 0.0128172 0.0165662 0.537634
2 0.220927 0.404557 0.0119893 0.0138397 0.536646
2 0.204895 0.376483 0.00972998 0.0166228 0.529531
0 0.441897 0.186558 0.0125698 0.0192792 0.528822
2 0.222274 0.287377 0.0109254 0.0162515 0.528557
0 0.322175 0.288044 0.0126487 0.0204011 0.527033
1 0.240492 0.335568 0.00935339 0.0166476 0.526688
0 0.386021 0.489151 0.0128364 0.023176 0.526534
2 0.325943 0.082236 0.0132008 0.0198898 0.524082
1 0.0200759 0.426202 0.00898925 0.0150451 0.523898
2 0.470553 0.104846 0.0121417 0.0192111 0.523562
2 0.486257 0.124273 0.0148166 0.0189624 0.518479
0 0.322399 0.26719 0.0125092 0.0191148 0.511935
2 0.221146 0.356407 0.0111686 0.017446 0.508387
1 0.105233 0.357051 0.00919244 0.0111292 0.505289
1 0.356931 0.513849 0.0152302 0.0203086 0.503578
2 0.231464 0.374887 0.00983649 0.0141936 0.502391
1 0.240501 0.351613 0.00968032 0.0151529 0.500713
2 0.222056 0.337868 0.0104049 0.0150564 0.500387
