1 0.622541 0.700131 0.0665821 0.0786421 0.914471
1 0.530978 0.714539 0.113276 0.0848032 0.905723
1 0.22604 0.729437 0.0616065 0.0722966 0.896606
1 0.705042 0.681524 0.0917853 0.0872747 0.893085
1 0.623224 0.772955 0.0663235 0.0792497 0.881426
1 0.398691 0.726545 0.0695293 0.0793704 0.881308
1 0.765434 0.667548 0.0256466 0.0702126 0.878232
1 0.532754 0.787081 0.111462 0.0751813 0.873368
1 0.704851 0.755926 0.0918688 0.0940597 0.870619
1 0.398514 0.80297 0.0695107 0.074835 0.845039
1 0.229305 0.798303 0.0542375 0.0679863 0.841816
1 0.454447 0.723506 0.0410736 0.0783216 0.840147
1 0.764364 0.732352 0.025614 0.0654625 0.814058
2 0.231226 0.353583 0.00945364 0.0165936 0.65399
2 0.23118 0.336438 0.00985561 0.0153439 0.638552
1 0.240214 0.335123 0.00937825 0.0159151 0.616389
1 0.350065 0.803381 0.028888 0.0702501 0.558738
2 0.231455 0.405853 0.0101521 0.0161045 0.544636
1 0.471158 0.0851038 0.0142702 0.0199817 0.543731
1 0.240201 0.352046 0.00927278 0.0158303 0.537241
2 0.220662 0.356787 0.0122096 0.0162799 0.532043
1 0.486291 0.0840606 0.0147965 0.0211206 0.520129
2 0.231058 0.372968 0.00958247 0.0152835 0.519835
2 0.231731 0.318884 0.0098877 0.0167053 0.508383
1 0.338177 0.080183 0.0135526 0.0191996 0.500552
