1 0.309536 0.729449 0.105381 0.0717807 0.910325
1 0.705125 0.678794 0.0924482 0.0825534 0.90997
1 0.418546 0.726191 0.111471 0.0796415 0.908689
1 0.622701 0.698759 0.0657369 0.0774266 0.904859
1 0.531904 0.712814 0.112764 0.0840714 0.900544
1 0.314256 0.8031 0.104494 0.0771875 0.894989
1 0.623345 0.769691 0.0650341 0.0729339 0.888882
1 0.225842 0.72966 0.0634129 0.0699883 0.884798
1 0.532531 0.786048 0.111616 0.0779368 0.877428
1 0.766367 0.664928 0.0263104 0.0702784 0.875163
1 0.420921 0.803272 0.112629 0.0779229 0.874413
1 0.231563 0.798104 0.0630075 0.0696396 0.863933
2 0.388789 0.0724906 0.0233105 0.0184337 0.851989
1 0.767613 0.731995 0.0300507 0.068772 0.840535
0 0.388311 0.154648 0.0241514 0.0208764 0.830887
1 0.705052 0.751036 0.0914425 0.0794135 0.824986
2 0.412404 0.0690365 0.0227723 0.0195522 0.818533
0 0.388382 0.133922 0.0241401 0.0197182 0.814528
2 0.412621 0.0490076 0.022276 0.0199782 0.798431
2 0.231567 0.354283 0.0107271 0.0171636 0.795196
0 0.387916 0.21649 0.0235506 0.0186976 0.792303
2 0.468444 0.0657174 0.0165707 0.0201375 0.787354
2 0.466577 0.0445858 0.0199223 0.0204652 0.787332
2 0.337051 0.0822844 0.0126063 0.019128 0.785714
2 0.231525 0.337334 0.0109764 0.0152968 0.785665
0 0.388578 0.11271 0.0241293 0.0196674 0.781607
2 0.365501 0.0776931 0.0224089 0.0200878 0.779023
2 0.389082 0.0518894 0.0228762 0.0209239 0.777019
0 0.388052 0.174271 0.0236657 0.0212486 0.753951
2 0.231843 0.424291 0.0110761 0.0160123 0.746307
2 0.231837 0.404834 0.0105571 0.0160997 0.745234
0 0.413087 0.172578 0.0250255 0.0205557 0.739869
0 0.438563 0.299533 0.0240963 0.0195358 0.735752
2 0.36552 0.0977802 0.0215465 0.0200393 0.732972
2 0.23189 0.287377 0.0104544 0.0158028 0.732936
0 0.491774 0.271866 0.0129004 0.022891 0.725237
2 0.437905 0.0677576 0.0266413 0.0197986 0.725053
0 0.384183 0.417585 0.0131751 0.0219757 0.722213
2 0.232045 0.44011 0.0106461 0.0132518 0.720101
0 0.39852 0.465335 0.0129812 0.0210112 0.718338
0 0.385411 0.467612 0.0130987 0.0202955 0.715394
0 0.434973 0.387655 0.0142925 0.0206336 0.712539
2 0.484853 0.04335 0.0145887 0.0219782 0.712422
2 0.388594 0.0925683 0.0237783 0.0195221 0.712382
0 0.439915 0.210192 0.0250513 0.0197241 0.709762
0 0.388124 0.199095 0.0240813 0.020473 0.702463
0 0.408582 0.346329 0.0144208 0.0195059 0.701977
2 0.231539 0.374296 0.0104691 0.0153393 0.70129
0 0.409265 0.390955 0.0139697 0.0213485 0.696804
0 0.469241 0.385388 0.033733 0.0221413 0.693344
0 0.490397 0.206644 0.0128265 0.0224207 0.69323
2 0.327299 0.0630099 0.0124645 0.018658 0.69291
2 0.412502 0.0906948 0.0230791 0.0197321 0.688619
0 0.467293 0.297196 0.0326306 0.0217083 0.685818
0 0.410909 0.462897 0.0133009 0.0220967 0.684601
0 0.467841 0.362588 0.0335988 0.024961 0.684325
2 0.438767 0.0460576 0.0281221 0.0201884 0.68233
1 0.485642 0.085233 0.0161766 0.0201349 0.672821
0 0.437938 0.168788 0.0245392 0.0189387 0.67126
0 0.386131 0.488584 0.0131341 0.0233975 0.669114
0 0.410308 0.436026 0.013862 0.0214709 0.669037
0 0.489643 0.164697 0.0138439 0.0219571 0.665057
2 0.218196 0.442545 0.0173174 0.0164098 0.664661
0 0.363835 0.209835 0.0236557 0.0160867 0.661774
0 0.382801 0.348657 0.0143421 0.0202348 0.661069
0 0.471696 0.207484 0.0233174 0.0215983 0.659393
1 0.339854 0.539566 0.0121357 0.0274611 0.658503
0 0.322955 0.206634 0.0140553 0.0187089 0.657772
2 0.242974 0.404718 0.0144625 0.0161063 0.656202
0 0.491019 0.24972 0.012965 0.02023 0.65511
2 0.425558 0.505881 0.0140791 0.0231833 0.653923
0 0.411735 0.215719 0.0229612 0.0192668 0.652798
0 0.436092 0.433663 0.0139967 0.0210593 0.648779
0 0.342511 0.206568 0.0194586 0.017651 0.647212
0 0.3834 0.372135 0.0137022 0.0224307 0.646199
2 0.485174 0.0650292 0.0152109 0.0215234 0.646017
2 0.185998 0.398354 0.0150443 0.0166966 0.645089
0 0.396648 0.416084 0.0128946 0.020999 0.644173
0 0.412868 0.150379 0.0247377 0.0200261 0.643981
0 0.436383 0.342461 0.0191244 0.0192897 0.643438
0 0.399212 0.486905 0.0128821 0.0236039 0.643208
0 0.363331 0.205611 0.0225872 0.0174409 0.6431
0 0.492623 0.29417 0.0124418 0.0222246 0.641711
0 0.396247 0.393941 0.0125427 0.0222586 0.639916
2 0.186312 0.382125 0.0146019 0.0146246 0.637111
0 0.322718 0.225899 0.0150808 0.0179487 0.634225
2 0.242313 0.422563 0.0126384 0.0178313 0.633398
0 0.493736 0.361383 0.0124939 0.0239935 0.632965
0 0.363883 0.306736 0.0206822 0.0200026 0.632483
2 0.203515 0.445679 0.0126625 0.0159505 0.631421
2 0.219582 0.494769 0.0182549 0.0156072 0.628777
2 0.220172 0.51195 0.0182497 0.0154645 0.625827
2 0.218928 0.478384 0.0176777 0.0163383 0.62524
2 0.186753 0.433428 0.0141561 0.014587 0.623354
2 0.366362 0.0559611 0.0212632 0.020442 0.620189
2 0.218226 0.425942 0.0170301 0.0146302 0.618967
2 0.202875 0.377911 0.0117244 0.0168012 0.618678
2 0.231684 0.308058 0.0104445 0.0148703 0.618362
1 0.454752 0.504232 0.0141209 0.0235715 0.615738
2 0.204695 0.360161 0.0102071 0.0151095 0.614387
0 0.383968 0.393678 0.0141327 0.0223419 0.614183
2 0.187632 0.480746 0.0128147 0.0152888 0.613373
1 0.312868 0.123814 0.0125476 0.0183227 0.611423
1 0.0195402 0.446928 0.00936003 0.0172372 0.607998
0 0.363131 0.222894 0.0218141 0.0181923 0.607512
2 0.242194 0.43937 0.0117763 0.0140848 0.605081
0 0.384732 0.438008 0.0131512 0.0217934 0.602195
0 0.39591 0.371311 0.0121784 0.0219256 0.601849
1 0.904152 0.748745 0.0109693 0.0345031 0.599194
2 0.219581 0.357366 0.0143717 0.0161484 0.593512
0 0.424104 0.461213 0.0138649 0.0224827 0.590745
2 0.219284 0.374491 0.0145949 0.0153039 0.590547
2 0.313772 0.0836758 0.0128226 0.0188057 0.58744
0 0.411203 0.484009 0.0130362 0.021986 0.583736
0 0.490538 0.228591 0.0128231 0.0218134 0.583584
1 0.260296 0.30001 0.011474 0.015007 0.580411
0 0.467941 0.273766 0.0329301 0.0231543 0.578573
0 0.409774 0.414811 0.0137306 0.0203608 0.577457
1 0.356112 0.514019 0.0206784 0.0211203 0.576932
2 0.219656 0.338696 0.0134439 0.0148069 0.5767
0 0.335983 0.31062 0.0143786 0.0172286 0.575683
0 0.456381 0.166856 0.0157774 0.0191485 0.575437
0 0.397269 0.439089 0.0129413 0.0211919 0.572908
1 0.339212 0.514843 0.0119646 0.0211451 0.572146
1 0.931861 0.738205 0.0153927 0.0439477 0.570977
2 0.24353 0.352271 0.0148691 0.0146659 0.570459
0 0.490262 0.18578 0.0132672 0.0210509 0.570232
0 0.370185 0.374407 0.0131313 0.0208942 0.566421
1 0.271516 0.330039 0.0104115 0.0140666 0.56589
2 0.204925 0.29307 0.0105208 0.0148838 0.565035
1 0.914604 0.745293 0.0129249 0.0403125 0.564536
1 0.018765 0.42943 0.0107787 0.017359 0.56328
0 0.493252 0.316534 0.0119885 0.0240699 0.560405
2 0.469425 0.0852033 0.0156447 0.0188067 0.559054
0 0.381878 0.330077 0.0130766 0.0177828 0.557159
1 0.326941 0.540092 0.0140681 0.0271912 0.556753
2 0.364823 0.116954 0.0225142 0.0180172 0.554552
0 0.394589 0.32874 0.0128618 0.0170821 0.553818
2 0.16993 0.417814 0.0147204 0.0149667 0.553721
2 0.498299 0.0435537 0.0121882 0.0223685 0.55231
2 0.170381 0.400851 0.0146494 0.0168588 0.552033
1 0.260539 0.332404 0.0106636 0.0175384 0.550896
1 0.412214 0.530919 0.0113735 0.0226235 0.549001
2 0.17067 0.38363 0.0148298 0.015062 0.544923
2 0.203614 0.513099 0.0154552 0.0152999 0.539959
1 0.0301733 0.39645 0.0117254 0.01444 0.53913
2 0.203377 0.462194 0.0135096 0.0147616 0.538487
0 0.410189 0.440109 0.0135645 0.021126 0.537807
0 0.469361 0.432738 0.023926 0.0225716 0.536324
0 0.336302 0.353023 0.0141848 0.0162172 0.534367
2 0.233751 0.493858 0.0101705 0.0146451 0.532344
1 0.0293807 0.447005 0.011067 0.016673 0.530955
0 0.472478 0.1861 0.0215589 0.0209025 0.530621
0 0.467434 0.319145 0.0329255 0.02364 0.529364
1 0.271655 0.314187 0.011224 0.0154121 0.526833
0 0.44294 0.341345 0.0157473 0.0182835 0.526331
1 0.353025 0.53929 0.0157406 0.0278393 0.523089
0 0.322376 0.289577 0.0131691 0.0164583 0.522085
1 0.335762 0.122903 0.0121912 0.0184011 0.521245
2 0.217479 0.392625 0.0158156 0.014347 0.520158
2 0.205138 0.310177 0.0102627 0.0154975 0.519472
1 0.347281 0.14268 0.0113889 0.0188652 0.516044
0 0.470066 0.408699 0.0339096 0.0246758 0.515982
2 0.218951 0.290545 0.0157222 0.0161614 0.515465
2 0.243908 0.492936 0.0120939 0.0147019 0.514812
0 0.336068 0.336675 0.0142853 0.0165147 0.513034
0 0.366977 0.350319 0.0180645 0.0183908 0.511536
0 0.389537 0.304151 0.0202345 0.0183844 0.511488
2 0.326059 0.0831178 0.0134954 0.0186927 0.511241
0 0.471081 0.229384 0.0248158 0.0218371 0.510605
1 0.944844 0.729133 0.0110176 0.0399842 0.510105
2 0.336103 0.268062 0.0135121 0.0199709 0.50695
0 0.363683 0.350694 0.0227403 0.0201669 0.504529
0 0.393632 0.311854 0.0140681 0.0143482 0.501657
