1 0.704895 0.678311 0.0921699 0.0815174 0.912967
1 0.62268 0.697861 0.0648947 0.0780523 0.903863
1 0.309821 0.729922 0.104181 0.0739345 0.903425
1 0.41971 0.725929 0.109038 0.0805571 0.902912
1 0.531789 0.711407 0.112835 0.0836955 0.900236
1 0.766152 0.664064 0.0260944 0.0690843 0.888983
1 0.623179 0.771681 0.0634425 0.0710832 0.887188
1 0.226342 0.729438 0.0615865 0.0709974 0.880184
1 0.704728 0.754703 0.0918177 0.0910658 0.875779
1 0.533484 0.786649 0.109346 0.0801835 0.869249
1 0.313351 0.800773 0.103081 0.0680758 0.867297
2 0.469654 0.0437529 0.0127255 0.0201611 0.863352
2 0.450088 0.0448722 0.0236897 0.0195603 0.850826
1 0.231378 0.79854 0.0644399 0.0696332 0.849952
2 0.469831 0.06429 0.0131995 0.0209871 0.849734
1 0.421041 0.799868 0.110326 0.0705424 0.849104
1 0.768043 0.732025 0.0311688 0.0706725 0.831232
2 0.431303 0.0871767 0.0127149 0.0194072 0.829376
2 0.431133 0.0670627 0.0128931 0.0192434 0.817836
0 0.471253 0.36202 0.0284523 0.024509 0.816791
2 0.450356 0.0662176 0.0237726 0.0197641 0.816782
2 0.430968 0.0464779 0.0132438 0.0201493 0.811708
2 0.470164 0.0845037 0.0133192 0.0200872 0.795363
0 0.472774 0.384776 0.0280377 0.0224554 0.791526
2 0.450385 0.0865757 0.0233036 0.0199686 0.787676
0 0.435089 0.387626 0.01512 0.0204083 0.771146
2 0.231077 0.33661 0.0110708 0.0148989 0.764495
2 0.244432 0.334811 0.0172434 0.0156866 0.760795
2 0.365286 0.0778343 0.0232294 0.0179155 0.760187
2 0.417634 0.0883056 0.0128091 0.0193815 0.757419
0 0.321959 0.356069 0.0131984 0.0183598 0.751928
2 0.336968 0.0813322 0.0120418 0.0185879 0.751606
0 0.473299 0.407972 0.0272782 0.0242089 0.748441
2 0.231223 0.354011 0.0107034 0.017478 0.744939
2 0.417053 0.0679257 0.0132953 0.0192762 0.744409
0 0.335283 0.354125 0.0132895 0.0182868 0.743104
2 0.383172 0.113419 0.0131749 0.0195306 0.730539
2 0.364923 0.096454 0.0218419 0.0191722 0.730265
2 0.431515 0.107148 0.0129942 0.0198478 0.729421
2 0.244485 0.350713 0.0174865 0.0152842 0.722671
0 0.335598 0.377461 0.0135036 0.0197405 0.716949
2 0.231428 0.287299 0.0104637 0.0166151 0.716536
0 0.437652 0.297654 0.0227535 0.0194854 0.714334
1 0.339662 0.539476 0.0130156 0.0271893 0.712309
0 0.322332 0.426193 0.0135184 0.0182043 0.711195
2 0.313376 0.0837132 0.0113366 0.0188724 0.709537
0 0.384161 0.392166 0.0138237 0.0202464 0.709209
0 0.43503 0.342074 0.0163412 0.0193062 0.706811
1 0.0304873 0.360352 0.0106294 0.0169183 0.701131
0 0.321802 0.378086 0.0134603 0.0190808 0.699656
2 0.439827 0.52907 0.0150595 0.0259433 0.699609
1 0.474451 0.478723 0.0286642 0.0230475 0.69914
0 0.469892 0.294861 0.0255571 0.0200019 0.698873
0 0.32286 0.444506 0.0136038 0.0188573 0.694945
0 0.431854 0.167749 0.0156372 0.0191821 0.694516
2 0.415131 0.0479336 0.0161415 0.0201151 0.693563
2 0.470484 0.104917 0.0134436 0.0188205 0.691924
0 0.470588 0.339909 0.0277923 0.0208125 0.689412
0 0.322063 0.338226 0.0129097 0.0172726 0.688809
0 0.468191 0.208983 0.0279422 0.0189002 0.687874
0 0.438054 0.21057 0.0236667 0.0179071 0.686125
0 0.364265 0.137059 0.0219299 0.017633 0.6843
2 0.205636 0.376471 0.0105522 0.0173568 0.682229
0 0.49272 0.338513 0.0137871 0.0220567 0.667836
2 0.497859 0.0428412 0.0122911 0.0216677 0.666977
2 0.326151 0.0620177 0.0131815 0.0185259 0.665921
0 0.38504 0.301742 0.0135626 0.01884 0.665358
0 0.385131 0.215631 0.0186355 0.017689 0.661496
2 0.417772 0.109045 0.0131753 0.0198486 0.660374
1 0.0303763 0.379099 0.0107329 0.0172542 0.650287
0 0.363883 0.155887 0.0221561 0.0188171 0.646094
1 0.504564 0.16343 0.013448 0.0214205 0.643118
2 0.364501 0.116864 0.021754 0.0191306 0.640656
0 0.436028 0.43281 0.0144336 0.0208655 0.640462
0 0.384127 0.416921 0.0134792 0.0217308 0.638908
0 0.383455 0.348502 0.0132811 0.018117 0.638145
0 0.334972 0.335959 0.0131369 0.0171718 0.635584
2 0.484097 0.0429362 0.0144625 0.0208864 0.6334
0 0.4921 0.315828 0.0138734 0.024174 0.632794
2 0.232167 0.404891 0.0115203 0.0154325 0.631456
2 0.205349 0.359111 0.0102144 0.0151431 0.63134
2 0.321765 0.268697 0.0150069 0.0187106 0.630342
0 0.412228 0.21296 0.025002 0.0183183 0.629372
1 0.338421 0.514445 0.013268 0.0211368 0.629223
2 0.450843 0.105759 0.022829 0.0186491 0.627402
2 0.406048 0.0689478 0.0150759 0.0195078 0.626557
0 0.49004 0.184222 0.0137966 0.0212767 0.626376
2 0.312548 0.12352 0.0109587 0.0188768 0.626167
0 0.405834 0.389428 0.0186996 0.0198239 0.624961
1 0.335529 0.243667 0.0124291 0.0197035 0.62353
0 0.321926 0.399595 0.0135393 0.0180757 0.622165
2 0.382933 0.0928408 0.0121824 0.0189215 0.621003
2 0.364715 0.12026 0.0229614 0.0184416 0.620335
2 0.243972 0.404267 0.0167147 0.015477 0.62007
0 0.490406 0.205666 0.0138174 0.0205778 0.62003
0 0.334656 0.308686 0.0127236 0.0179922 0.617982
2 0.335385 0.122612 0.011173 0.0184455 0.613614
0 0.384374 0.438872 0.0137386 0.0215935 0.61186
1 0.326199 0.540547 0.0143194 0.0273321 0.608405
2 0.231357 0.30816 0.010503 0.0148697 0.607924
1 0.485351 0.0842395 0.0155077 0.0200782 0.607748
0 0.459594 0.166717 0.0158977 0.019575 0.604258
2 0.383546 0.0722182 0.0127967 0.0182545 0.603211
0 0.369711 0.333442 0.0120298 0.0160361 0.602189
1 0.486153 0.12446 0.0146026 0.0190746 0.601394
0 0.363358 0.222552 0.0216477 0.0180867 0.601108
0 0.493438 0.36111 0.0138046 0.0239835 0.599921
2 0.169462 0.401114 0.0133613 0.0162529 0.597733
2 0.219214 0.425865 0.0148341 0.0149637 0.596551
0 0.385127 0.465576 0.0134747 0.020708 0.59551
0 0.346094 0.205713 0.0115534 0.0177416 0.594079
0 0.32194 0.310952 0.0134858 0.0178811 0.591852
0 0.363105 0.204816 0.0217709 0.016965 0.586717
2 0.220354 0.374013 0.0118794 0.0153736 0.586433
2 0.218218 0.442667 0.0163981 0.01648 0.58492
1 0.0186312 0.517713 0.0112663 0.0185774 0.584072
0 0.412198 0.344778 0.0197262 0.0182458 0.583507
1 0.505401 0.184257 0.0139157 0.0203582 0.582991
0 0.489447 0.163273 0.0141827 0.0209907 0.58292
2 0.2193 0.290243 0.0146387 0.0166891 0.581911
2 0.23134 0.372747 0.0107193 0.0160067 0.580799
2 0.169096 0.417867 0.0125175 0.0145713 0.579237
0 0.382736 0.153878 0.0139811 0.0193357 0.578571
2 0.508417 0.383713 0.0121921 0.0243554 0.578229
0 0.336018 0.425383 0.013656 0.0189319 0.57783
0 0.336065 0.205835 0.012323 0.0184236 0.577325
2 0.242498 0.316608 0.0132886 0.0162593 0.575528
0 0.370406 0.395084 0.0130186 0.019828 0.575457
0 0.336453 0.444734 0.01299 0.0201946 0.57489
2 0.220179 0.356903 0.0125167 0.0162757 0.571854
0 0.491861 0.292899 0.013771 0.0207353 0.570415
2 0.232434 0.423843 0.0124259 0.0164014 0.567712
1 0.484552 0.0634557 0.0146451 0.021612 0.565719
1 0.0309464 0.329129 0.0106052 0.020928 0.564583
2 0.404755 0.0894449 0.0152888 0.0193236 0.563164
1 0.50692 0.225451 0.0139595 0.0215667 0.562872
0 0.434888 0.361384 0.0154386 0.0207095 0.562224
2 0.507558 0.360501 0.0119589 0.0235926 0.559322
0 0.450431 0.387092 0.0162636 0.0202951 0.559178
0 0.370103 0.374507 0.0126855 0.018912 0.557769
0 0.491603 0.269454 0.0139227 0.0214339 0.557078
1 0.0412795 0.360866 0.0115046 0.016449 0.556909
2 0.220079 0.338346 0.0116017 0.0140438 0.555733
2 0.498091 0.0632925 0.011269 0.0205559 0.553141
0 0.491211 0.248508 0.0137126 0.0190152 0.551106
2 0.47475 0.527738 0.0274137 0.0242495 0.547585
2 0.182547 0.397561 0.0111515 0.0152341 0.546796
1 0.347269 0.243533 0.0121047 0.0189947 0.546247
2 0.186666 0.300984 0.0117914 0.0137498 0.54553
1 0.412507 0.483028 0.0123528 0.0206907 0.543857
0 0.470103 0.317052 0.0269169 0.0235756 0.542388
2 0.439151 0.504727 0.0151426 0.0219592 0.541885
2 0.205635 0.394617 0.0107559 0.0152674 0.537868
0 0.473906 0.431839 0.0269167 0.021916 0.536916
2 0.244153 0.388286 0.0166616 0.0159423 0.536645
2 0.204883 0.293424 0.00979957 0.0151735 0.536196
1 0.34771 0.266533 0.0136009 0.0191974 0.534647
1 0.041489 0.379504 0.0120934 0.0168397 0.533351
2 0.194579 0.37972 0.0132424 0.0153465 0.532932
0 0.348341 0.352908 0.0133944 0.0174642 0.532583
2 0.182734 0.382087 0.0109195 0.0142927 0.531145
1 0.506249 0.204232 0.0140991 0.0202631 0.529301
0 0.417469 0.169553 0.0139433 0.0191046 0.527851
2 0.259787 0.34877 0.010599 0.0161047 0.526628
1 0.0196425 0.462799 0.0100849 0.0144924 0.524765
0 0.363877 0.208984 0.0234879 0.0155623 0.524568
0 0.365048 0.30362 0.0196442 0.0187198 0.521702
0 0.335824 0.398281 0.0137356 0.018571 0.520836
1 0.0197711 0.446725 0.00945501 0.0170441 0.51928
2 0.454251 0.52898 0.0137806 0.0252703 0.518133
0 0.447924 0.341764 0.0167645 0.0187606 0.515958
2 0.435731 0.253629 0.0200554 0.0193843 0.515103
2 0.168876 0.45028 0.0114668 0.0158049 0.512383
1 0.452705 0.481144 0.0147473 0.0243454 0.512165
2 0.232563 0.440086 0.0116673 0.0138156 0.511578
2 0.507001 0.338445 0.0119873 0.0222508 0.507893
2 0.347188 0.120701 0.0104119 0.0184489 0.50755
0 0.383567 0.371697 0.0136351 0.0198338 0.50659
0 0.347909 0.335174 0.0132336 0.016291 0.505897
2 0.393839 0.0707255 0.0149804 0.0188875 0.503178
1 0.055515 0.565192 0.0104306 0.0261772 0.500927
