1 0.622586 0.69822 0.0644705 0.0769299 0.912458
1 0.309737 0.730137 0.105734 0.073925 0.908877
1 0.70463 0.678755 0.0923595 0.0834395 0.907792
1 0.419176 0.725295 0.110053 0.0794983 0.903178
1 0.532402 0.711996 0.111717 0.0826047 0.894724
1 0.312815 0.803972 0.103289 0.0770497 0.893788
1 0.533409 0.784395 0.109807 0.0750517 0.888334
1 0.623102 0.7707 0.0634224 0.074011 0.883423
1 0.766675 0.663862 0.0271329 0.0694795 0.881105
1 0.421643 0.803944 0.11091 0.0794256 0.879131
1 0.226594 0.730061 0.0659028 0.0720708 0.859691
1 0.704703 0.754854 0.0913003 0.0893773 0.846652
2 0.469559 0.0657665 0.0145216 0.0195422 0.833287
2 0.231382 0.35555 0.0103669 0.0180495 0.830752
1 0.230066 0.801159 0.0650147 0.0732422 0.818824
1 0.768391 0.731578 0.0323491 0.069724 0.817865
2 0.449526 0.0457527 0.0244546 0.0205731 0.814475
2 0.449841 0.0664914 0.0250414 0.0192437 0.809381
2 0.469067 0.0445809 0.0137515 0.0212266 0.804828
2 0.231531 0.338165 0.0101173 0.0152768 0.79722
2 0.43052 0.0682271 0.0143356 0.0195377 0.788175
1 0.344709 0.540367 0.0225935 0.0266927 0.772177
2 0.231774 0.424967 0.01078 0.0158324 0.769301
2 0.430443 0.0477457 0.0140167 0.0205949 0.765707
2 0.342233 0.0826024 0.021531 0.0186514 0.761513
0 0.409014 0.345623 0.0149339 0.0194687 0.76039
0 0.478451 0.385129 0.0197694 0.0236712 0.756672
2 0.364818 0.0786397 0.0229314 0.0191501 0.756182
0 0.454753 0.16865 0.0199709 0.0195557 0.752316
2 0.244569 0.405744 0.0176259 0.0160635 0.751186
0 0.456878 0.209431 0.0165888 0.0197244 0.751075
0 0.408069 0.302367 0.0145214 0.0195389 0.747445
2 0.231294 0.373691 0.0102914 0.014714 0.743481
2 0.231725 0.406253 0.0105871 0.0162229 0.738993
0 0.475009 0.296098 0.0187296 0.0208949 0.734925
1 0.485511 0.0857535 0.0161315 0.020753 0.733886
2 0.245092 0.423688 0.0175407 0.0169805 0.733801
2 0.231857 0.288128 0.00989031 0.0165989 0.732341
2 0.232182 0.441841 0.0105458 0.0157462 0.731026
0 0.364796 0.330509 0.022094 0.0192243 0.718617
0 0.491286 0.272158 0.013036 0.0233478 0.718254
0 0.479993 0.40856 0.0192471 0.0255796 0.713701
0 0.474896 0.318052 0.0193494 0.0230963 0.711951
2 0.413975 0.069619 0.0192729 0.0200337 0.710079
0 0.491687 0.294562 0.0133982 0.0221668 0.709393
0 0.364905 0.350513 0.0222646 0.0200734 0.708622
0 0.364268 0.201023 0.0214329 0.0205415 0.707878
0 0.36427 0.158879 0.021683 0.0206526 0.692685
2 0.245726 0.440052 0.0174761 0.0144357 0.692573
0 0.364417 0.308077 0.0215674 0.0189509 0.690916
0 0.412648 0.215497 0.0241171 0.019067 0.686288
0 0.323158 0.227706 0.0141952 0.0201358 0.68447
0 0.476063 0.361994 0.0209265 0.0250997 0.682722
1 0.344286 0.514785 0.0219133 0.0233043 0.682557
0 0.458438 0.297962 0.0164838 0.0204679 0.681108
0 0.321889 0.35704 0.0127304 0.0187524 0.679297
0 0.365542 0.137768 0.020101 0.0205064 0.677907
2 0.204505 0.446335 0.0112672 0.0154778 0.676878
0 0.364145 0.286532 0.0208737 0.0205367 0.675919
0 0.433739 0.343367 0.0140362 0.0191623 0.672726
0 0.346197 0.225315 0.0144135 0.0201091 0.671011
2 0.325596 0.0641627 0.0127084 0.0201836 0.666107
0 0.475433 0.339366 0.0198243 0.0205233 0.664829
0 0.364114 0.222248 0.0214451 0.0200211 0.661611
1 0.489908 0.206532 0.0133179 0.0210131 0.655702
0 0.43547 0.388124 0.013879 0.0209196 0.655603
2 0.413233 0.0493764 0.020731 0.0207842 0.65393
2 0.231747 0.307629 0.00981712 0.0144484 0.653616
0 0.409682 0.390365 0.0153663 0.0217708 0.64964
2 0.409413 0.0707403 0.0193251 0.0196588 0.649065
0 0.323348 0.207459 0.0132002 0.0212522 0.648412
1 0.440259 0.505659 0.0152257 0.0217667 0.64529
2 0.483917 0.0439407 0.0164664 0.0221028 0.644966
2 0.219242 0.426392 0.0148849 0.0151304 0.644281
2 0.342099 0.0622785 0.0204162 0.0192946 0.642863
0 0.346618 0.203334 0.0139543 0.019716 0.642818
1 0.34033 0.123137 0.0199813 0.0186852 0.64185
2 0.218488 0.443413 0.0172161 0.01688 0.641139
0 0.347122 0.310919 0.0133973 0.0193984 0.64055
0 0.493565 0.36145 0.0138606 0.024052 0.638733
1 0.490346 0.228258 0.0131682 0.0221828 0.638729
2 0.484677 0.0654074 0.0158637 0.0208533 0.638126
2 0.220582 0.357489 0.0116638 0.0167842 0.633303
2 0.220517 0.374534 0.0114958 0.0147567 0.631577
0 0.494753 0.384387 0.0134964 0.0244121 0.630667
2 0.170965 0.402875 0.0157923 0.0149123 0.628703
2 0.389266 0.0528848 0.0224307 0.0207025 0.625223
2 0.38873 0.0742474 0.0229464 0.0190274 0.619622
0 0.335111 0.356047 0.0141464 0.0198872 0.618806
2 0.474958 0.251319 0.0182002 0.0204786 0.614447
2 0.204511 0.463998 0.0109955 0.0171102 0.608867
1 0.312448 0.125209 0.0115595 0.0188295 0.608586
0 0.465229 0.433362 0.0162197 0.0229831 0.600567
1 0.343589 0.491701 0.0217953 0.0214543 0.598881
0 0.363825 0.162301 0.0219058 0.0198773 0.597738
0 0.436621 0.434482 0.0137979 0.0215398 0.596986
2 0.18688 0.382948 0.0158421 0.014713 0.596498
2 0.313394 0.0846872 0.0121577 0.0182911 0.595718
0 0.347528 0.334016 0.0128952 0.0189453 0.5955
2 0.408783 0.0501119 0.0168282 0.0211228 0.594891
0 0.382856 0.348386 0.0138037 0.0202012 0.594705
1 0.992949 0.691389 0.0123594 0.040874 0.594114
0 0.381224 0.284627 0.0127018 0.0201482 0.59026
2 0.189024 0.397203 0.018834 0.0152318 0.587349
1 0.470168 0.0856523 0.0152928 0.0199505 0.586775
0 0.387925 0.175818 0.0248511 0.0200556 0.585159
0 0.492645 0.338913 0.0138527 0.0220398 0.584364
1 0.430781 0.109168 0.0153372 0.0206726 0.582496
0 0.38234 0.329478 0.0131026 0.0186843 0.580726
2 0.498096 0.0437381 0.0113969 0.0219776 0.580712
0 0.414331 0.172246 0.0226671 0.0198566 0.580706
0 0.381804 0.306214 0.0126729 0.0187435 0.579935
2 0.206192 0.378681 0.0121739 0.0165922 0.579214
2 0.18634 0.399956 0.0145383 0.0171019 0.578894
0 0.394336 0.283382 0.0138838 0.0199694 0.578132
2 0.192063 0.381533 0.0159776 0.0147601 0.577406
1 0.362787 0.513639 0.0144759 0.0241417 0.571094
1 0.132537 0.396771 0.00788203 0.01311 0.5706
0 0.475046 0.274161 0.0186287 0.0235928 0.569914
0 0.481466 0.432447 0.018631 0.0239479 0.565234
1 0.343149 0.470428 0.0225222 0.020733 0.56484
1 0.944976 0.726407 0.0094253 0.036881 0.564447
1 0.323784 0.470519 0.0158952 0.0193504 0.56386
2 0.185927 0.334069 0.0138241 0.0157163 0.563761
0 0.455203 0.341917 0.0203781 0.0196268 0.563407
2 0.187748 0.43427 0.015 0.0145364 0.561575
2 0.487008 0.125094 0.0151582 0.0204366 0.56098
0 0.461762 0.386302 0.0148333 0.0219268 0.560237
0 0.381873 0.200419 0.0135295 0.0185773 0.559648
0 0.334609 0.311928 0.0131849 0.0196323 0.559587
0 0.473919 0.207294 0.017812 0.0210073 0.558444
2 0.188678 0.301145 0.0110625 0.0145035 0.556539
0 0.409981 0.437503 0.0140194 0.0224891 0.555276
0 0.473817 0.187103 0.0176907 0.0188411 0.555228
0 0.322077 0.313386 0.0129628 0.0183595 0.552509
0 0.388518 0.21798 0.0241754 0.0191959 0.551474
0 0.44226 0.208296 0.0172999 0.0197047 0.549196
2 0.49849 0.0653821 0.0113316 0.0219285 0.548874
0 0.459435 0.25349 0.0147512 0.0207881 0.548611
2 0.325393 0.0840175 0.012981 0.0187351 0.547282
1 0.460852 0.480224 0.0243554 0.0227568 0.54461
0 0.496118 0.40811 0.0132568 0.0248134 0.54207
2 0.507006 0.316697 0.0126627 0.0235974 0.541102
1 0.439672 0.527149 0.0156057 0.0207908 0.539896
0 0.497285 0.431873 0.0126383 0.0252276 0.538859
1 0.505707 0.227685 0.014708 0.0212979 0.538758
1 0.929591 0.737186 0.0126694 0.0441343 0.538217
2 0.171252 0.352403 0.0143866 0.0140034 0.537509
2 0.506851 0.29397 0.0132336 0.0216411 0.536948
1 0.132863 0.425169 0.00815344 0.013079 0.535704
0 0.322107 0.377557 0.0127509 0.0201719 0.534712
0 0.322196 0.333954 0.0125835 0.0176023 0.534071
2 0.326716 0.516204 0.0132624 0.0216185 0.532698
0 0.336734 0.226588 0.0133343 0.0197 0.531507
2 0.488613 0.144006 0.0148197 0.0202089 0.531164
1 0.326669 0.541107 0.0132007 0.0263934 0.529793
0 0.407454 0.260825 0.0130264 0.0193199 0.528062
0 0.364141 0.178931 0.0214168 0.0191307 0.527308
1 0.383608 0.394277 0.0139644 0.0221722 0.526934
2 0.186506 0.351357 0.0151695 0.0145342 0.526588
0 0.381282 0.218318 0.01204 0.017076 0.525937
0 0.394581 0.305085 0.0134124 0.020321 0.524858
1 0.441286 0.481599 0.0148825 0.0220579 0.524535
1 0.36371 0.537815 0.0149656 0.0260208 0.521342
1 0.25988 0.300484 0.0108157 0.0153066 0.5208
2 0.506708 0.339472 0.0119457 0.0230552 0.519972
0 0.336672 0.163927 0.0150195 0.0207524 0.518943
2 0.173002 0.485382 0.0134226 0.0148003 0.518088
1 0.0173273 0.535491 0.0141012 0.0150853 0.516084
0 0.458775 0.229571 0.0147985 0.0201801 0.515202
0 0.394401 0.261527 0.0141275 0.0196973 0.514425
2 0.171514 0.419015 0.0153811 0.0145826 0.514331
0 0.347392 0.354728 0.0123616 0.0196772 0.513006
0 0.446295 0.297846 0.0157698 0.0183525 0.512959
0 0.442953 0.229268 0.0177935 0.0191978 0.510596
2 0.220774 0.338741 0.0106118 0.0147048 0.509928
0 0.346858 0.289019 0.0137887 0.0177234 0.509575
0 0.40917 0.198017 0.0180186 0.0199304 0.507262
2 0.244601 0.390245 0.0165342 0.0165776 0.50554
1 0.133571 0.439616 0.00828015 0.0143349 0.502466
2 0.187012 0.347979 0.0148113 0.0137187 0.500487
