1 0.226455 0.729392 0.0642199 0.0717919 0.916509
1 0.531667 0.708089 0.111325 0.0816252 0.901057
1 0.622435 0.69475 0.0660128 0.0801959 0.900871
1 0.309397 0.727856 0.10592 0.0718397 0.894334
1 0.705006 0.676186 0.091818 0.0852864 0.892766
1 0.418983 0.723083 0.110409 0.0775226 0.888012
1 0.622464 0.768533 0.0648628 0.0715954 0.88417
1 0.766844 0.663151 0.0277255 0.0695735 0.874593
1 0.532285 0.779295 0.109267 0.0630361 0.864455
1 0.420982 0.798305 0.109785 0.0735674 0.861556
1 0.312937 0.799373 0.102491 0.0673118 0.852531
1 0.768477 0.728693 0.0325417 0.0661063 0.841782
1 0.231472 0.796463 0.063125 0.0670147 0.836928
1 0.704806 0.747199 0.0915214 0.0761325 0.810533
2 0.190015 0.376052 0.0207814 0.0169327 0.769246
2 0.208251 0.374954 0.0143311 0.0175829 0.768564
2 0.2084 0.356834 0.0146042 0.0160133 0.747717
0 0.469858 0.124846 0.0183113 0.0179079 0.730682
2 0.190772 0.35975 0.019334 0.0146238 0.71294
0 0.469537 0.0817496 0.0200567 0.0182356 0.671177
2 0.190123 0.393477 0.0196523 0.0157061 0.65112
1 0.443999 0.338759 0.0143082 0.0175562 0.645424
0 0.346705 0.220625 0.0126358 0.0169968 0.609537
0 0.381056 0.153364 0.0124022 0.0187736 0.606742
1 0.334833 0.267174 0.0119093 0.0189289 0.606201
2 0.207998 0.395564 0.014572 0.0183031 0.604225
0 0.467473 0.164772 0.0141525 0.0174746 0.603685
2 0.208241 0.391648 0.0152036 0.0165531 0.601045
0 0.346989 0.203036 0.012868 0.0172274 0.595079
2 0.190376 0.427083 0.0183139 0.0151222 0.586965
2 0.226308 0.40272 0.0200089 0.0170707 0.58402
2 0.226173 0.335472 0.0199533 0.0164823 0.583236
2 0.190645 0.345293 0.0190632 0.0147633 0.583107
2 0.193027 0.310565 0.0152122 0.0160331 0.580007
0 0.443192 0.125814 0.0216222 0.0179011 0.578536
2 0.189905 0.444612 0.017886 0.0167291 0.578043
1 0.458344 0.338371 0.014492 0.0177388 0.570093
2 0.225785 0.352473 0.0197235 0.0155891 0.566705
0 0.337673 0.122412 0.0121652 0.0166898 0.561345
0 0.381798 0.133095 0.0123972 0.0187483 0.555032
2 0.167666 0.448226 0.0205366 0.0160231 0.55487
2 0.206219 0.425553 0.0123633 0.0155528 0.551891
2 0.170373 0.381975 0.0158588 0.0156134 0.55154
0 0.22051 0.508946 0.0236269 0.0177064 0.540714
0 0.335462 0.205374 0.01196 0.0165601 0.538917
0 0.362891 0.201929 0.0191604 0.0170656 0.533006
0 0.256088 0.435089 0.0183146 0.0191615 0.529905
0 0.382425 0.113854 0.0130214 0.0181978 0.525471
1 0.338108 0.513736 0.0133132 0.0227178 0.52007
2 0.169789 0.39912 0.0171575 0.0176598 0.516575
0 0.471036 0.043188 0.0173888 0.0179584 0.51508
0 0.413676 0.127186 0.0183734 0.0177733 0.512822
2 0.240193 0.401404 0.00947133 0.0170401 0.51126
1 0.0201432 0.516123 0.00896649 0.0173143 0.510552
0 0.379903 0.203046 0.0128493 0.0152727 0.502735
