1 0.418864 0.726042 0.110291 0.0796125 0.910018
1 0.70477 0.678666 0.0920986 0.0832917 0.909339
1 0.62257 0.697864 0.0648322 0.0775485 0.906846
1 0.532525 0.709802 0.110281 0.0789902 0.899141
1 0.309543 0.730852 0.105927 0.0747713 0.898827
1 0.622995 0.769952 0.0641128 0.0717921 0.891888
1 0.226033 0.729976 0.0640401 0.0702638 0.885836
1 0.313192 0.802346 0.104563 0.0723779 0.879094
1 0.767168 0.664295 0.0279661 0.0689609 0.87578
1 0.534 0.783652 0.109899 0.0747779 0.858988
1 0.230718 0.799189 0.064179 0.0700844 0.856745
1 0.768076 0.73001 0.0320325 0.0665081 0.847784
1 0.704519 0.754468 0.0902814 0.0882802 0.845126
1 0.42093 0.799821 0.11118 0.0705378 0.835267
1 0.364955 0.0784855 0.0220188 0.0184591 0.770108
0 0.472049 0.362762 0.0279816 0.0244058 0.763174
0 0.439794 0.210822 0.0276081 0.0190336 0.759994
0 0.473399 0.385438 0.0277462 0.0222847 0.75887
0 0.43819 0.168471 0.0273606 0.0191326 0.752063
2 0.231064 0.337331 0.0103798 0.0149255 0.750895
2 0.244574 0.335833 0.0184328 0.0155406 0.747708
0 0.382083 0.155002 0.0152101 0.0209695 0.74182
0 0.492789 0.338655 0.0126395 0.0224732 0.737908
2 0.231213 0.354261 0.0100071 0.0171532 0.736658
1 0.0175043 0.447613 0.0133189 0.0176315 0.7333
2 0.244798 0.351322 0.0187763 0.014358 0.724756
0 0.435108 0.387114 0.0145927 0.0214272 0.724145
1 0.336874 0.0817616 0.0125611 0.0186147 0.718629
2 0.244476 0.404494 0.0179597 0.0161216 0.715709
1 0.347589 0.141566 0.0128192 0.0190635 0.715277
1 0.0178754 0.46416 0.0131908 0.0157623 0.711337
0 0.434336 0.34315 0.0143913 0.0196616 0.706356
1 0.335736 0.142685 0.0119667 0.0195445 0.706158
1 0.335032 0.122966 0.0114535 0.0183415 0.705781
2 0.207404 0.377169 0.0141614 0.0175298 0.702913
0 0.474259 0.40906 0.0268482 0.024037 0.700408
0 0.409268 0.389513 0.0139324 0.0215603 0.69881
0 0.408358 0.345594 0.0140415 0.0195922 0.698343
0 0.493818 0.361314 0.0123581 0.0234459 0.698202
0 0.494823 0.384429 0.0123242 0.0244525 0.69593
1 0.382182 0.0733277 0.0139661 0.0182078 0.687372
2 0.244682 0.423205 0.0169974 0.0173916 0.686716
2 0.2078 0.359791 0.0145257 0.0150277 0.683458
2 0.231213 0.288976 0.0103443 0.0167521 0.682261
2 0.231571 0.424969 0.0109305 0.0160745 0.672862
2 0.231908 0.441939 0.010663 0.0159038 0.664979
0 0.468503 0.209282 0.0297955 0.0190046 0.66315
0 0.469437 0.297689 0.0281014 0.0199723 0.657783
2 0.231265 0.307856 0.0102399 0.0142195 0.651556
1 0.322537 0.447757 0.014105 0.0213669 0.651219
0 0.346199 0.204864 0.0136189 0.0192887 0.648927
1 0.416952 0.0678616 0.0126646 0.019408 0.646308
0 0.400407 0.152808 0.0229939 0.0208148 0.645544
0 0.434441 0.298706 0.0165359 0.0181605 0.642161
0 0.492213 0.316591 0.0129728 0.0223459 0.641691
1 0.322577 0.42646 0.0136295 0.0198202 0.63867
0 0.383864 0.392073 0.01447 0.0224524 0.637337
1 0.326695 0.541468 0.0129437 0.027722 0.631052
1 0.480879 0.502283 0.0177286 0.0243412 0.628461
1 0.322022 0.47231 0.0146818 0.0183214 0.623712
0 0.495919 0.408224 0.0126365 0.0239553 0.623169
1 0.431944 0.108008 0.0182949 0.0192855 0.623064
2 0.244987 0.383715 0.0188662 0.0166618 0.622641
0 0.466349 0.167371 0.0275685 0.0199795 0.622188
2 0.259347 0.332542 0.0110648 0.0169299 0.620672
1 0.339777 0.540752 0.0125936 0.0274053 0.620517
2 0.244311 0.440189 0.0154705 0.0150922 0.618954
1 0.335906 0.424675 0.0136401 0.0203033 0.618547
2 0.194586 0.380186 0.0133706 0.0152132 0.617557
0 0.346953 0.353628 0.0122198 0.0179912 0.614068
1 0.430735 0.0876863 0.0165212 0.0205232 0.613324
2 0.231198 0.375372 0.00999616 0.0153815 0.612548
0 0.496935 0.431571 0.0126636 0.0249575 0.611241
1 0.430026 0.0666288 0.0157488 0.0193791 0.60917
0 0.335039 0.206096 0.0116472 0.0198731 0.608784
0 0.476155 0.431983 0.0246996 0.0236278 0.60773
2 0.221291 0.374931 0.010686 0.0156512 0.604238
2 0.259636 0.348585 0.0109297 0.0153874 0.59887
1 0.0299386 0.360236 0.0100844 0.0159176 0.598612
0 0.450542 0.387074 0.0172734 0.0205741 0.59735
0 0.419455 0.295705 0.0136278 0.0175907 0.594834
0 0.47115 0.340536 0.0280381 0.0203286 0.594774
1 0.0297389 0.378095 0.00996946 0.0159865 0.594491
2 0.218845 0.44328 0.0160605 0.0169778 0.59439
2 0.221233 0.357602 0.0112754 0.0169286 0.593892
1 0.485954 0.0838478 0.0150686 0.0215907 0.591064
0 0.32175 0.355803 0.0127826 0.0186646 0.588558
1 0.019037 0.519138 0.0108074 0.0185161 0.586932
0 0.358782 0.352443 0.0119589 0.0170146 0.57937
2 0.439345 0.529692 0.0144141 0.025708 0.57926
1 0.38238 0.0532684 0.0136909 0.0185602 0.57813
0 0.491962 0.292984 0.0129755 0.023449 0.576721
0 0.334766 0.354657 0.0133573 0.0187036 0.576285
1 0.399635 0.0695248 0.0228132 0.0195983 0.574822
0 0.388381 0.217054 0.0229341 0.0203236 0.572615
2 0.231598 0.40488 0.0100925 0.0154225 0.572213
0 0.436192 0.432742 0.014061 0.0207856 0.570371
0 0.362524 0.204409 0.01999 0.0182465 0.569509
2 0.186443 0.300514 0.0132439 0.0143707 0.568748
0 0.417873 0.149967 0.0139959 0.0199322 0.564612
0 0.383208 0.348077 0.0143639 0.0193759 0.563705
1 0.316247 0.493973 0.00902878 0.023371 0.562554
2 0.244661 0.389128 0.0178088 0.0162017 0.56231
2 0.205889 0.394506 0.0125444 0.0150068 0.562249
1 0.417307 0.109623 0.0138819 0.0199691 0.55749
2 0.221181 0.338523 0.0102013 0.0145848 0.557417
2 0.24301 0.316077 0.0154175 0.0155024 0.553029
0 0.41798 0.17086 0.0134897 0.0199416 0.551673
2 0.183286 0.382361 0.0112 0.0146194 0.548643
0 0.361125 0.222134 0.0173157 0.0190313 0.547961
0 0.370202 0.37237 0.0126182 0.0211145 0.547453
1 0.0176276 0.430222 0.0124934 0.0186892 0.543125
1 0.322194 0.400424 0.0134031 0.0203552 0.541887
2 0.220697 0.426555 0.0124662 0.0146786 0.539093
1 0.462161 0.125449 0.0279562 0.0194118 0.538735
2 0.195193 0.361099 0.011596 0.0148939 0.537536
2 0.18275 0.398566 0.0108296 0.0169175 0.53588
2 0.221078 0.29152 0.0112346 0.0158801 0.533084
1 0.33553 0.399568 0.0139251 0.0217921 0.532599
2 0.208547 0.345458 0.014277 0.0134083 0.531266
1 0.485625 0.0636682 0.0146925 0.0210241 0.531127
1 0.334935 0.244723 0.0119409 0.020506 0.530561
2 0.192766 0.395764 0.0145453 0.0135437 0.527442
1 0.461927 0.478885 0.0163284 0.022889 0.526093
0 0.38435 0.439664 0.013895 0.0234619 0.52544
1 0.336586 0.446724 0.0136137 0.0229306 0.525142
0 0.489334 0.165526 0.0136301 0.0212627 0.522067
2 0.209966 0.39237 0.0131485 0.0142957 0.520794
2 0.439027 0.505211 0.0147681 0.0228394 0.520672
1 0.435061 0.127236 0.0226343 0.0195111 0.516135
0 0.490083 0.185222 0.0137809 0.0207229 0.515834
1 0.868223 0.693825 0.00973547 0.028881 0.510855
0 0.383853 0.416626 0.0139434 0.0235376 0.510581
2 0.205151 0.428652 0.011126 0.0159895 0.508127
2 0.260599 0.385571 0.0120047 0.0163031 0.507717
2 0.259438 0.316109 0.0105423 0.0153075 0.507122
0 0.416685 0.213981 0.0177839 0.019483 0.505955
2 0.218495 0.461033 0.0170722 0.0157885 0.50167
2 0.194093 0.448115 0.014034 0.0148435 0.500819
