1 0.622406 0.69488 0.0657637 0.0791953 0.895851
1 0.622904 0.768924 0.0650095 0.0723831 0.894341
1 0.226036 0.728853 0.0643816 0.0726199 0.893475
1 0.41876 0.724795 0.110512 0.0805593 0.890886
1 0.704994 0.676314 0.0913872 0.0834445 0.889241
1 0.309159 0.727969 0.104891 0.0742281 0.886295
1 0.531493 0.707653 0.112276 0.0791697 0.886219
1 0.767418 0.662385 0.028549 0.0699738 0.869298
1 0.23094 0.792366 0.0630855 0.0582498 0.846087
1 0.421181 0.794474 0.109121 0.0638478 0.837902
1 0.312623 0.799227 0.103978 0.0695847 0.828676
1 0.76909 0.727404 0.0338633 0.0629513 0.805162
1 0.705048 0.749141 0.090979 0.0804092 0.789286
1 0.533379 0.779508 0.109937 0.0655151 0.741601
2 0.227113 0.404442 0.0198378 0.015833 0.685832
1 0.347857 0.157699 0.012719 0.0182791 0.67449
2 0.19239 0.376653 0.0164803 0.0166773 0.640254
1 0.336008 0.16024 0.0115274 0.0175806 0.6302
1 0.363274 0.155546 0.0189897 0.0181487 0.628542
1 0.34776 0.139369 0.011882 0.0179923 0.612913
1 0.369863 0.093146 0.011275 0.0155504 0.609081
1 0.382151 0.0693431 0.0125504 0.0166307 0.602092
2 0.241067 0.383973 0.010452 0.0166587 0.600187
2 0.241291 0.402706 0.0103198 0.0157432 0.597424
1 0.336302 0.122451 0.0118506 0.0163515 0.583518
1 0.336888 0.0789472 0.0114678 0.0155435 0.577345
2 0.192318 0.360686 0.0158731 0.0143694 0.564786
1 0.0438884 0.285688 0.010376 0.0251485 0.56111
1 0.37061 0.0705116 0.0110742 0.0143713 0.559933
0 0.272138 0.487169 0.0158564 0.0182184 0.550294
1 0.04235 0.309711 0.00960007 0.0196777 0.544288
2 0.226272 0.422205 0.0222264 0.0174004 0.541745
1 0.335365 0.178798 0.0112206 0.0176124 0.540059
2 0.206744 0.374684 0.0122318 0.0150108 0.539446
2 0.240553 0.332721 0.0110676 0.0171489 0.535085
2 0.240598 0.34974 0.0111393 0.0161998 0.534996
1 0.381825 0.091685 0.0131618 0.0175429 0.53409
1 0.380824 0.152041 0.0126921 0.0185906 0.525382
2 0.230761 0.335203 0.0116156 0.0156092 0.519966
1 0.365061 0.153867 0.0184278 0.0183004 0.518256
2 0.205432 0.426415 0.0111545 0.0148549 0.516953
0 0.271345 0.468982 0.0170878 0.0170701 0.51656
2 0.191886 0.394661 0.0169358 0.0156082 0.514491
2 0.22964 0.351459 0.0124444 0.0148486 0.510908
2 0.191217 0.346687 0.0189658 0.0138525 0.509749
