1 0.225265 0.727599 0.0641594 0.074215 0.910213
1 0.531768 0.708148 0.111839 0.0816074 0.908757
1 0.31066 0.726879 0.103085 0.0755459 0.894878
1 0.419356 0.724068 0.109179 0.0799621 0.893452
1 0.622634 0.695272 0.0662227 0.079184 0.892476
1 0.705387 0.675636 0.0918565 0.08464 0.888465
1 0.767399 0.661602 0.0273055 0.0699573 0.872497
1 0.705011 0.751417 0.0915883 0.083316 0.863166
1 0.623076 0.767621 0.0641913 0.0691064 0.863114
1 0.313277 0.79838 0.103485 0.0650278 0.861609
1 0.229914 0.795877 0.064495 0.0668451 0.860096
1 0.531885 0.782971 0.110858 0.0746643 0.856133
2 0.388309 0.0695154 0.0220969 0.0190402 0.843505
2 0.388008 0.0906467 0.0224966 0.0190039 0.834358
1 0.421255 0.796145 0.110211 0.0694556 0.830479
1 0.76775 0.729699 0.0296979 0.0675574 0.823997
2 0.388178 0.111133 0.0229939 0.0195663 0.820812
2 0.40619 0.0882132 0.01198 0.0187125 0.816764
2 0.423976 0.0654566 0.0250942 0.0195212 0.810464
2 0.388488 0.0499694 0.021218 0.0185395 0.809922
2 0.423956 0.0456728 0.0249124 0.0192222 0.806464
2 0.40588 0.0676053 0.0118184 0.0191652 0.803773
2 0.364876 0.0936897 0.022043 0.0188925 0.797086
2 0.365197 0.0743973 0.0224934 0.0187506 0.795627
2 0.406434 0.108281 0.0123034 0.0195629 0.780929
2 0.424253 0.0866833 0.0246445 0.0190544 0.780298
2 0.405662 0.0481875 0.0118904 0.0184986 0.778178
2 0.364808 0.113898 0.0214708 0.0193369 0.771665
2 0.484378 0.0415393 0.0162144 0.0208405 0.746987
2 0.338926 0.0797755 0.015504 0.0190288 0.743809
2 0.192942 0.376363 0.0142872 0.0165389 0.724863
2 0.226381 0.403596 0.0201273 0.0158801 0.704122
2 0.45067 0.0436552 0.0265844 0.0204339 0.700431
2 0.36543 0.0547311 0.0233669 0.0207269 0.695794
2 0.207666 0.374543 0.014397 0.0160057 0.682722
2 0.226477 0.421359 0.0212077 0.0176568 0.679538
2 0.24276 0.332686 0.014232 0.0171717 0.674627
2 0.242467 0.402472 0.0131604 0.0157625 0.668309
2 0.19272 0.360208 0.0139454 0.0142457 0.666171
2 0.242228 0.383928 0.0131139 0.0174235 0.656779
2 0.207512 0.357224 0.0143258 0.0157156 0.646537
2 0.42452 0.106191 0.0240036 0.0188416 0.644201
1 0.423758 0.529102 0.0150209 0.0250388 0.643904
2 0.242246 0.349816 0.0140696 0.0165899 0.641764
2 0.449966 0.0642339 0.0250641 0.0199731 0.639558
2 0.485435 0.122613 0.0156712 0.0196952 0.636891
2 0.456205 0.0418159 0.0382458 0.0214041 0.629928
2 0.4686 0.0422741 0.0139455 0.0203014 0.628213
2 0.226537 0.335511 0.0194862 0.0158796 0.623972
1 0.0201323 0.496307 0.0091899 0.0213334 0.615758
2 0.364456 0.11741 0.0214404 0.0182986 0.614792
1 0.411177 0.5288 0.0126295 0.0220088 0.612705
2 0.182617 0.378964 0.00978742 0.0158112 0.609576
2 0.343146 0.0989203 0.0201737 0.0200277 0.60823
2 0.225649 0.351569 0.0200989 0.015375 0.6062
0 0.489169 0.163661 0.0151874 0.0214305 0.602117
2 0.313104 0.0821158 0.0102013 0.0185132 0.600822
2 0.388138 0.127811 0.0228069 0.0174512 0.600381
0 0.416817 0.212304 0.0134743 0.0179779 0.591645
0 0.416786 0.1684 0.0141373 0.0178227 0.589212
1 0.338241 0.536208 0.0133955 0.0267565 0.585055
0 0.458931 0.165141 0.023716 0.0198653 0.581794
0 0.364656 0.17138 0.0196634 0.0160373 0.580881
2 0.449718 0.0839405 0.0238378 0.0189006 0.580664
2 0.193436 0.294149 0.0116523 0.0152961 0.579431
0 0.489853 0.184468 0.0154162 0.0204776 0.576419
2 0.26555 0.347628 0.0227699 0.0165975 0.576026
2 0.192548 0.311311 0.0121856 0.016428 0.575655
2 0.242492 0.419713 0.0123131 0.0170834 0.572676
1 0.41163 0.506201 0.0128103 0.02052 0.568583
1 0.42399 0.50556 0.0142695 0.0206845 0.562479
0 0.394159 0.170489 0.0184403 0.0177974 0.560046
2 0.336627 0.119682 0.0134961 0.0187834 0.558686
2 0.192773 0.394199 0.0140786 0.0158902 0.558264
0 0.457724 0.208436 0.0185968 0.0181651 0.553783
0 0.0301963 0.446544 0.00959603 0.0162352 0.549137
2 0.19296 0.427916 0.0123049 0.0145624 0.539193
2 0.457519 0.0829729 0.03754 0.0193935 0.534741
0 0.0310599 0.396211 0.0100168 0.0174925 0.530369
0 0.0310054 0.379367 0.0101124 0.0154584 0.527139
1 0.398301 0.507495 0.0147095 0.0189367 0.525119
2 0.191375 0.445216 0.01229 0.0157757 0.521897
2 0.26748 0.468347 0.0229566 0.0172316 0.521061
2 0.469491 0.0619454 0.0133909 0.0196181 0.520846
2 0.207866 0.391228 0.0160633 0.0160051 0.51743
2 0.225571 0.354472 0.0192405 0.0176209 0.509782
2 0.169315 0.465452 0.0106867 0.0166223 0.507613
2 0.488579 0.141963 0.0151241 0.0215801 0.507557
2 0.204619 0.442805 0.013192 0.0163257 0.505877
1 0.0198955 0.519094 0.00891843 0.0223316 0.504324
0 0.22047 0.508328 0.0202928 0.0172939 0.503399
1 0.484937 0.0821154 0.0170671 0.0200287 0.5022
2 0.498402 0.041834 0.0112246 0.0200727 0.501907
