1 0.704723 0.67873 0.092128 0.0845421 0.915248
1 0.309667 0.73059 0.107509 0.0746046 0.914862
1 0.622787 0.697961 0.0651161 0.0785384 0.909378
1 0.420029 0.725432 0.109715 0.0793246 0.903492
1 0.31364 0.804234 0.104308 0.0751956 0.897875
1 0.532303 0.712497 0.111345 0.0844282 0.896737
1 0.623225 0.769646 0.0642218 0.0721933 0.88934
1 0.534062 0.784717 0.109025 0.0742985 0.885415
1 0.766217 0.663669 0.0265672 0.0710528 0.882494
1 0.421841 0.802842 0.111682 0.0770281 0.877156
1 0.226447 0.73023 0.0665551 0.0729383 0.86563
1 0.704671 0.753985 0.0902201 0.0898568 0.859202
1 0.230423 0.801354 0.0687341 0.0735609 0.855069
2 0.231419 0.355475 0.0105189 0.0174917 0.811581
1 0.345373 0.541298 0.0222534 0.026942 0.807123
2 0.388932 0.0530453 0.022483 0.0211602 0.791806
2 0.388633 0.0734591 0.022924 0.017984 0.791439
2 0.412036 0.0502086 0.0229574 0.0207317 0.789795
2 0.411899 0.0704088 0.0234175 0.0188916 0.786812
2 0.468904 0.0658038 0.0140064 0.0191707 0.779128
2 0.468306 0.0447658 0.0139641 0.02069 0.778742
1 0.76838 0.73233 0.0321836 0.0722684 0.777438
2 0.231528 0.338049 0.0103609 0.0142984 0.769172
2 0.365389 0.0785641 0.0234027 0.0194965 0.761909
2 0.430341 0.0482146 0.013303 0.0206775 0.759261
0 0.41356 0.2157 0.0241484 0.0198483 0.744558
2 0.430363 0.0686251 0.0137901 0.0193063 0.741059
0 0.458148 0.209337 0.0154936 0.0197712 0.737907
2 0.447178 0.0675704 0.0196156 0.0192158 0.73655
2 0.232331 0.442292 0.0111223 0.0165045 0.735926
2 0.232099 0.425089 0.0112131 0.0154181 0.732575
0 0.409309 0.345622 0.015143 0.0202042 0.729112
2 0.231349 0.372351 0.0105521 0.0149176 0.726166
2 0.483655 0.0439382 0.0162874 0.0216209 0.725836
2 0.341566 0.0832474 0.020099 0.0183678 0.722353
0 0.384378 0.417273 0.014198 0.0231253 0.721626
0 0.383709 0.393989 0.0135985 0.0214138 0.721342
0 0.480559 0.409153 0.0178114 0.0254907 0.720289
0 0.435281 0.388335 0.0149304 0.0213503 0.718201
0 0.456535 0.168501 0.0167386 0.0189088 0.713143
0 0.38854 0.154326 0.0250673 0.0219062 0.712573
0 0.433455 0.344126 0.014118 0.0196231 0.711631
0 0.479127 0.385449 0.0194664 0.023856 0.710235
1 0.485068 0.0855203 0.0169205 0.0196655 0.704979
0 0.436395 0.435402 0.0159195 0.0231755 0.702769
2 0.231904 0.288386 0.00996047 0.016947 0.699084
0 0.388343 0.217649 0.025675 0.0203866 0.698255
2 0.484333 0.0654721 0.0162678 0.0205856 0.69601
2 0.231946 0.405958 0.0108232 0.0157649 0.695538
1 0.460535 0.505457 0.0269432 0.0234071 0.695353
0 0.458705 0.434101 0.0288844 0.0244508 0.683837
0 0.459349 0.458615 0.028149 0.0229026 0.677327
2 0.769999 0.732871 0.0365234 0.0743658 0.674375
0 0.408743 0.390165 0.0141976 0.0215986 0.673622
0 0.495295 0.361895 0.0134639 0.0250463 0.668796
2 0.241023 0.405685 0.0103684 0.0159019 0.665923
1 0.48043 0.504097 0.0143314 0.0235909 0.665162
1 0.469874 0.106251 0.0143671 0.0181286 0.66493
2 0.446096 0.0469367 0.0178254 0.020301 0.663288
0 0.385447 0.440362 0.0139781 0.0222942 0.657724
1 0.430509 0.108788 0.0144537 0.020462 0.654916
0 0.481234 0.433369 0.016947 0.0247694 0.649139
0 0.364331 0.218951 0.0213149 0.0193046 0.64878
2 0.507631 0.339268 0.0126372 0.0235118 0.646304
2 0.475097 0.251574 0.0179926 0.0203082 0.644357
1 0.344972 0.515839 0.0218775 0.0233856 0.644147
2 0.34351 0.0636287 0.0203285 0.0195663 0.642792
0 0.438077 0.482397 0.0170714 0.0224766 0.641636
2 0.325639 0.0651007 0.0126291 0.0196065 0.637275
0 0.364343 0.201446 0.0208403 0.0196489 0.631454
2 0.218667 0.42644 0.0156851 0.0149837 0.627784
2 0.508629 0.361786 0.0123594 0.0245391 0.62692
2 0.240786 0.353372 0.0102505 0.0163287 0.623455
2 0.218535 0.443442 0.0167185 0.0169485 0.622256
2 0.498221 0.0436479 0.0118133 0.0216049 0.621386
0 0.321951 0.357705 0.0129936 0.0170304 0.620282
2 0.220377 0.374481 0.0117428 0.0147954 0.618591
1 0.494963 0.503764 0.0152044 0.025713 0.615159
2 0.240928 0.424059 0.00979987 0.0166833 0.614426
1 0.49041 0.228598 0.0128152 0.0229266 0.614302
2 0.171643 0.402863 0.0154162 0.0147529 0.608894
2 0.388509 0.113155 0.0238239 0.0198587 0.608537
0 0.473851 0.295108 0.0213388 0.0196055 0.603802
2 0.5071 0.316155 0.0130378 0.0243372 0.603105
1 0.312638 0.126235 0.0111407 0.0192835 0.600747
0 0.494376 0.339642 0.0128209 0.0223284 0.596228
0 0.364782 0.138425 0.0219023 0.0210047 0.596023
0 0.335366 0.355775 0.0134665 0.0181336 0.594383
2 0.241513 0.440498 0.00956899 0.0149776 0.592487
0 0.413067 0.172085 0.0240772 0.0186842 0.589968
0 0.388284 0.175851 0.0253854 0.0191091 0.589783
2 0.220581 0.357311 0.0115154 0.0160955 0.589178
0 0.382762 0.347793 0.0131082 0.0198712 0.588147
0 0.475089 0.361659 0.0250755 0.0254673 0.582457
2 0.188225 0.434083 0.0123578 0.0144958 0.579396
2 0.172604 0.418807 0.0159703 0.0143376 0.578815
0 0.347474 0.204418 0.0127975 0.0192604 0.575384
1 0.367915 0.539183 0.0224915 0.0259504 0.574318
0 0.412137 0.302273 0.0179 0.0199077 0.571696
0 0.364298 0.160431 0.02138 0.0198273 0.566932
0 0.474149 0.187103 0.0174925 0.0197956 0.566554
1 0.336138 0.40003 0.0137535 0.0204554 0.566164
1 0.016933 0.535877 0.0161164 0.01569 0.565973
0 0.382466 0.304888 0.0134641 0.0187738 0.564462
1 0.338053 0.12334 0.0157497 0.0185896 0.563428
2 0.193975 0.381606 0.0115354 0.0143992 0.562068
2 0.326999 0.516733 0.0139691 0.0219892 0.558453
0 0.396307 0.392337 0.0120623 0.0219891 0.555673
2 0.189614 0.397616 0.0146095 0.0158193 0.555671
0 0.448905 0.297514 0.0199493 0.0179749 0.55463
2 0.205047 0.379271 0.0113556 0.0159395 0.553733
0 0.431467 0.299377 0.0143001 0.020007 0.553001
1 0.449327 0.107804 0.0233934 0.02009 0.551602
2 0.386946 0.511883 0.0130629 0.023135 0.549333
1 0.326905 0.541554 0.0140471 0.0269318 0.549244
0 0.335699 0.205283 0.0124342 0.0191551 0.546969
1 0.461379 0.528342 0.0267107 0.0213221 0.545409
2 0.231849 0.306904 0.00981401 0.0139949 0.544644
2 0.240502 0.337183 0.00973645 0.0145177 0.544249
1 0.322998 0.426479 0.0140248 0.0189306 0.543069
1 0.348395 0.39918 0.0123036 0.0205481 0.533705
0 0.415303 0.484567 0.0174881 0.0221336 0.532797
1 0.416341 0.529323 0.0183142 0.0204867 0.529191
0 0.474728 0.208221 0.0169285 0.0202564 0.526176
0 0.386237 0.466671 0.0138118 0.021037 0.525854
2 0.509686 0.38501 0.0114276 0.0244771 0.52358
0 0.366683 0.306363 0.0188811 0.0184283 0.521532
2 0.20443 0.446352 0.0117212 0.0157624 0.52009
1 0.146258 0.641684 0.0127874 0.0248094 0.520053
0 0.437155 0.459578 0.017163 0.0232442 0.519271
2 0.498693 0.0655768 0.011499 0.0216725 0.511683
2 0.24184 0.390454 0.0115714 0.0158318 0.511471
2 0.365662 0.0557993 0.0229777 0.0204738 0.509607
0 0.344793 0.310577 0.012924 0.0181419 0.505051
1 0.336865 0.425214 0.0136206 0.0195398 0.501014
