1 0.226123 0.729155 0.0648877 0.0728985 0.90861
1 0.532031 0.70735 0.110932 0.0808145 0.900993
1 0.704654 0.675692 0.0907257 0.0835763 0.894834
1 0.62274 0.694819 0.0662586 0.0791256 0.889499
1 0.309937 0.72672 0.103347 0.0732314 0.888581
1 0.418364 0.722241 0.111437 0.0763827 0.886948
1 0.766685 0.662071 0.0276955 0.0707049 0.885844
1 0.622879 0.765868 0.0655992 0.0680856 0.854388
1 0.230043 0.792281 0.0638706 0.0594405 0.84618
1 0.766907 0.728511 0.030777 0.066899 0.843637
1 0.312257 0.800579 0.102703 0.0697367 0.822555
1 0.420921 0.793034 0.110902 0.0637324 0.819578
1 0.533076 0.776776 0.109269 0.0577388 0.815316
1 0.704576 0.744927 0.0906149 0.0772187 0.788551
2 0.192315 0.376515 0.0154694 0.0168319 0.773912
2 0.208069 0.374723 0.0149037 0.0166559 0.735953
0 0.469252 0.0821896 0.020749 0.0192804 0.731936
2 0.2263 0.40348 0.0197545 0.0167044 0.727869
0 0.469042 0.042779 0.0207678 0.0186244 0.71333
0 0.47041 0.124419 0.020449 0.0190992 0.702522
2 0.226757 0.335663 0.0190033 0.0164713 0.690849
2 0.192511 0.360278 0.0143202 0.0149218 0.689525
2 0.241911 0.402273 0.0120816 0.0160114 0.670613
2 0.225824 0.351902 0.0202078 0.0154351 0.66855
2 0.226459 0.421492 0.020348 0.0180146 0.668267
0 0.447818 0.0433214 0.0222775 0.0182534 0.664483
2 0.207931 0.357297 0.0150765 0.015865 0.649451
2 0.241447 0.3329 0.0114262 0.0176499 0.643892
2 0.241405 0.383893 0.0116027 0.0178887 0.638804
2 0.241011 0.350208 0.0114602 0.0163911 0.623353
2 0.193757 0.294294 0.0118625 0.0157244 0.623015
2 0.207188 0.426039 0.0135414 0.015314 0.613454
2 0.193427 0.311808 0.0123715 0.0159919 0.606237
2 0.190951 0.428132 0.0185831 0.0157548 0.604339
2 0.190375 0.44548 0.0202877 0.0163641 0.602913
2 0.242582 0.419452 0.0119876 0.0172748 0.599139
2 0.225832 0.354632 0.0193481 0.0176984 0.594439
0 0.444965 0.0836871 0.0215746 0.0188766 0.591903
2 0.191107 0.393701 0.0171855 0.0163294 0.590494
2 0.208042 0.390903 0.015833 0.016781 0.585846
0 0.471314 0.165481 0.0209571 0.0179151 0.584361
2 0.264644 0.347742 0.0249807 0.0165803 0.575329
2 0.170894 0.448763 0.0123225 0.0164333 0.570968
2 0.206194 0.443139 0.0119875 0.0168271 0.551847
1 0.338892 0.538451 0.0136421 0.0298994 0.544231
1 0.0319733 0.308266 0.0101952 0.0204842 0.543203
0 0.447418 0.062238 0.0229473 0.0186685 0.542134
0 0.469263 0.0618626 0.0210928 0.0183728 0.534026
0 0.387294 0.0502124 0.0238669 0.0189512 0.532564
2 0.193028 0.329418 0.0129257 0.0144854 0.531021
1 0.347674 0.306334 0.0141678 0.0199657 0.5298
2 0.192217 0.345672 0.015058 0.0139408 0.529575
2 0.241419 0.315447 0.011943 0.0158446 0.522106
2 0.226117 0.374805 0.0200203 0.01771 0.517038
0 0.365968 0.0772748 0.016779 0.0176988 0.51538
2 0.170153 0.465892 0.0108275 0.0168727 0.512467
1 0.0304982 0.361832 0.0104681 0.0167073 0.508125
