1 0.622117 0.694843 0.0636343 0.0782349 0.900407
1 0.704389 0.674763 0.088824 0.0820616 0.895026
1 0.549702 0.704797 0.0731961 0.0800856 0.89128
1 0.766464 0.658772 0.0277067 0.0689162 0.875978
1 0.623232 0.768039 0.0631109 0.0747095 0.869746
1 0.292859 0.728455 0.07316 0.0704488 0.858897
1 0.284789 0.803452 0.048796 0.0743157 0.848268
1 0.766815 0.726092 0.0299472 0.0632452 0.831889
1 0.703993 0.748783 0.089052 0.0801552 0.791911
1 0.0164884 0.448051 0.0137369 0.0180597 0.769537
1 0.0172021 0.464956 0.0127063 0.0171287 0.728875
1 0.494148 0.713267 0.0348648 0.0774441 0.716396
2 0.23009 0.422977 0.0133587 0.0173116 0.711616
2 0.231209 0.404746 0.0105475 0.0162022 0.710505
2 0.240841 0.403603 0.0106371 0.0159489 0.684944
2 0.170331 0.383474 0.0141395 0.0145901 0.683502
2 0.170505 0.400924 0.0142124 0.0165909 0.680057
2 0.182901 0.397637 0.0104361 0.0158536 0.679282
2 0.231012 0.352839 0.00979131 0.0157441 0.668552
2 0.205561 0.375792 0.0112191 0.0169839 0.666967
1 0.369136 0.0924042 0.012125 0.0159683 0.659049
2 0.240552 0.350783 0.0108738 0.0153289 0.658889
2 0.24084 0.383767 0.0107579 0.0168697 0.658143
2 0.15831 0.402662 0.0101857 0.0157726 0.654757
1 0.550797 0.776447 0.0719643 0.059998 0.65364
2 0.158664 0.418539 0.00999775 0.0146505 0.649237
2 0.230932 0.335961 0.0105212 0.0158402 0.63279
2 0.231015 0.374565 0.0101842 0.0153835 0.62884
1 0.0181357 0.521676 0.0109215 0.0241496 0.628504
1 0.0178762 0.498944 0.011415 0.0216651 0.613808
1 0.36873 0.112515 0.0126973 0.0173034 0.61342
1 0.0153283 0.429926 0.0153121 0.0192109 0.61192
1 0.381566 0.0684599 0.0127667 0.0165802 0.602752
1 0.433749 0.717201 0.084744 0.0855897 0.602726
2 0.158364 0.351474 0.00957998 0.0152058 0.602347
2 0.257471 0.382267 0.0125609 0.0167097 0.600254
2 0.204492 0.358849 0.010242 0.0152677 0.59255
1 0.336693 0.0795261 0.0114703 0.015125 0.591283
2 0.221072 0.356394 0.0109251 0.0176437 0.586856
2 0.231216 0.438821 0.0116631 0.0148866 0.586329
1 0.404576 0.10767 0.0114437 0.0182821 0.582985
1 0.416607 0.106517 0.0133865 0.0178816 0.577874
2 0.183158 0.381073 0.0108893 0.0149051 0.577349
2 0.170308 0.350677 0.0140379 0.0145714 0.574892
1 0.335901 0.157635 0.0129663 0.0171719 0.574685
2 0.221157 0.373653 0.0102305 0.0150412 0.574243
2 0.183067 0.448776 0.0114551 0.0153577 0.57417
2 0.194573 0.378704 0.0113863 0.0161801 0.57149
1 0.0205975 0.377382 0.00930197 0.0173088 0.562145
1 0.358046 0.0938468 0.0101292 0.0148982 0.561286
1 0.369529 0.0717112 0.0116814 0.0151009 0.557464
2 0.206625 0.394561 0.0127235 0.0159354 0.557306
1 0.381281 0.0905108 0.0129483 0.0181876 0.555964
1 0.40438 0.0876368 0.0112938 0.019582 0.554116
2 0.256854 0.401052 0.0144837 0.017975 0.553449
2 0.182675 0.332203 0.00962274 0.0160769 0.552914
2 0.240879 0.420901 0.00987991 0.0176238 0.552586
1 0.393107 0.0669941 0.0116001 0.0165765 0.551573
1 0.393205 0.0892352 0.0112067 0.0185392 0.541106
1 0.443947 0.0830323 0.0178635 0.0177008 0.539336
2 0.258567 0.348942 0.0118873 0.0169984 0.53802
2 0.170333 0.334871 0.0138175 0.0154633 0.534237
1 0.17056 0.314444 0.0129528 0.0139376 0.528533
2 0.15835 0.384808 0.00913324 0.0164613 0.528012
2 0.224892 0.424719 0.0165916 0.0157406 0.526895
1 0.357978 0.114284 0.010667 0.0155803 0.525104
2 0.194306 0.395144 0.0125337 0.0143524 0.524355
1 0.416453 0.0862307 0.0131977 0.0198386 0.524116
2 0.224453 0.440973 0.0159513 0.0146816 0.523083
0 0.0550422 0.333609 0.0123288 0.0144599 0.52022
1 0.381907 0.0511017 0.0123457 0.0166458 0.512859
1 0.48674 0.081328 0.0117636 0.0193344 0.511653
0 0.272538 0.470158 0.0116532 0.0185599 0.505617
1 0.393231 0.0494944 0.0114615 0.0170091 0.503083
0 0.273068 0.49057 0.0115024 0.0176653 0.501716
