1 0.62114 0.694302 0.063167 0.0779405 0.893819
1 0.622798 0.769681 0.062538 0.0773226 0.887524
1 0.531529 0.7072 0.111274 0.0798142 0.882203
1 0.419623 0.722808 0.108527 0.0779432 0.868655
1 0.312434 0.80389 0.102816 0.0747591 0.859201
1 0.766728 0.658053 0.0279413 0.066569 0.858383
1 0.704192 0.676834 0.088577 0.0827596 0.857673
2 0.411403 0.0667234 0.0232105 0.019824 0.854321
2 0.411243 0.0884251 0.0231573 0.0195363 0.853185
2 0.387737 0.0697897 0.0229531 0.0194064 0.853089
2 0.387572 0.0907668 0.0228004 0.0192931 0.851876
1 0.310491 0.726892 0.104885 0.072569 0.849957
2 0.411531 0.0466818 0.0230644 0.0192752 0.848908
2 0.387554 0.111406 0.0227857 0.0198622 0.847736
1 0.533001 0.787336 0.111211 0.0834243 0.842171
1 0.767072 0.726386 0.0295712 0.0653828 0.84189
2 0.387975 0.049925 0.0226431 0.0190129 0.830119
2 0.411357 0.107936 0.023551 0.019142 0.81821
2 0.430489 0.0450313 0.0129256 0.0197954 0.804454
2 0.430479 0.0653233 0.0134886 0.0199724 0.803924
2 0.43063 0.085744 0.0138569 0.0199756 0.798976
1 0.420615 0.801479 0.110346 0.0850976 0.787511
2 0.449467 0.0431109 0.0259519 0.0199403 0.779879
2 0.469512 0.0420221 0.0124241 0.0200498 0.777992
2 0.364434 0.0937693 0.0215447 0.0187663 0.77016
2 0.364781 0.0743396 0.0213753 0.0183097 0.767337
2 0.231542 0.404242 0.0103013 0.0161197 0.73225
0 0.272285 0.469442 0.0122582 0.018413 0.725001
2 0.469506 0.0613814 0.0126503 0.0192274 0.722182
1 0.703617 0.752871 0.0909563 0.0914141 0.718082
2 0.336429 0.0799005 0.0131393 0.0192277 0.716294
2 0.449887 0.06402 0.0247365 0.0200771 0.713805
2 0.430803 0.105162 0.0140656 0.018468 0.703342
0 0.286385 0.468551 0.0150047 0.020287 0.702206
0 0.272982 0.487634 0.0118549 0.0187286 0.696464
2 0.231699 0.42285 0.0106018 0.0173072 0.680626
0 0.28663 0.487933 0.0149202 0.0191348 0.679779
2 0.364386 0.114255 0.0214263 0.0197934 0.677072
2 0.411304 0.126126 0.02349 0.0182595 0.669271
0 0.0304562 0.378172 0.0108521 0.0171281 0.661786
2 0.158659 0.417991 0.0101221 0.0150012 0.658928
2 0.387206 0.127978 0.0230165 0.0169695 0.657568
2 0.365816 0.0549216 0.0201704 0.0199853 0.657402
2 0.483602 0.0397329 0.0148688 0.0212376 0.640183
1 0.0186997 0.519323 0.00951478 0.0205314 0.63631
2 0.193403 0.394849 0.0131043 0.014713 0.624041
2 0.193531 0.378465 0.0127188 0.0165725 0.622246
2 0.158779 0.402006 0.00978615 0.0159981 0.621402
2 0.170683 0.400401 0.0137672 0.0170054 0.61654
2 0.170284 0.382979 0.0134232 0.0149414 0.609327
0 0.286214 0.44853 0.0149836 0.0194836 0.608374
2 0.449995 0.0842788 0.0237434 0.0188619 0.596949
1 0.220889 0.354312 0.0106154 0.0198013 0.59677
2 0.159655 0.466823 0.0106286 0.015542 0.594625
2 0.207917 0.393882 0.0148219 0.0177984 0.588282
2 0.231909 0.438893 0.00996776 0.0152214 0.579283
2 0.312818 0.0824825 0.0102856 0.0185667 0.578863
2 0.243071 0.49029 0.011172 0.0167852 0.577887
2 0.159214 0.450805 0.010333 0.0165651 0.577802
2 0.241638 0.420637 0.0110403 0.0173819 0.572993
2 0.182513 0.396784 0.00895247 0.0147563 0.570895
2 0.220915 0.373285 0.0103423 0.0163843 0.564506
0 0.387158 0.168304 0.0232846 0.0174222 0.563993
0 0.0303758 0.394838 0.0111283 0.0158087 0.563872
2 0.364269 0.11762 0.02144 0.0187089 0.55827
2 0.207916 0.375235 0.0149711 0.0173039 0.554055
2 0.241052 0.403371 0.0108645 0.0165761 0.552221
1 0.229821 0.802578 0.0661756 0.0695454 0.548864
2 0.221087 0.424745 0.0107245 0.0156837 0.545339
2 0.336092 0.120302 0.0133581 0.0190579 0.543743
2 0.221381 0.44129 0.0106337 0.0154336 0.533792
2 0.158964 0.351208 0.00899086 0.014817 0.532786
0 0.271888 0.450211 0.0122677 0.0195835 0.531119
0 0.029894 0.447122 0.011517 0.0165005 0.52799
1 0.0193552 0.462684 0.00969647 0.01415 0.522304
2 0.221031 0.406162 0.00967307 0.0169621 0.515129
1 0.484076 0.0613899 0.0143897 0.0183768 0.515097
2 0.18238 0.380546 0.00954762 0.0153821 0.51086
2 0.207528 0.426393 0.0136539 0.0151719 0.508144
0 0.270794 0.310495 0.0121835 0.0166993 0.502331
1 0.0190284 0.498477 0.00967454 0.0206941 0.502158
