1 0.622325 0.694766 0.0643435 0.0791726 0.903973
1 0.532842 0.706433 0.109895 0.0793509 0.886157
1 0.622952 0.770954 0.0629061 0.0788057 0.885136
1 0.766483 0.660311 0.0272511 0.0691331 0.881167
1 0.312805 0.802406 0.102614 0.0721012 0.881077
1 0.419876 0.803552 0.110831 0.0785534 0.879409
1 0.704007 0.67658 0.0894987 0.0819491 0.87728
1 0.766568 0.726454 0.029537 0.0646622 0.861377
1 0.226619 0.730588 0.0633335 0.0718357 0.860355
1 0.532253 0.792382 0.109385 0.0877512 0.853387
1 0.230316 0.798729 0.0667256 0.0687211 0.850987
1 0.703997 0.750187 0.0895334 0.0868726 0.840358
1 0.308429 0.728554 0.105263 0.0758722 0.815184
1 0.418093 0.723073 0.111735 0.0795969 0.798365
0 0.469163 0.0616178 0.0207428 0.0198093 0.782158
0 0.469359 0.08308 0.0202608 0.020633 0.750257
0 0.42671 0.296977 0.0251287 0.0222616 0.717298
0 0.364567 0.304307 0.0203829 0.0215391 0.715497
0 0.382778 0.345931 0.0146829 0.0215767 0.698086
0 0.46908 0.0424687 0.0202491 0.018607 0.697966
0 0.411071 0.0889561 0.0248899 0.0209956 0.696144
1 0.339385 0.538688 0.013198 0.0264579 0.692226
1 0.338792 0.514082 0.0132676 0.0229259 0.690309
0 0.407073 0.297978 0.0143502 0.0227029 0.688812
0 0.471066 0.124091 0.0194963 0.0196568 0.681868
2 0.231672 0.336013 0.0118529 0.0165411 0.672208
0 0.382484 0.301792 0.0155968 0.0223164 0.67051
1 0.0183621 0.464179 0.0116517 0.0161042 0.666002
2 0.239726 0.403701 0.0109785 0.015845 0.653044
2 0.193902 0.379033 0.0121153 0.0164464 0.652663
0 0.410891 0.0684336 0.0245441 0.0196987 0.646061
2 0.2324 0.353957 0.0119325 0.0177689 0.645786
2 0.240241 0.333887 0.0100236 0.0181118 0.644914
0 0.426522 0.319849 0.0240984 0.0237466 0.643783
2 0.206388 0.375767 0.0130918 0.0166452 0.640783
1 0.0179953 0.447719 0.0113254 0.0170375 0.639354
0 0.448118 0.340499 0.016131 0.0219239 0.638968
0 0.423199 0.34218 0.0184829 0.0214666 0.637192
0 0.365527 0.349888 0.0191757 0.0220292 0.636222
0 0.441298 0.062974 0.0341656 0.0198536 0.632713
1 0.322596 0.491597 0.0183122 0.0228612 0.629895
1 0.485534 0.0403255 0.0134327 0.0208112 0.627465
0 0.427493 0.341283 0.0245543 0.0218914 0.627033
1 0.338247 0.468447 0.0139371 0.0210188 0.624254
0 0.410932 0.109662 0.0246299 0.020682 0.621053
1 0.338242 0.490604 0.0135395 0.0237959 0.620478
2 0.22128 0.356771 0.011554 0.016995 0.617314
0 0.472862 0.383611 0.0185171 0.0215808 0.617136
0 0.44595 0.0842004 0.026576 0.0208075 0.616323
0 0.420083 0.364609 0.0146219 0.0240573 0.614495
2 0.170231 0.383262 0.0144985 0.0150119 0.610426
2 0.231379 0.314921 0.010896 0.0151462 0.60617
0 0.503337 0.141172 0.0136338 0.0195964 0.605373
2 0.240168 0.420421 0.0104216 0.0170007 0.605226
0 0.440948 0.0434606 0.0349746 0.0183699 0.604193
2 0.170511 0.4011 0.0145647 0.0169866 0.600252
2 0.158192 0.402337 0.00990448 0.0166788 0.599178
0 0.407691 0.342944 0.0136061 0.0217504 0.597825
1 0.497587 0.475461 0.0139935 0.0230939 0.59605
0 0.345624 0.331169 0.0186118 0.0213034 0.594797
2 0.23976 0.351619 0.0105866 0.0166316 0.594005
2 0.158332 0.419011 0.0100593 0.0148569 0.591439
0 0.440877 0.0848785 0.0348602 0.0212682 0.588333
1 0.017353 0.521971 0.0128653 0.0249727 0.587866
2 0.182505 0.398023 0.00950978 0.0162215 0.587513
2 0.230691 0.422651 0.0109941 0.0170172 0.585543
0 0.471924 0.163928 0.0202293 0.0205811 0.584741
0 0.416299 0.169288 0.016592 0.0183052 0.583896
2 0.221676 0.373269 0.01083 0.0147259 0.583584
2 0.230974 0.404688 0.01028 0.015404 0.583311
0 0.443771 0.362644 0.0172149 0.0245107 0.581873
2 0.240623 0.316121 0.0101715 0.016036 0.581358
2 0.193638 0.395643 0.0126769 0.0140366 0.580624
0 0.426206 0.276425 0.0245813 0.0206625 0.579213
0 0.471116 0.360971 0.0195898 0.0245473 0.576521
2 0.204963 0.358937 0.0114564 0.0153534 0.575456
1 0.467323 0.477794 0.018613 0.0216388 0.573955
1 0.452433 0.502885 0.0141781 0.0229603 0.573876
1 0.322194 0.469884 0.0184482 0.0196732 0.571923
1 0.0179289 0.498813 0.0121357 0.0218684 0.569312
0 0.46901 0.338546 0.0208023 0.0205065 0.569216
0 0.502307 0.121382 0.0142555 0.0199063 0.568284
0 0.438341 0.385329 0.0209444 0.0225593 0.563919
2 0.1948 0.447222 0.0131582 0.0153588 0.559565
0 0.408455 0.3658 0.0130144 0.0241088 0.554247
2 0.170272 0.417909 0.0135039 0.0146214 0.552839
0 0.029395 0.498442 0.0112325 0.0213155 0.538989
0 0.386521 0.0924734 0.0233646 0.02025 0.538454
0 0.471349 0.143455 0.0205135 0.0195391 0.537865
1 0.0296666 0.378113 0.0105248 0.0171213 0.536462
0 0.368221 0.394111 0.0171334 0.0225019 0.535902
1 0.185945 0.300409 0.0126483 0.0148037 0.535505
0 0.38693 0.0514653 0.0238148 0.0197688 0.534555
0 0.364708 0.327284 0.0208863 0.0228795 0.533198
1 0.497551 0.453725 0.012881 0.023296 0.530576
1 0.350683 0.538229 0.0136664 0.0265611 0.530248
0 0.504259 0.161598 0.0135201 0.020776 0.528618
2 0.182814 0.381484 0.00992359 0.0147741 0.528237
0 0.448309 0.294721 0.0175787 0.023284 0.528015
0 0.388018 0.171614 0.0220216 0.0187431 0.527983
0 0.383082 0.390435 0.0131145 0.0220675 0.526743
1 0.384539 0.485289 0.0120791 0.0236204 0.526547
0 0.0409691 0.378176 0.0119076 0.0144229 0.5265
2 0.194259 0.427758 0.0131696 0.0155761 0.522192
1 0.0178106 0.429473 0.0107813 0.0182018 0.518678
0 0.435979 0.363423 0.0217396 0.0245825 0.518451
1 0.486054 0.0619236 0.0123928 0.0205114 0.516399
0 0.364135 0.219144 0.020388 0.020015 0.514723
0 0.0295797 0.464054 0.0113729 0.0159586 0.514483
1 0.0204054 0.377164 0.00970019 0.0172976 0.51368
0 0.364088 0.2846 0.0210419 0.0195701 0.513091
2 0.205903 0.4273 0.0113411 0.0154413 0.510253
2 0.220511 0.337676 0.0112041 0.014957 0.509667
0 0.410743 0.0484636 0.02413 0.0204657 0.507319
0 0.393048 0.217308 0.0148831 0.0198832 0.506309
0 0.029231 0.447818 0.010986 0.0165246 0.503355
0 0.493203 0.312853 0.0117061 0.0222429 0.500187
