1 0.309323 0.730862 0.106401 0.0755119 0.914352
1 0.704625 0.677717 0.0923002 0.0841448 0.907321
1 0.31339 0.803909 0.10496 0.0717724 0.898687
1 0.619645 0.697963 0.0707993 0.0794976 0.893757
1 0.765429 0.663576 0.0241283 0.067467 0.890323
1 0.226317 0.730674 0.0660807 0.0736453 0.878661
1 0.412704 0.803049 0.0933779 0.0754206 0.878076
1 0.563341 0.709776 0.0341434 0.0790338 0.877041
1 0.414111 0.727455 0.098864 0.0743745 0.874401
1 0.624642 0.766181 0.0604178 0.0639224 0.849494
1 0.229936 0.79992 0.0668948 0.0676987 0.833036
1 0.704549 0.753234 0.0909805 0.0843832 0.83247
2 0.468768 0.0656903 0.0137842 0.0196322 0.826587
1 0.766907 0.730615 0.0272015 0.0668076 0.814771
2 0.468334 0.0446644 0.0134655 0.020902 0.803984
2 0.448946 0.0459208 0.0247686 0.0205486 0.790492
2 0.449342 0.0664119 0.0254751 0.0193064 0.783398
2 0.231236 0.355762 0.010505 0.0175208 0.780676
2 0.42996 0.0683126 0.0148998 0.0195452 0.774647
2 0.429534 0.0481355 0.0156951 0.0206179 0.770977
1 0.345287 0.541249 0.0233554 0.0280196 0.768988
2 0.482983 0.0436237 0.0165298 0.0219892 0.765089
2 0.231285 0.338115 0.010204 0.0146328 0.762481
2 0.342854 0.0826106 0.0225762 0.0188445 0.75947
0 0.408573 0.346175 0.0138841 0.0195721 0.756759
2 0.23159 0.289135 0.0101902 0.0168819 0.75509
2 0.483847 0.0652811 0.0161754 0.0208226 0.746593
2 0.342631 0.0620553 0.0215135 0.0195721 0.743765
0 0.45212 0.168824 0.0262543 0.0202834 0.739532
0 0.409067 0.390024 0.0141063 0.0214602 0.739354
0 0.408311 0.302881 0.0140829 0.0196557 0.722027
0 0.452448 0.209001 0.0265671 0.020645 0.720801
2 0.242178 0.337078 0.0130318 0.0152358 0.720162
0 0.322261 0.357597 0.0129291 0.0175047 0.716823
0 0.368489 0.137841 0.0140383 0.0202272 0.716095
0 0.485719 0.105495 0.0155743 0.0186266 0.712001
2 0.242856 0.352853 0.014395 0.0149179 0.705218
2 0.325521 0.0643291 0.0129117 0.0206283 0.705022
2 0.497926 0.0428754 0.0131477 0.0219224 0.7035
2 0.417019 0.069497 0.0125331 0.0196278 0.702138
0 0.396458 0.392182 0.0122712 0.0224576 0.701049
2 0.243233 0.405651 0.0146722 0.0166545 0.700276
0 0.412665 0.216245 0.0243263 0.018997 0.695003
0 0.383304 0.37147 0.01377 0.0210237 0.688395
0 0.384023 0.393815 0.0137316 0.0223362 0.687631
2 0.231082 0.373245 0.0106423 0.014948 0.684169
1 0.326528 0.541278 0.0130401 0.0272732 0.68279
2 0.231546 0.306567 0.0100515 0.0142734 0.681788
2 0.498598 0.0645405 0.0126865 0.021525 0.679597
0 0.363813 0.203096 0.0208227 0.0197042 0.679119
2 0.231442 0.425262 0.0115448 0.0155318 0.678737
0 0.436335 0.38779 0.015089 0.0209994 0.677142
2 0.231762 0.442435 0.0114722 0.0167344 0.675811
2 0.475169 0.252157 0.0184051 0.0198515 0.675204
0 0.364492 0.352292 0.0233811 0.0182477 0.669035
2 0.170561 0.40251 0.0144624 0.0150384 0.660126
0 0.383037 0.348492 0.0138571 0.0195941 0.652676
0 0.434071 0.343561 0.0133091 0.0195181 0.651591
0 0.386407 0.200561 0.0228489 0.0191206 0.650551
2 0.359596 0.0791877 0.0133182 0.0190019 0.646367
0 0.456809 0.386129 0.0246469 0.0213224 0.646076
2 0.218401 0.426616 0.0156831 0.0148071 0.645614
0 0.341607 0.205612 0.023495 0.0210752 0.645026
0 0.364307 0.30623 0.021884 0.0197334 0.642083
2 0.219823 0.291405 0.0134179 0.0161759 0.636611
2 0.218917 0.357622 0.0146897 0.0163412 0.635343
2 0.218705 0.374779 0.0147153 0.0150797 0.634342
0 0.368343 0.1587 0.014187 0.0207317 0.633143
2 0.242595 0.424036 0.0125633 0.0167515 0.629177
0 0.412347 0.172189 0.0226943 0.0202726 0.628987
0 0.388035 0.218197 0.024963 0.019903 0.627397
2 0.405024 0.0710058 0.0140017 0.0192359 0.625827
0 0.409707 0.43673 0.0138581 0.0221169 0.624978
2 0.171139 0.418462 0.0136667 0.0138644 0.624192
0 0.341665 0.224825 0.0228659 0.02125 0.623666
2 0.313435 0.0849036 0.0119243 0.0185762 0.619742
0 0.412443 0.200016 0.0236334 0.0187508 0.6189
0 0.395785 0.369712 0.0125212 0.0214872 0.616826
2 0.192649 0.38097 0.0140021 0.0148258 0.615927
2 0.260239 0.352063 0.0112114 0.0160315 0.615448
2 0.218235 0.443841 0.0168492 0.0172245 0.615287
1 0.368477 0.513225 0.0237972 0.0231947 0.613379
0 0.36368 0.222351 0.0212261 0.020013 0.611516
0 0.458244 0.362529 0.024799 0.026032 0.611486
0 0.365529 0.394419 0.024255 0.0211751 0.610642
1 0.344799 0.515241 0.0226748 0.0224962 0.609145
0 0.386093 0.466237 0.0140446 0.0205957 0.605216
2 0.403937 0.0508883 0.0162838 0.0209065 0.602984
0 0.437052 0.434717 0.0156794 0.0222129 0.602215
2 0.417663 0.0494941 0.0134653 0.0205157 0.600047
1 0.367567 0.539457 0.0215231 0.0275461 0.599817
1 0.259255 0.301079 0.0106712 0.015853 0.593107
2 0.242289 0.440409 0.0108859 0.0150978 0.592456
0 0.431206 0.169517 0.0156941 0.0190923 0.58644
0 0.455342 0.409204 0.022262 0.025044 0.585941
0 0.386522 0.488039 0.0132941 0.0230522 0.58569
0 0.335047 0.355962 0.0131006 0.019074 0.581942
0 0.388049 0.175854 0.0248933 0.0197996 0.579096
1 0.342217 0.122896 0.0234378 0.019383 0.576842
1 0.312307 0.126154 0.0115475 0.0197841 0.57388
0 0.322304 0.376327 0.0130037 0.0184731 0.571454
2 0.260248 0.383934 0.010651 0.0175739 0.570845
2 0.382483 0.0739669 0.0127169 0.0184192 0.568139
2 0.193061 0.397064 0.013875 0.0150188 0.567872
2 0.183335 0.39978 0.010528 0.0173233 0.563923
0 0.534255 0.622339 0.0305078 0.0553509 0.562326
0 0.385053 0.438932 0.0135723 0.0220398 0.561879
1 0.463261 0.481509 0.0195354 0.0243521 0.561538
0 0.323311 0.207132 0.0131361 0.0226144 0.559184
2 0.313521 0.0654875 0.0123089 0.0202961 0.559173
0 0.407497 0.241126 0.0125114 0.0190652 0.55824
2 0.260123 0.386663 0.0112778 0.01632 0.554669
2 0.183021 0.382559 0.0102844 0.0144789 0.553958
0 0.346649 0.354262 0.0117346 0.019048 0.553414
2 0.231467 0.405649 0.0110813 0.0159332 0.552431
2 0.260704 0.403295 0.010822 0.0166499 0.552049
2 0.188612 0.433957 0.0141276 0.0142529 0.550157
0 0.539947 0.511996 0.0362033 0.0588099 0.548604
2 0.204972 0.378148 0.0103785 0.0168955 0.54651
0 0.323188 0.227331 0.013561 0.0204668 0.545146
2 0.425997 0.506851 0.0135581 0.0218882 0.544201
1 0.930489 0.737329 0.0118393 0.0425979 0.543117
2 0.490081 0.229193 0.010951 0.0224034 0.542344
2 0.219444 0.307499 0.0137972 0.0131771 0.541378
2 0.182435 0.334642 0.0100608 0.0151188 0.541329
1 0.271197 0.315348 0.0120319 0.015156 0.541159
2 0.218978 0.336709 0.013863 0.0138928 0.540521
0 0.474443 0.207321 0.0180502 0.0216777 0.532825
0 0.381367 0.218524 0.0130924 0.0178693 0.532786
0 0.341876 0.142032 0.0215618 0.018716 0.52776
1 0.442931 0.483498 0.0200629 0.0237611 0.526594
0 0.409151 0.414304 0.0137435 0.0230642 0.52621
0 0.488563 0.166546 0.0130593 0.0214603 0.526207
1 0.412681 0.529898 0.0129921 0.0209351 0.518419
0 0.358349 0.14023 0.0118139 0.0183123 0.517126
0 0.432712 0.299438 0.0127954 0.0192399 0.516922
2 0.381243 0.262099 0.0130737 0.0196686 0.515287
0 0.397761 0.439535 0.0119243 0.023377 0.515115
2 0.41693 0.0897494 0.012233 0.0197292 0.514818
2 0.191295 0.31478 0.0121907 0.0146984 0.514619
0 0.341725 0.162921 0.0239165 0.0217527 0.510866
0 0.384508 0.417252 0.0140754 0.0229662 0.510303
0 0.39479 0.309215 0.0133741 0.0171413 0.509692
2 0.217798 0.392974 0.0148006 0.0145793 0.5094
0 0.410571 0.219186 0.0192829 0.0191346 0.506966
0 0.4527 0.435108 0.0171678 0.0240569 0.50641
1 0.943588 0.72706 0.0092045 0.0376315 0.506049
2 0.490505 0.251221 0.010555 0.0204372 0.503962
0 0.343141 0.308511 0.0172967 0.0167536 0.503561
0 0.53697 0.567778 0.0362702 0.0592201 0.503126
0 0.430797 0.149651 0.0157614 0.0204372 0.501188
2 0.260222 0.334348 0.0108643 0.0173458 0.500337
