1 0.308836 0.731913 0.105129 0.0738102 0.90769
1 0.623197 0.698037 0.0666416 0.0774396 0.897391
1 0.532099 0.712477 0.113987 0.0820587 0.893703
1 0.533634 0.790161 0.112066 0.0843336 0.887311
1 0.418363 0.726988 0.112954 0.0796662 0.886653
1 0.624139 0.772598 0.0656071 0.0794821 0.885273
1 0.693674 0.680764 0.0680861 0.0799255 0.878917
1 0.226457 0.729946 0.0624295 0.0704195 0.877281
2 0.4128 0.110863 0.0227201 0.0200851 0.871434
1 0.765804 0.663863 0.0242228 0.0715554 0.870848
2 0.41278 0.0902863 0.0223389 0.0194624 0.868359
2 0.388619 0.113789 0.0236534 0.0198935 0.865658
2 0.388605 0.134283 0.0239747 0.019985 0.865634
2 0.413076 0.131653 0.0234196 0.0201033 0.865407
2 0.388895 0.09245 0.0236244 0.0190748 0.861225
2 0.412761 0.0697006 0.0228293 0.0186108 0.859879
2 0.389048 0.0728824 0.0234734 0.0183421 0.858661
2 0.431482 0.0881512 0.0124975 0.0197073 0.854685
1 0.231763 0.795134 0.0603877 0.0623446 0.851347
2 0.431497 0.0677031 0.0125698 0.0197229 0.848228
2 0.412961 0.0493981 0.0222013 0.0197002 0.8475
2 0.450594 0.0666549 0.0243993 0.019541 0.847434
1 0.696243 0.755073 0.0721488 0.0851994 0.847158
2 0.431505 0.108667 0.0124697 0.0204456 0.846265
1 0.313257 0.805302 0.106754 0.0785091 0.843868
2 0.364866 0.117401 0.0229867 0.0194344 0.8428
2 0.450278 0.0454077 0.0240911 0.0196529 0.837957
1 0.420925 0.80441 0.113094 0.0780602 0.835026
2 0.431444 0.0473071 0.0126033 0.0198518 0.834777
2 0.450631 0.0870309 0.0245178 0.0193932 0.833953
0 0.364639 0.178274 0.0230836 0.020261 0.832961
1 0.484991 0.0639464 0.0158905 0.0214992 0.830341
1 0.765452 0.732006 0.0253534 0.0677503 0.830016
2 0.4699 0.0647401 0.0133983 0.020307 0.82667
2 0.364649 0.137254 0.0232055 0.0191713 0.824886
2 0.450668 0.107619 0.024778 0.0207962 0.820812
2 0.469832 0.0441662 0.0132014 0.0202016 0.818167
2 0.365283 0.0983726 0.0226376 0.0204055 0.815399
1 0.489379 0.206786 0.0162207 0.0214072 0.813982
1 0.48973 0.229054 0.0159585 0.0229812 0.808869
1 0.739223 0.670251 0.023634 0.0702388 0.805231
2 0.431751 0.12891 0.0124616 0.0200282 0.804778
1 0.485524 0.0843942 0.0156317 0.0196507 0.802943
1 0.488953 0.185419 0.0162575 0.0221816 0.80163
1 0.488435 0.164513 0.0159015 0.021189 0.79969
2 0.389288 0.0523605 0.0231219 0.0208486 0.797113
2 0.474047 0.25226 0.0157145 0.0200913 0.795234
2 0.365152 0.0781871 0.0228927 0.0202085 0.789338
2 0.470218 0.0847766 0.0134468 0.0200535 0.788541
2 0.389836 0.260203 0.0233398 0.0207825 0.786271
1 0.473583 0.229347 0.0158102 0.0226896 0.785607
1 0.486924 0.124618 0.0164726 0.0201144 0.782096
2 0.33692 0.0821595 0.012619 0.0194008 0.775673
1 0.484936 0.0432581 0.0151939 0.021117 0.774017
2 0.414117 0.257631 0.0250208 0.0200468 0.773002
2 0.232041 0.355884 0.0102077 0.0177178 0.766819
2 0.474094 0.274281 0.0154924 0.0214968 0.760078
2 0.470596 0.105345 0.0136222 0.0203849 0.74296
2 0.457711 0.253252 0.0162262 0.0200267 0.739033
0 0.384846 0.416709 0.0126696 0.0221619 0.724403
1 0.388937 0.217477 0.0234929 0.0200476 0.720833
0 0.437141 0.433746 0.0131491 0.021415 0.717548
1 0.365172 0.22172 0.0231706 0.0195611 0.716802
2 0.231996 0.338337 0.00998354 0.016012 0.716588
0 0.397914 0.415716 0.0141265 0.0220581 0.714591
2 0.335795 0.123395 0.011825 0.0196551 0.709332
1 0.486357 0.104843 0.0157356 0.02116 0.707043
0 0.364565 0.157142 0.0232109 0.0204047 0.70662
0 0.452924 0.167349 0.0229363 0.0206312 0.706531
2 0.313026 0.124816 0.0112735 0.0201132 0.699861
2 0.434744 0.255474 0.0153198 0.0202939 0.693432
1 0.41387 0.213854 0.0255398 0.0190379 0.686793
2 0.247858 0.492051 0.0190087 0.0157374 0.686197
1 0.739218 0.740217 0.0248186 0.0733769 0.684622
0 0.436466 0.387131 0.0127766 0.0201405 0.681599
2 0.326148 0.0639871 0.0127746 0.0199192 0.676809
1 0.258999 0.299779 0.0107434 0.0161186 0.674551
0 0.435915 0.346247 0.0132812 0.0194065 0.673217
2 0.345187 0.142098 0.0143988 0.0181561 0.667147
0 0.410661 0.347368 0.0140397 0.0195143 0.666209
0 0.466769 0.409031 0.0159069 0.0246912 0.658921
0 0.471076 0.384944 0.0217082 0.021261 0.656005
0 0.472392 0.165524 0.0153177 0.0202465 0.647995
2 0.459474 0.275066 0.013499 0.0211337 0.647925
0 0.467214 0.433023 0.0154005 0.0227692 0.646833
1 0.487813 0.143795 0.015143 0.0203611 0.643775
2 0.451318 0.126782 0.024996 0.0198129 0.64168
2 0.248085 0.509346 0.0188935 0.0180628 0.638013
2 0.388762 0.153401 0.0243877 0.0205768 0.637451
0 0.411241 0.389693 0.0137825 0.0204679 0.632112
1 0.468291 0.479404 0.0157831 0.0228573 0.632
0 0.482321 0.432647 0.015534 0.023276 0.631785
2 0.346842 0.121526 0.0120135 0.0202577 0.6316
2 0.232382 0.373117 0.0100073 0.0163904 0.630546
1 0.420527 0.529437 0.0232689 0.021452 0.624989
0 0.450851 0.386038 0.0159512 0.020422 0.621823
0 0.384442 0.394339 0.0125335 0.0213461 0.62141
1 0.506806 0.228766 0.0140264 0.0218565 0.62084
1 0.506488 0.206677 0.0142217 0.0215507 0.619824
2 0.221083 0.42819 0.0126648 0.0167776 0.619769
1 0.365313 0.242481 0.0236224 0.0201272 0.618413
2 0.221561 0.37484 0.0105869 0.0151952 0.613914
2 0.232667 0.511155 0.0117627 0.0170671 0.612165
0 0.397267 0.393357 0.0138031 0.0210789 0.604292
2 0.271082 0.400895 0.0111427 0.0184359 0.601413
0 0.344865 0.181873 0.0153396 0.0198402 0.600183
2 0.232981 0.493409 0.0111916 0.0155127 0.597631
0 0.388756 0.17566 0.0243653 0.0206533 0.596636
0 0.385341 0.439675 0.012854 0.0216195 0.595703
1 0.365028 0.200282 0.0229053 0.0214985 0.595091
2 0.365519 0.263757 0.0238066 0.0207225 0.594396
1 0.345521 0.202897 0.0151204 0.0213395 0.593023
1 0.473146 0.206786 0.0155704 0.019853 0.592809
2 0.220411 0.444686 0.0134998 0.0159465 0.586135
0 0.450603 0.409188 0.0153276 0.0244979 0.585982
2 0.221439 0.358426 0.0104213 0.0162342 0.584096
0 0.385978 0.465163 0.0133427 0.0199291 0.583187
2 0.271172 0.471558 0.0124063 0.017417 0.582895
2 0.267744 0.488831 0.019152 0.0179895 0.581995
0 0.490636 0.317749 0.0154741 0.0218094 0.580369
0 0.413341 0.171517 0.0246979 0.0198384 0.580129
2 0.50611 0.250022 0.0133481 0.0201161 0.57947
0 0.490184 0.295294 0.0151381 0.021018 0.573805
1 0.505658 0.185275 0.0141246 0.0213337 0.572773
0 0.457357 0.345208 0.0138855 0.020304 0.572602
2 0.205462 0.447096 0.0113906 0.0157747 0.571685
0 0.492773 0.362581 0.0163636 0.0222162 0.570941
0 0.491501 0.340677 0.0161185 0.0212005 0.56731
1 0.440101 0.52776 0.014626 0.0221925 0.566056
0 0.384452 0.371813 0.0124642 0.0214709 0.562033
1 0.389449 0.240763 0.0236093 0.0187098 0.557809
0 0.47276 0.186431 0.0157328 0.0203947 0.554971
0 0.346693 0.311207 0.0138936 0.0207223 0.550518
1 0.323895 0.20552 0.0121284 0.0220364 0.550015
1 0.504453 0.163381 0.0135236 0.0215725 0.549614
0 0.43253 0.168747 0.0134749 0.0194217 0.547712
1 0.483662 0.479542 0.0151253 0.0237437 0.546549
2 0.262766 0.472736 0.0127547 0.0181935 0.544143
0 0.370985 0.373314 0.0146025 0.0214357 0.543472
0 0.479411 0.409205 0.0177055 0.024731 0.533775
0 0.494747 0.385931 0.0155519 0.0244848 0.530219
0 0.284296 0.331266 0.0151492 0.0164422 0.529154
2 0.233283 0.406524 0.011321 0.0182933 0.523404
0 0.459331 0.297221 0.0137392 0.0210357 0.521981
2 0.348192 0.0618374 0.0127513 0.0199733 0.520637
2 0.27068 0.382999 0.0114256 0.0181916 0.517156
0 0.335118 0.378623 0.0121629 0.0188177 0.516718
2 0.313825 0.0839508 0.0116877 0.0192458 0.516245
2 0.194513 0.466319 0.00868949 0.0148749 0.512755
2 0.247718 0.474261 0.0186263 0.0185953 0.512289
2 0.205654 0.4645 0.0100213 0.0154446 0.512008
1 0.244193 0.423208 0.0139284 0.0180582 0.512007
1 0.389078 0.196154 0.0241624 0.0208621 0.509331
0 0.412574 0.414536 0.0153019 0.0215489 0.508567
0 0.473405 0.318612 0.0163499 0.0205027 0.507389
0 0.434431 0.299444 0.0141363 0.0209892 0.502068
