0 0.477758 0.110417 0.0180677 0.0331226 0.867431
0 0.480641 0.283044 0.0212282 0.0333612 0.860841
0 0.518807 0.0389201 0.0228266 0.0320097 0.856976
0 0.476383 0.0423827 0.0178082 0.0314365 0.854191
0 0.54394 0.0370055 0.0247156 0.0323399 0.852887
0 0.496619 0.0408623 0.0186056 0.0318672 0.850949
0 0.480033 0.248822 0.0199974 0.0336658 0.848971
0 0.206768 0.234101 0.0201662 0.0303235 0.847407
0 0.478936 0.180612 0.0188036 0.0338487 0.84683
0 0.479518 0.214912 0.0193566 0.0324385 0.839105
0 0.47849 0.145338 0.0185772 0.0329363 0.837663
0 0.497568 0.109098 0.0187241 0.0328584 0.830109
0 0.477288 0.0763467 0.0178647 0.0326257 0.829491
0 0.206994 0.265231 0.0203139 0.0301049 0.829268
0 0.391784 0.254698 0.0242914 0.0338493 0.828465
0 0.456462 0.0438214 0.0194029 0.0317023 0.82764
0 0.885504 0.270933 0.0427322 0.0395504 0.825873
0 0.544741 0.0707685 0.0242163 0.0316022 0.822745
0 0.497048 0.07474 0.0186314 0.0322252 0.821791
0 0.884867 0.237418 0.0434063 0.034658 0.821772
0 0.389941 0.0176217 0.0250706 0.0322537 0.821166
2 0.547275 0.321357 0.0268274 0.0384734 0.820778
0 0.456206 0.0136278 0.0199862 0.0272556 0.820172
0 0.391271 0.220808 0.0240753 0.0336901 0.820121
0 0.390782 0.0837392 0.0244376 0.0338503 0.818284
0 0.519296 0.0730009 0.0226663 0.0318039 0.817367
0 0.415273 0.116255 0.0215711 0.0338016 0.816777
0 0.457691 0.111963 0.0185877 0.032905 0.816601
0 0.206653 0.203001 0.0193849 0.03161 0.816129
0 0.414824 0.0463889 0.022324 0.0332392 0.814711
0 0.548208 0.245611 0.028743 0.034775 0.813951
0 0.414245 0.0150247 0.0230643 0.0300495 0.813204
1 0.371527 0.330469 0.0190033 0.0412749 0.811993
0 0.227543 0.264135 0.0185611 0.0285027 0.806831
0 0.390468 0.0501775 0.0250308 0.0330292 0.805628
0 0.545639 0.105281 0.0236654 0.0348159 0.804948
0 0.20725 0.295426 0.0203818 0.0303603 0.804468
0 0.367007 0.0195975 0.0199107 0.0358241 0.803465
0 0.415473 0.218404 0.0222902 0.0331247 0.801949
0 0.436304 0.0447325 0.0191381 0.0323241 0.801387
0 0.547466 0.176416 0.0262867 0.0331014 0.801289
0 0.414677 0.150268 0.0225875 0.0332216 0.800783
0 0.548107 0.211185 0.02804 0.0347228 0.79964
0 0.547901 0.281276 0.028669 0.0358192 0.799598
0 0.519855 0.107214 0.022912 0.033594 0.79858
0 0.390131 0.118558 0.022983 0.0349927 0.796926
0 0.457088 0.0777496 0.0183878 0.0326716 0.796589
0 0.436171 0.0143722 0.0190863 0.0287444 0.796293
0 0.498266 0.143735 0.0186045 0.0325537 0.796269
0 0.518551 0.0111005 0.0228004 0.022201 0.794834
0 0.367956 0.0871117 0.0182588 0.0329326 0.793224
0 0.578736 0.175346 0.0302019 0.0344197 0.792573
0 0.843518 0.205781 0.0339756 0.0339726 0.792071
0 0.221643 0.175303 0.0116931 0.0301507 0.791188
0 0.414956 0.184609 0.0225748 0.0344991 0.790721
0 0.546476 0.141247 0.0244398 0.0339987 0.790005
0 0.369003 0.189595 0.0176644 0.0348629 0.787992
0 0.436595 0.0791467 0.0187536 0.033281 0.787984
0 0.841847 0.174123 0.0341698 0.0349881 0.787561
0 0.369273 0.223708 0.0180358 0.0352167 0.786243
0 0.577174 0.105156 0.0291765 0.0355886 0.785374
2 0.370635 0.292034 0.0198937 0.0353178 0.784183
2 0.392283 0.289669 0.0232614 0.0353845 0.784002
0 0.390666 0.18779 0.0233419 0.0335985 0.782682
2 0.886025 0.311536 0.0418251 0.0456655 0.782461
0 0.458392 0.14693 0.0184139 0.033419 0.782027
0 0.437447 0.113455 0.0182061 0.032409 0.781928
0 0.415418 0.0815325 0.0212184 0.0337941 0.781658
0 0.845089 0.237072 0.0337238 0.0336394 0.781482
0 0.580001 0.246575 0.0323656 0.0377063 0.781251
0 0.498868 0.178566 0.0184735 0.0336716 0.78035
0 0.350266 0.260135 0.0193018 0.0316383 0.780181
0 0.367402 0.0538541 0.0195389 0.0338672 0.779943
0 0.520339 0.142686 0.0227081 0.0325595 0.778804
0 0.330803 0.262091 0.0183824 0.0281215 0.777166
0 0.369742 0.25744 0.0184683 0.0336503 0.775698
0 0.579395 0.210156 0.0307745 0.0356469 0.775253
0 0.229924 0.292458 0.0153251 0.0284314 0.774476
2 0.351653 0.331669 0.0192146 0.0384025 0.773635
0 0.390195 0.153356 0.0228783 0.033025 0.771894
0 0.578404 0.141109 0.0296936 0.0339515 0.771859
0 0.49623 0.0119206 0.0189001 0.0238411 0.770182
0 0.22315 0.205009 0.0133073 0.0310744 0.769283
2 0.481533 0.322446 0.0210045 0.0381944 0.767632
0 0.368846 0.154699 0.0174686 0.0346592 0.766993
0 0.368486 0.121064 0.0179726 0.0331831 0.764909
0 0.476115 0.0128605 0.0178177 0.0257209 0.763763
0 0.221061 0.117005 0.0111126 0.0299538 0.760854
0 0.575962 0.0696521 0.0300602 0.0335214 0.758607
0 0.916418 0.0221011 0.0292667 0.0318323 0.758038
0 0.182619 0.173601 0.0179123 0.0312097 0.757386
0 0.227134 0.23528 0.017725 0.0290562 0.754851
0 0.918652 0.0846967 0.029129 0.0320396 0.753564
2 0.134414 0.247646 0.0272772 0.0318396 0.749584
0 0.437743 0.147993 0.0181664 0.0331261 0.748888
0 0.183377 0.204231 0.0187805 0.0315164 0.748784
0 0.520965 0.17724 0.0220515 0.0328261 0.748368
0 0.867969 0.0164184 0.0264591 0.0296959 0.748285
0 0.543857 0.0107657 0.0240961 0.0215313 0.746975
0 0.329472 0.0933817 0.0185201 0.0299131 0.745188
2 0.578288 0.320679 0.0305681 0.0376787 0.741583
0 0.135445 0.217581 0.0265385 0.0314932 0.740825
0 0.234269 0.121711 0.0153692 0.0317864 0.736903
0 0.206518 0.172854 0.0182286 0.0304297 0.732673
0 0.458773 0.182614 0.0186621 0.0334288 0.72907
0 0.917138 0.0539059 0.0294683 0.0333591 0.728534
0 0.840595 0.0819483 0.0315557 0.0355831 0.728241
0 0.919487 0.115217 0.029332 0.0323549 0.72772
0 0.331716 0.295206 0.0176734 0.0336354 0.727303
0 0.574982 0.0359538 0.0306005 0.0319318 0.725539
0 0.243766 0.289687 0.0132716 0.027775 0.725325
0 0.241723 0.235957 0.0114306 0.0280319 0.722356
0 0.184644 0.0517181 0.0194068 0.0294291 0.719845
0 0.499443 0.213391 0.0189499 0.0328765 0.718807
0 0.964935 0.245927 0.0251934 0.030857 0.718722
2 0.350713 0.294135 0.0189405 0.0347872 0.718068
0 0.869102 0.0457207 0.0260292 0.0324318 0.716856
0 0.512552 0.282021 0.0404129 0.0335746 0.716137
0 0.840673 0.144005 0.0335573 0.0342052 0.715451
0 0.348583 0.0896757 0.0186432 0.0327429 0.714127
0 0.840421 0.112543 0.0322449 0.0348556 0.711326
0 0.234127 0.149883 0.0146582 0.0311542 0.710786
0 0.0331393 0.133877 0.0155177 0.0238861 0.710779
0 0.242932 0.263125 0.0125654 0.0258544 0.710332
0 0.0318938 0.180149 0.0135293 0.023914 0.709009
0 0.892114 0.0471812 0.0205067 0.0317568 0.7086
0 0.221594 0.146511 0.011408 0.0316413 0.703474
0 0.521606 0.211892 0.0213841 0.0340737 0.703346
0 0.870517 0.0766047 0.0245518 0.0329192 0.697961
0 0.891297 0.0170893 0.0204149 0.0315082 0.696108
0 0.9646 0.273771 0.0242075 0.0271432 0.691285
1 0.723594 0.872502 0.0353302 0.254997 0.690728
0 0.922762 0.209301 0.031813 0.0345102 0.689725
2 0.513069 0.321697 0.0394594 0.0386319 0.689653
0 0.0483551 0.135929 0.0151694 0.0237856 0.689584
2 0.415861 0.253036 0.0222851 0.0345693 0.689513
0 0.234588 0.0916418 0.0161844 0.0310468 0.686834
0 0.349644 0.226559 0.0195518 0.0340891 0.682237
0 0.845743 0.269445 0.0345356 0.0364593 0.680656
0 0.893129 0.079153 0.0206131 0.0335245 0.680423
0 0.813591 0.182254 0.0226927 0.033596 0.679192
0 0.137836 0.156087 0.0221129 0.0321136 0.67533
0 0.884429 0.204964 0.0425957 0.0339218 0.674938
0 0.500107 0.247431 0.01863 0.033872 0.674229
0 0.0341061 0.111003 0.0155031 0.0238013 0.671092
0 0.348793 0.154297 0.0189413 0.0397207 0.668858
0 0.437979 0.18283 0.0181664 0.0333294 0.667459
0 0.233261 0.177981 0.0128696 0.0300301 0.665886
0 0.438417 0.217429 0.0190023 0.0336461 0.665495
2 0.257431 0.262831 0.0103545 0.0245831 0.665263
0 0.0323803 0.1573 0.0148673 0.0232006 0.663916
0 0.184514 0.0204517 0.0195862 0.032073 0.662739
0 0.23475 0.0643748 0.0163218 0.0248823 0.660684
0 0.0345469 0.0886996 0.0148029 0.0218722 0.658011
0 0.83977 0.0499637 0.031641 0.0351301 0.658005
2 0.046818 0.361607 0.0142278 0.0237132 0.657828
0 0.0317393 0.203033 0.0124083 0.0225151 0.656912
0 0.338458 0.0218967 0.0365206 0.0390462 0.656021
0 0.184657 0.298486 0.0189898 0.0317933 0.655586
0 0.89391 0.109773 0.0192314 0.031604 0.652452
0 0.448907 0.285092 0.0404501 0.0334196 0.65095
0 0.234742 0.0387032 0.016978 0.0301088 0.650728
0 0.135973 0.188101 0.0253522 0.0316822 0.650342
0 0.838853 0.0183382 0.0323887 0.033235 0.64941
0 0.048728 0.113001 0.0143099 0.0241884 0.648913
0 0.922877 0.24021 0.0309988 0.0322566 0.645948
2 0.991974 0.0480159 0.0145445 0.0308109 0.639497
0 0.964807 0.216535 0.0255733 0.0327118 0.63884
0 0.459388 0.21641 0.019046 0.0331443 0.638346
2 0.232795 0.352043 0.0103998 0.034796 0.63554
0 0.871646 0.107913 0.0237335 0.032362 0.635134
2 0.258298 0.288575 0.00993891 0.0273793 0.634758
0 0.985153 0.250662 0.0158388 0.0314528 0.633842
2 0.258333 0.31605 0.00989208 0.0276331 0.631816
0 0.0474401 0.158769 0.0167842 0.0227084 0.630022
0 0.984627 0.22119 0.0143673 0.0311831 0.627012
0 0.938973 0.0297266 0.0160759 0.0336238 0.626201
2 0.134375 0.278073 0.0277208 0.0315296 0.62619
0 0.349316 0.192776 0.0194289 0.0366624 0.622622
0 0.448471 0.251045 0.0385821 0.0333457 0.619087
0 0.221057 0.0880675 0.0106622 0.0304642 0.61887
0 0.922875 0.177635 0.0299328 0.032788 0.617727
0 0.267741 0.186095 0.0114927 0.0266856 0.614014
0 0.522204 0.247154 0.0210457 0.0337866 0.611912
0 0.883533 0.172302 0.0431582 0.0342366 0.611679
0 0.0352987 0.0435186 0.0138166 0.0242769 0.610614
0 0.984892 0.161599 0.013797 0.0324498 0.610568
0 0.0465692 0.181005 0.0176406 0.0230217 0.60992
0 0.919374 0.145984 0.0283119 0.032219 0.608799
0 0.504809 0.247434 0.0275114 0.033843 0.606968
0 0.579561 0.282798 0.0321613 0.0353294 0.606553
2 0.33299 0.333474 0.0171173 0.0367679 0.602304
0 0.0060132 0.131041 0.0120264 0.0263459 0.600628
0 0.184268 0.267227 0.0186587 0.0299296 0.599485
0 0.347959 0.0575478 0.0188424 0.0341253 0.59569
2 0.2424 0.34909 0.010939 0.0331846 0.594714
0 0.0484425 0.0904109 0.0137 0.0226905 0.592292
0 0.276957 0.261343 0.0126523 0.0231276 0.591233
0 0.0474519 0.0488795 0.0135163 0.0246034 0.590034
0 0.278457 0.285373 0.0120533 0.0241052 0.589776
0 0.816173 0.209966 0.0212547 0.0330663 0.587082
0 0.006847 0.178581 0.0134146 0.0258607 0.586979
2 0.253909 0.155791 0.0156788 0.0291239 0.582554
0 0.00608593 0.154338 0.0121683 0.0232601 0.581096
0 0.894882 0.141251 0.0185883 0.0315847 0.576488
1 0.846292 0.305515 0.0339832 0.040514 0.57496
0 0.333805 0.0214827 0.0271641 0.0429653 0.574835
0 0.137909 0.125583 0.0213354 0.0319649 0.574485
2 0.415972 0.287554 0.021961 0.0344599 0.574121
0 0.221454 0.0594611 0.0105249 0.0300332 0.573394
0 0.943456 0.181465 0.0155376 0.0332563 0.572931
2 0.046417 0.339337 0.0148779 0.0222386 0.572695
2 0.267309 0.31336 0.00935343 0.0244354 0.568109
2 0.450514 0.324668 0.039303 0.0378643 0.567739
0 0.330296 0.227602 0.0179197 0.0330943 0.567621
0 0.0193046 0.13202 0.0130958 0.0249887 0.564754
0 0.221474 0.0326554 0.0112071 0.0289631 0.561045
0 0.0206596 0.0860869 0.0139116 0.0229128 0.560042
0 0.872799 0.140384 0.0233345 0.0314783 0.559676
0 0.808595 0.152286 0.0313242 0.0329172 0.559533
2 0.23234 0.320826 0.0116132 0.0307225 0.557553
0 0.292154 0.261665 0.0149761 0.0226108 0.554249
0 0.964656 0.295374 0.0236679 0.0235052 0.55421
0 0.438949 0.251414 0.0199021 0.0331853 0.553467
0 0.241001 0.20772 0.0110011 0.0288574 0.553367
0 0.23253 0.206608 0.0108457 0.0298626 0.552871
2 0.993422 0.0768783 0.0126442 0.0302067 0.550686
0 0.811372 0.210314 0.0302427 0.0327425 0.549731
0 0.20677 0.0241936 0.019128 0.0311575 0.546235
0 0.459875 0.250554 0.0190195 0.0325505 0.546099
0 0.0199435 0.0401548 0.0180189 0.0243894 0.545881
0 0.984935 0.191646 0.0137505 0.0298365 0.543948
0 0.00631742 0.29931 0.0126348 0.0269109 0.541871
0 0.0195592 0.179197 0.0113165 0.0249704 0.539788
0 0.0344349 0.0659366 0.0138253 0.0238175 0.539234
2 0.206789 0.326503 0.0196059 0.0322137 0.538376
0 0.139953 0.03878 0.0234516 0.030177 0.53773
0 0.330018 0.193955 0.0177625 0.0323919 0.535761
0 0.329077 0.0591897 0.0179254 0.0344387 0.535577
2 0.990987 0.0186644 0.0159634 0.0312902 0.535059
0 0.00519899 0.0604892 0.0103822 0.02419 0.533677
0 0.2917 0.238094 0.0148485 0.0241096 0.533583
0 0.966776 0.064739 0.0166378 0.0335081 0.53188
0 0.00747617 0.202617 0.0147137 0.023089 0.53127
0 0.276047 0.237327 0.0138155 0.024899 0.529966
2 0.256178 0.236468 0.0117491 0.0271704 0.526431
0 0.0360521 0.022716 0.0140295 0.0242888 0.525798
2 0.18497 0.330156 0.0201605 0.0311725 0.525454
0 0.0205055 0.249318 0.0105131 0.0237873 0.525081
0 0.9677 0.0950401 0.0179996 0.0368131 0.523189
0 0.313344 0.260787 0.0105965 0.0246904 0.522328
0 0.290029 0.260006 0.0120715 0.0234895 0.522176
0 0.941929 0.119194 0.0159439 0.0328153 0.520894
2 0.243707 0.317979 0.0128816 0.0294502 0.520886
0 0.942408 0.149893 0.016267 0.032864 0.520756
2 0.0339789 0.342739 0.010737 0.0245319 0.520028
0 0.00740306 0.250494 0.0147737 0.0244874 0.515
0 0.00517307 0.0376636 0.0103175 0.0239246 0.51478
2 0.136704 0.336924 0.0269638 0.027744 0.512388
0 0.00556883 0.084265 0.0111377 0.0239368 0.508993
0 0.995791 0.16282 0.00841808 0.0316103 0.508702
0 0.964745 0.184162 0.0271385 0.0307876 0.505279
0 0.236888 0.0412378 0.0158705 0.0360372 0.504374
0 0.04727 0.0267437 0.0134919 0.024834 0.50411
0 0.26832 0.160569 0.0121164 0.0278002 0.502817
0 0.940682 0.0886439 0.0149021 0.0333372 0.502737
0 0.00757187 0.226662 0.0150212 0.0247696 0.50258
0 0.805806 0.124597 0.0375311 0.0331009 0.500219
