0 0.516899 0.712762 0.0534547 0.0545814 0.867609
0 0.773532 0.658692 0.0490201 0.0690621 0.862556
0 0.45203 0.619732 0.0252211 0.0495781 0.86048
0 0.587643 0.586307 0.0313128 0.058916 0.855721
0 0.515397 0.660164 0.0527737 0.0557746 0.850569
0 0.343246 0.819026 0.0180571 0.0441619 0.85011
0 0.625897 0.756137 0.03748 0.0657651 0.847513
0 0.515487 0.607618 0.0517337 0.057579 0.846793
0 0.766767 0.538157 0.0457203 0.0656248 0.846511
0 0.624931 0.695063 0.0368725 0.064462 0.844002
0 0.703289 0.802664 0.0432232 0.0627158 0.843648
2 0.388901 0.873274 0.0445453 0.0625815 0.839548
0 0.775971 0.724912 0.0489138 0.078434 0.838563
0 0.477765 0.715109 0.0276051 0.0517687 0.836663
0 0.626929 0.819557 0.0380293 0.0654686 0.836484
0 0.700786 0.74113 0.0420648 0.0688509 0.832581
0 0.622935 0.638251 0.0377861 0.0573888 0.832502
0 0.661215 0.688588 0.036515 0.0660645 0.832187
0 0.69368 0.557969 0.0387898 0.0618041 0.831394
0 0.923767 0.608373 0.0412983 0.0685391 0.831066
0 0.696175 0.618129 0.03948 0.065005 0.830572
0 0.591794 0.820614 0.0321585 0.0679129 0.827768
0 0.61916 0.527647 0.037982 0.0572286 0.827667
0 0.662597 0.751191 0.0351753 0.0687916 0.826608
0 0.425918 0.723424 0.0275861 0.0479278 0.825142
0 0.659599 0.627818 0.0370586 0.0636658 0.824887
0 0.476996 0.614791 0.0282646 0.0528573 0.824671
0 0.928316 0.675453 0.0418143 0.0718068 0.824026
0 0.621166 0.583666 0.0376519 0.0567335 0.823894
0 0.591763 0.757022 0.0317143 0.0602238 0.821988
0 0.516781 0.555392 0.0515661 0.05861 0.821753
0 0.344332 0.773272 0.0187693 0.0442122 0.821705
0 0.54951 0.221154 0.0277004 0.039805 0.821008
0 0.756414 0.421297 0.0445671 0.0607243 0.820678
0 0.731147 0.613466 0.034766 0.0631627 0.82022
0 0.559563 0.705989 0.0330803 0.0583025 0.820023
0 0.477527 0.767425 0.027547 0.053411 0.818819
0 0.588951 0.644146 0.0320513 0.057392 0.817748
0 0.550912 0.261809 0.0296302 0.0421463 0.817718
0 0.586387 0.532011 0.0292343 0.0553089 0.817301
0 0.616686 0.474306 0.0384384 0.0528667 0.817154
0 0.51755 0.76644 0.054441 0.0560781 0.817117
0 0.663662 0.80916 0.0346131 0.0615986 0.816689
0 0.698849 0.678317 0.0398372 0.0669185 0.815361
0 0.919519 0.545983 0.0423733 0.0661146 0.814962
0 0.42546 0.770144 0.027676 0.0470462 0.814809
0 0.425772 0.67502 0.0275624 0.0510633 0.814413
0 0.590934 0.699819 0.032065 0.0594912 0.814196
0 0.451913 0.668224 0.025214 0.0529686 0.813976
0 0.560508 0.760644 0.0332904 0.0588038 0.812815
0 0.552489 0.303599 0.0305819 0.0415593 0.812384
0 0.854255 0.634869 0.043609 0.0710661 0.812314
0 0.582751 0.431506 0.027343 0.0538151 0.812103
0 0.366087 0.599528 0.0186335 0.0444016 0.81192
0 0.476807 0.664753 0.0278631 0.0531171 0.811383
0 0.584804 0.480612 0.0278441 0.053425 0.81091
0 0.762135 0.479474 0.044449 0.0628079 0.810418
0 0.51702 0.503313 0.0506422 0.0576253 0.810237
0 0.770564 0.596737 0.0485408 0.0658702 0.810107
0 0.452366 0.717247 0.0256773 0.0505698 0.80843
0 0.815874 0.652292 0.0363966 0.0650785 0.80582
0 0.515888 0.454672 0.0493166 0.0534751 0.80441
0 0.478327 0.565271 0.0284462 0.0536381 0.804339
0 0.345063 0.730866 0.0182927 0.0413634 0.803144
0 0.45177 0.767109 0.026212 0.0519094 0.802176
0 0.695809 0.336622 0.068504 0.0550284 0.801219
0 0.728765 0.55556 0.0362223 0.0619354 0.800156
0 0.345101 0.687599 0.0176071 0.0449746 0.799699
0 0.739224 0.800064 0.0327791 0.0651325 0.799692
0 0.554937 0.444151 0.0325524 0.0532191 0.799228
0 0.690685 0.498224 0.0379321 0.0616338 0.796638
0 0.479398 0.516634 0.027796 0.0518592 0.796508
0 0.811939 0.587438 0.0386456 0.0708586 0.795715
0 0.560042 0.822594 0.0330935 0.0681962 0.795412
0 0.817818 0.716864 0.0373098 0.0744069 0.794493
0 0.558325 0.650381 0.031967 0.0594315 0.79306
0 0.849701 0.570131 0.0427282 0.0682217 0.792829
0 0.843645 0.508989 0.0436193 0.0649992 0.792801
0 0.400828 0.726521 0.0235631 0.0459831 0.79227
0 0.556681 0.493849 0.0318192 0.052394 0.792198
0 0.614038 0.422482 0.0391924 0.0559485 0.791707
0 0.558008 0.541155 0.0314829 0.0555855 0.790311
0 0.857163 0.705445 0.0447971 0.079857 0.788992
0 0.426992 0.582455 0.0267221 0.0492632 0.788295
0 0.455908 0.393772 0.0241441 0.0472249 0.787778
0 0.571757 0.137375 0.0247791 0.0367857 0.786509
0 0.427817 0.537644 0.0270033 0.0463825 0.785508
0 0.42854 0.492612 0.0278444 0.0482421 0.784582
0 0.454555 0.438558 0.0228096 0.0473367 0.783879
0 0.515334 0.3201 0.0464882 0.043314 0.782097
0 0.922692 0.250674 0.0561354 0.0582458 0.779443
0 0.389532 0.819623 0.0424487 0.0480246 0.779203
0 0.913159 0.486609 0.0391598 0.0640325 0.778937
0 0.838868 0.450291 0.0419303 0.0603869 0.77774
0 0.36191 0.773038 0.0194259 0.04725 0.777064
0 0.548896 0.181447 0.0253431 0.0394984 0.776365
0 0.400115 0.680307 0.0252977 0.0483153 0.776075
0 0.570953 0.104177 0.0235911 0.03516 0.775029
0 0.452862 0.572387 0.0259771 0.0515781 0.774897
0 0.553681 0.393759 0.0317767 0.0522907 0.774465
0 0.699216 0.388666 0.0690253 0.0584773 0.771396
0 0.477764 0.424997 0.0267804 0.0485389 0.771057
0 0.478665 0.470184 0.0275066 0.0481485 0.770269
0 0.367513 0.558692 0.0176578 0.0446682 0.769005
0 0.514633 0.407282 0.0486628 0.0524024 0.767896
0 0.346158 0.644911 0.0179338 0.039472 0.766372
0 0.558197 0.592855 0.0314903 0.0557567 0.766132
0 0.401129 0.634075 0.0248031 0.0463478 0.765978
0 0.725568 0.49607 0.0357769 0.0625596 0.765778
0 0.368039 0.519681 0.0175912 0.0412902 0.765358
0 0.802998 0.469927 0.0405837 0.0588572 0.763564
0 0.400133 0.77176 0.0238823 0.0450892 0.762753
0 0.591408 0.887478 0.0328539 0.0675764 0.762484
0 0.913628 0.198212 0.0564194 0.0487347 0.761859
0 0.429814 0.448011 0.0274954 0.0463189 0.760147
0 0.797778 0.412944 0.0416994 0.0636056 0.759774
0 0.806799 0.52621 0.0392643 0.0628932 0.759666
0 0.355378 0.446776 0.0182801 0.0387792 0.758722
0 0.903557 0.153684 0.0558575 0.0436145 0.757685
0 0.737213 0.73668 0.033966 0.0713966 0.757514
0 0.362543 0.729519 0.0192233 0.0426839 0.757311
0 0.394174 0.313403 0.0178669 0.0334656 0.754498
0 0.57394 0.212779 0.0245429 0.0420395 0.753153
0 0.74717 0.315578 0.0417655 0.0527198 0.752471
0 0.752357 0.365865 0.0437399 0.0595087 0.750978
0 0.479671 0.228578 0.0222235 0.0401294 0.75011
0 0.362195 0.68481 0.0191115 0.0474486 0.748602
0 0.410524 0.343736 0.020644 0.0382953 0.748577
0 0.360427 0.819665 0.0194508 0.046572 0.74852
0 0.831145 0.085038 0.0615795 0.0456273 0.747415
0 0.880425 0.502248 0.0373338 0.0639302 0.747059
0 0.454595 0.482161 0.0239708 0.045185 0.746413
0 0.449151 0.820453 0.0262789 0.0508559 0.743563
0 0.47936 0.379563 0.0257036 0.0463325 0.743396
0 0.368929 0.479233 0.0180264 0.0431814 0.741584
0 0.402659 0.589436 0.023681 0.0456798 0.741183
0 0.380217 0.728013 0.0201577 0.0438223 0.74055
0 0.480391 0.338242 0.0250183 0.0427038 0.739491
0 0.728406 0.176582 0.0405786 0.0453 0.738905
0 0.573255 0.173584 0.0251785 0.0380108 0.737281
0 0.657766 0.57327 0.0374346 0.0578089 0.736202
0 0.405811 0.46124 0.0228916 0.0420637 0.735629
0 0.777173 0.791619 0.0454599 0.0707897 0.734787
0 0.57607 0.252379 0.0239537 0.0399919 0.734185
0 0.514844 0.278411 0.0453669 0.0414905 0.733495
0 0.893102 0.113575 0.0566612 0.0433938 0.729864
0 0.48015 0.194838 0.0214443 0.0350742 0.729857
0 0.932453 0.299893 0.0544552 0.0556589 0.728251
0 0.90801 0.426204 0.0399323 0.0649629 0.726692
0 0.655656 0.517112 0.0372103 0.0584393 0.724434
0 0.409303 0.381067 0.0212025 0.0391537 0.723533
0 0.407915 0.421296 0.0218278 0.0433349 0.723052
0 0.723327 0.132722 0.0376651 0.0472717 0.722304
0 0.395919 0.282207 0.017853 0.0317063 0.721805
0 0.733855 0.672495 0.0337948 0.066349 0.7213
0 0.351082 0.52381 0.0179497 0.0407639 0.720673
0 0.653066 0.462037 0.037025 0.0552203 0.717459
0 0.73505 0.218207 0.0399707 0.0434167 0.71552
0 0.515242 0.362647 0.0475525 0.0458796 0.714959
0 0.825419 0.335696 0.0390148 0.0529785 0.713429
0 0.432192 0.365126 0.0253019 0.0436005 0.712637
0 0.833469 0.391264 0.0403416 0.0607277 0.710922
0 0.379991 0.288504 0.016463 0.0314388 0.710137
0 0.678672 0.156511 0.0605713 0.0509768 0.707363
0 0.350597 0.563596 0.0184795 0.0427414 0.7071
0 0.612387 0.371116 0.0384611 0.0478916 0.706026
0 0.548727 0.145113 0.0234825 0.0347639 0.704552
0 0.415893 0.23882 0.0210539 0.0365384 0.702454
0 0.352363 0.484651 0.0177213 0.0395035 0.701848
0 0.348877 0.605192 0.0190787 0.0427944 0.699109
0 0.376027 0.330267 0.0173915 0.0331406 0.697989
2 0.553453 0.345576 0.0315991 0.044164 0.69661
0 0.364321 0.305519 0.0160645 0.0295947 0.69062
0 0.785155 0.306968 0.0388671 0.0529522 0.690469
0 0.702378 0.442789 0.0682004 0.0575929 0.689571
0 0.398068 0.547377 0.0343788 0.0434978 0.689538
0 0.885039 0.561581 0.0340628 0.0652353 0.688905
0 0.691567 0.284313 0.0649857 0.0512102 0.688373
0 0.513943 0.167464 0.0471346 0.0383997 0.687404
0 0.366008 0.275871 0.0176989 0.0339423 0.685442
0 0.41167 0.307162 0.0211346 0.032837 0.682614
0 0.740327 0.264087 0.0428363 0.0526502 0.68154
0 0.363086 0.640422 0.0185649 0.0416786 0.680777
0 0.688898 0.442799 0.0413297 0.0580748 0.6806
0 0.475535 0.823643 0.0281813 0.0568612 0.678214
0 0.976431 0.1348 0.0448657 0.0449193 0.678016
0 0.454136 0.525276 0.0253602 0.0512055 0.67651
0 0.650013 0.402534 0.0365136 0.0577718 0.676211
0 0.581819 0.3813 0.0271126 0.0504737 0.674307
0 0.791095 0.358608 0.0393996 0.0566791 0.67311
0 0.381607 0.259064 0.0154651 0.0325502 0.670829
0 0.402609 0.505016 0.0260494 0.0448788 0.666951
0 0.941582 0.350295 0.0517469 0.0513813 0.66589
1 0.739413 0.891062 0.0230283 0.0403792 0.663861
0 0.948744 0.40424 0.0515987 0.0613878 0.66386
0 0.39761 0.252095 0.0176403 0.0340712 0.659805
0 0.874715 0.445608 0.035553 0.0623524 0.657209
0 0.456515 0.352811 0.0241659 0.0455511 0.657206
0 0.635363 0.172898 0.0322143 0.0496078 0.648645
0 0.422742 0.819428 0.0268193 0.048619 0.647593
0 0.670675 0.247268 0.0327341 0.0443051 0.645906
0 0.371926 0.437218 0.0185877 0.0447227 0.645761
0 0.380406 0.68158 0.0207632 0.0492791 0.641422
0 0.374188 0.364963 0.0178015 0.0360256 0.639701
0 0.382038 0.634966 0.0234788 0.0433423 0.637826
0 0.958252 0.464042 0.0572593 0.0654145 0.636146
0 0.395065 0.680142 0.03508 0.0494913 0.631372
1 0.706791 0.893753 0.042244 0.0381422 0.631284
0 0.38384 0.772187 0.0285698 0.045892 0.631218
0 0.893422 0.686232 0.0326641 0.0669448 0.628125
0 0.35705 0.412175 0.0167069 0.0399346 0.627957
0 0.513995 0.238911 0.0445765 0.0392709 0.627736
0 0.39077 0.387154 0.0191723 0.0397642 0.62559
0 0.852203 0.276057 0.0374981 0.0593465 0.623725
0 0.436863 0.220709 0.0227461 0.0346114 0.622614
0 0.433222 0.32723 0.0257317 0.0408639 0.619637
0 0.839777 0.127914 0.0615227 0.0438356 0.610861
0 0.38927 0.423537 0.0187751 0.0401051 0.610369
0 0.930426 0.744159 0.0412376 0.0669573 0.608976
0 0.357908 0.37481 0.0160187 0.0373691 0.602576
0 0.968949 0.0935612 0.0568069 0.0445849 0.599576
0 0.373719 0.399763 0.0171245 0.041046 0.594372
0 0.392555 0.34538 0.0183198 0.035567 0.589443
0 0.426221 0.627658 0.0268654 0.0480584 0.588193
0 0.965167 0.522921 0.0556641 0.0622041 0.587892
0 0.522988 0.824114 0.0412331 0.0625344 0.587292
0 0.559214 0.884427 0.03269 0.0595458 0.586498
0 0.809935 0.235654 0.0356991 0.0458649 0.585052
0 0.414176 0.272359 0.0214653 0.0347763 0.583877
0 0.668189 0.204068 0.0328784 0.0461955 0.583504
0 0.360494 0.338344 0.0161256 0.0327183 0.579413
0 0.795872 0.146693 0.0348064 0.0442348 0.578507
0 0.889692 0.62016 0.0320019 0.0668693 0.578462
0 0.978008 0.58394 0.0386536 0.0656995 0.572155
0 0.818378 0.281587 0.0381787 0.0525364 0.567966
0 0.457657 0.318573 0.0210011 0.0401277 0.566537
0 0.43148 0.404727 0.0251669 0.0474862 0.565299
0 0.378811 0.300827 0.017279 0.0331909 0.564172
0 0.981461 0.17883 0.0334427 0.046989 0.563188
0 0.778125 0.255558 0.0378911 0.0525001 0.560298
0 0.859497 0.331406 0.0368425 0.0576907 0.556571
0 0.85535 0.225658 0.0560791 0.0486559 0.552525
0 0.548479 0.114296 0.022761 0.0336437 0.551026
0 0.480737 0.165177 0.0204681 0.0332086 0.548797
0 0.772114 0.204632 0.0392597 0.0530121 0.546046
0 0.383325 0.592449 0.0205796 0.0477043 0.541849
0 0.38637 0.46226 0.0180275 0.0424346 0.540183
0 0.858351 0.216877 0.0642333 0.0511331 0.529773
2 0.35966 0.869503 0.0192377 0.0554255 0.529613
0 0.611004 0.326805 0.038008 0.0439872 0.525994
0 0.849368 0.167642 0.0605491 0.0445149 0.525613
0 0.70543 0.856368 0.0436561 0.0502861 0.524796
0 0.900289 0.367821 0.0363827 0.0592998 0.521172
0 0.368872 0.246344 0.0168709 0.0304249 0.520134
2 0.457423 0.243426 0.0217348 0.0397607 0.518952
0 0.789455 0.10671 0.0306425 0.0398066 0.506883
0 0.460966 0.173824 0.0207361 0.0342604 0.504814
