0 0.627027 0.759553 0.0379633 0.0624878 0.854873
0 0.928561 0.676139 0.0397194 0.0698473 0.84769
0 0.664049 0.75421 0.0373163 0.0658075 0.845355
0 0.773854 0.663458 0.04825 0.0688316 0.841045
0 0.776277 0.727517 0.0458276 0.0737154 0.839355
0 0.692593 0.501259 0.0392244 0.0633589 0.839189
0 0.702285 0.744227 0.0400734 0.0669034 0.835818
0 0.425666 0.769432 0.0271179 0.0479218 0.833538
0 0.768075 0.539429 0.0458624 0.0653964 0.833512
0 0.70024 0.681157 0.0409441 0.0691925 0.830718
0 0.480858 0.266457 0.0245068 0.043509 0.829506
0 0.504641 0.614466 0.0274349 0.0556072 0.828444
0 0.479817 0.719913 0.0291075 0.0508624 0.826949
0 0.505698 0.467163 0.0268894 0.0501655 0.826719
0 0.662673 0.691654 0.0366781 0.0656003 0.826683
0 0.697147 0.620548 0.0404711 0.0629008 0.825603
0 0.628021 0.82435 0.0388328 0.0709054 0.825515
0 0.689639 0.446754 0.0386564 0.0544583 0.825111
0 0.625684 0.701394 0.0385197 0.0600943 0.824215
0 0.452727 0.771972 0.0269384 0.0517748 0.824092
0 0.589815 0.652246 0.0301372 0.0569873 0.823042
0 0.5534 0.304551 0.0315375 0.0428246 0.822954
0 0.558273 0.603339 0.0329571 0.0592954 0.822322
0 0.7358 0.676907 0.0348043 0.0689998 0.822271
0 0.552132 0.264035 0.0305043 0.0426603 0.821653
0 0.777725 0.793944 0.0434497 0.0711506 0.821239
0 0.694939 0.560743 0.0392412 0.0608522 0.821179
0 0.426278 0.677108 0.0272997 0.0478935 0.820994
0 0.559171 0.657278 0.0335314 0.0567683 0.820612
0 0.506388 0.514 0.0274842 0.0531748 0.820514
0 0.530703 0.714917 0.0246288 0.0517499 0.819883
0 0.588686 0.596672 0.0301693 0.0619953 0.819359
0 0.479858 0.571549 0.0274881 0.0564597 0.818798
0 0.925169 0.610367 0.0377779 0.0701763 0.816073
0 0.529099 0.610731 0.0248886 0.0548721 0.815889
0 0.453355 0.72167 0.0263661 0.048337 0.815551
0 0.478429 0.621145 0.02849 0.0526623 0.815358
0 0.477649 0.82511 0.0278452 0.0517634 0.815308
0 0.478579 0.670286 0.028386 0.0511249 0.814534
0 0.453254 0.626702 0.0247486 0.0489196 0.814305
0 0.423692 0.82127 0.0277837 0.0512807 0.814083
0 0.479718 0.771761 0.0286466 0.0552342 0.813226
0 0.426198 0.723019 0.0276378 0.0450811 0.812086
0 0.480515 0.521485 0.026755 0.0523643 0.812014
0 0.575302 0.175203 0.0261074 0.0371648 0.811662
0 0.584477 0.436962 0.0273005 0.0544983 0.810189
0 0.50475 0.666138 0.0276049 0.0544671 0.809685
0 0.737949 0.740885 0.0336394 0.0669279 0.809443
0 0.59202 0.704598 0.0300909 0.0553128 0.809208
0 0.50587 0.562536 0.0278645 0.0545006 0.806093
0 0.557866 0.551539 0.0318365 0.0564338 0.806006
0 0.560475 0.710164 0.0343925 0.0556845 0.80545
0 0.479822 0.430047 0.0257695 0.0501694 0.805448
0 0.453009 0.674002 0.0250447 0.0487337 0.804709
0 0.529568 0.662871 0.0258224 0.0566866 0.80445
0 0.550739 0.224253 0.0288861 0.0426515 0.802943
0 0.426749 0.632537 0.0268464 0.0449504 0.802492
0 0.583048 0.385913 0.0266598 0.0538111 0.799534
0 0.623415 0.647163 0.0389971 0.0568049 0.799051
0 0.427889 0.587791 0.0264133 0.0458695 0.798478
0 0.557412 0.499439 0.0310612 0.0553843 0.798105
0 0.763798 0.481135 0.0436915 0.0675623 0.797319
0 0.50589 0.717135 0.0277704 0.0529947 0.797028
0 0.450913 0.823192 0.0270212 0.0486322 0.796328
0 0.554438 0.398246 0.0321341 0.0540105 0.795386
0 0.529986 0.556871 0.0245676 0.0551908 0.795092
0 0.728147 0.496191 0.035392 0.0667418 0.794137
0 0.660273 0.631225 0.0369804 0.0628359 0.793383
0 0.840443 0.452086 0.0396082 0.0641781 0.791319
0 0.50462 0.253784 0.0238386 0.0419345 0.789786
0 0.856933 0.703157 0.0414364 0.0729859 0.789244
0 0.68632 0.394457 0.039467 0.0562415 0.788217
0 0.454549 0.578298 0.0261457 0.0536057 0.786678
0 0.846227 0.510237 0.041387 0.0676603 0.784421
0 0.66502 0.812643 0.0373105 0.0610189 0.78316
0 0.549178 0.18625 0.0283268 0.0399731 0.780952
0 0.429667 0.49704 0.0261797 0.0493672 0.780489
0 0.702967 0.805918 0.0401367 0.0644411 0.780406
0 0.73258 0.61705 0.0347906 0.0623653 0.778969
0 0.809086 0.528545 0.04061 0.0644272 0.778899
0 0.813181 0.591979 0.0386051 0.0718712 0.778091
0 0.506291 0.770109 0.0276744 0.0552979 0.778076
0 0.622359 0.590318 0.0384202 0.0609895 0.777027
0 0.526019 0.242185 0.0199099 0.04091 0.776139
0 0.92053 0.547367 0.0382404 0.0686195 0.773276
0 0.804871 0.47017 0.0410936 0.0650028 0.771502
0 0.658701 0.572914 0.0372923 0.061192 0.771341
0 0.890979 0.630453 0.0336718 0.0724633 0.770862
0 0.402738 0.346615 0.0366393 0.0413106 0.770796
0 0.433141 0.367491 0.025291 0.0384354 0.770441
0 0.573632 0.106298 0.023541 0.0346 0.770377
0 0.580679 0.297312 0.0255334 0.0418215 0.77016
0 0.401789 0.384872 0.0368691 0.0416219 0.769621
0 0.738968 0.802047 0.0351629 0.0676775 0.768666
0 0.556262 0.448277 0.0310761 0.0514999 0.767876
0 0.480968 0.386098 0.0242016 0.0456636 0.767594
0 0.367411 0.601337 0.0185584 0.0484266 0.767543
0 0.929019 0.757469 0.0396354 0.0449629 0.766704
0 0.586331 0.485139 0.0278385 0.0500738 0.766309
0 0.531204 0.767064 0.024222 0.0539945 0.766264
0 0.480037 0.474347 0.0261324 0.0487071 0.765522
0 0.527976 0.321625 0.0207064 0.0436335 0.764081
0 0.504424 0.21402 0.0247835 0.0413893 0.763301
0 0.934188 0.299736 0.0541388 0.0582556 0.762618
0 0.730858 0.557218 0.0354441 0.0623119 0.762432
0 0.525747 0.203121 0.0192362 0.041009 0.762164
0 0.428892 0.543451 0.0259713 0.0475469 0.761107
0 0.752517 0.368926 0.0436531 0.0591848 0.761009
0 0.560693 0.762515 0.0345007 0.0540604 0.758931
0 0.455212 0.531481 0.0261236 0.0475803 0.758796
0 0.481123 0.304571 0.0249536 0.042112 0.756796
0 0.904849 0.159181 0.0544725 0.0459221 0.755852
0 0.611833 0.329971 0.0372012 0.049364 0.754868
0 0.456038 0.442925 0.0240615 0.0493302 0.753623
0 0.886926 0.564559 0.0355024 0.0714673 0.753152
0 0.959123 0.467641 0.0572567 0.070143 0.750714
0 0.353406 0.486241 0.0174014 0.0386923 0.750549
0 0.505719 0.333077 0.0240803 0.0448032 0.749353
0 0.757936 0.423979 0.043761 0.0594762 0.7482
0 0.368838 0.559907 0.0182187 0.0436326 0.74817
0 0.893834 0.757544 0.0322399 0.0625833 0.747423
0 0.886159 0.0752875 0.0536494 0.0482239 0.745857
0 0.656447 0.520606 0.037175 0.0520295 0.745709
0 0.576216 0.215163 0.0261089 0.0422586 0.745541
0 0.771471 0.600261 0.0476202 0.0711518 0.74508
0 0.400962 0.769392 0.0234474 0.0470024 0.744432
0 0.504925 0.421581 0.0260221 0.0492142 0.744111
0 0.582046 0.337978 0.025456 0.0439969 0.742718
0 0.396945 0.552761 0.0394502 0.047706 0.741199
0 0.401362 0.724151 0.0236413 0.0434833 0.740299
0 0.908035 0.428719 0.0368122 0.0613394 0.73946
0 0.636974 0.178929 0.0338371 0.0408093 0.739129
2 0.504854 0.377198 0.0247642 0.0463364 0.739027
0 0.882165 0.501818 0.0383156 0.0665836 0.738424
0 0.924672 0.25119 0.0548355 0.0526459 0.737228
0 0.593173 0.758695 0.0295961 0.0599223 0.735558
0 0.747046 0.318106 0.0407952 0.0535193 0.735444
0 0.654308 0.468414 0.037982 0.0577803 0.734092
0 0.92929 0.724822 0.0403198 0.0394942 0.732083
0 0.509093 0.829008 0.0377091 0.0616404 0.731252
0 0.893037 0.69581 0.034108 0.0683025 0.730936
0 0.530177 0.506425 0.0241577 0.0559184 0.727722
0 0.587861 0.539252 0.029206 0.056874 0.727447
0 0.351798 0.526306 0.0182692 0.0396187 0.725894
2 0.927657 0.803775 0.0368819 0.0555765 0.724564
0 0.400679 0.679638 0.0254771 0.0464998 0.723947
0 0.531071 0.829535 0.0251308 0.0638462 0.723849
0 0.430848 0.45202 0.0259312 0.0453175 0.7234
0 0.850872 0.572409 0.0419405 0.0719883 0.719789
0 0.457342 0.398085 0.0236472 0.0464255 0.715184
0 0.397656 0.508243 0.0393319 0.047769 0.713883
0 0.680669 0.155331 0.0604937 0.0481725 0.713437
0 0.613808 0.37705 0.0384178 0.0483207 0.712668
0 0.378171 0.330753 0.0187307 0.0343782 0.711168
0 0.620349 0.532911 0.0378372 0.0585767 0.710853
0 0.576211 0.827055 0.0630543 0.069145 0.707948
0 0.547915 0.116353 0.0276035 0.0403918 0.706222
0 0.548121 0.151429 0.0285495 0.0395695 0.703399
0 0.895751 0.116301 0.0552603 0.044527 0.701446
0 0.605725 0.206648 0.0327444 0.0332354 0.70135
0 0.913785 0.487506 0.0356735 0.0652973 0.701305
0 0.723476 0.441265 0.0328393 0.0554888 0.70047
0 0.40064 0.426223 0.0382645 0.0453331 0.700242
0 0.395578 0.595868 0.0404882 0.0487497 0.699118
0 0.651348 0.408359 0.037315 0.0565932 0.699009
0 0.578484 0.257038 0.025743 0.0414898 0.698595
0 0.382079 0.294591 0.0175807 0.038207 0.697729
0 0.858161 0.767259 0.0392355 0.0664662 0.694071
2 0.457727 0.245733 0.0199984 0.0387431 0.692523
0 0.359013 0.411128 0.0175915 0.0379192 0.691693
0 0.350143 0.604455 0.019845 0.0481083 0.688889
0 0.724326 0.134678 0.0380823 0.048818 0.688461
0 0.48144 0.343424 0.0244162 0.0423654 0.688366
0 0.950689 0.408279 0.0523888 0.0587588 0.688364
0 0.369433 0.517833 0.0177334 0.0466566 0.684655
0 0.365098 0.306517 0.0169899 0.0319482 0.683394
0 0.914093 0.204742 0.0558426 0.052773 0.682937
0 0.383266 0.261768 0.0159402 0.0325535 0.679951
0 0.35116 0.564066 0.0187686 0.0396319 0.67323
0 0.432092 0.406793 0.0252777 0.0454393 0.671132
0 0.976718 0.13831 0.0451903 0.0453253 0.668535
0 0.684393 0.203957 0.0625965 0.0479681 0.667987
0 0.529712 0.456548 0.0235666 0.0512603 0.667234
0 0.39861 0.466149 0.0390366 0.0401577 0.665587
0 0.356542 0.448011 0.0180228 0.0404772 0.664184
0 0.929642 0.739738 0.0403881 0.0674555 0.663668
2 0.457162 0.211185 0.0179259 0.0343737 0.662306
0 0.407636 0.281343 0.0350431 0.0350603 0.661419
0 0.60767 0.239525 0.0338976 0.0376938 0.661267
2 0.503976 0.143668 0.0266689 0.0355285 0.657423
0 0.876456 0.445745 0.0336838 0.0580425 0.655069
0 0.638776 0.218752 0.0349799 0.0413696 0.654309
0 0.370485 0.478654 0.0182744 0.03959 0.653936
0 0.574266 0.139577 0.0252321 0.0376456 0.652909
0 0.405251 0.310946 0.0356166 0.0348749 0.652249
0 0.681938 0.341747 0.0372948 0.0562784 0.649472
2 0.627729 0.886823 0.039214 0.0604706 0.646247
0 0.608948 0.272675 0.0348468 0.0317779 0.646136
0 0.398155 0.637202 0.0327623 0.0440703 0.642242
0 0.61544 0.424661 0.038386 0.0507941 0.642177
0 0.364145 0.643942 0.018036 0.0416934 0.639435
0 0.647648 0.358437 0.0368702 0.0448952 0.631634
0 0.352757 0.820577 0.0355923 0.0517839 0.629355
0 0.64168 0.262391 0.0356889 0.044101 0.628887
2 0.527987 0.364856 0.0220398 0.0461085 0.625336
0 0.525178 0.168171 0.0186316 0.0391036 0.625317
2 0.528333 0.4093 0.0229998 0.0496112 0.624167
0 0.854596 0.6359 0.0414802 0.0686346 0.623704
0 0.525375 0.136765 0.0173264 0.0352411 0.6212
0 0.834155 0.395065 0.0378157 0.0640446 0.617016
0 0.772903 0.118994 0.064476 0.052142 0.614925
0 0.966392 0.529037 0.0573352 0.0663447 0.613096
0 0.675009 0.247937 0.0372002 0.0477474 0.611684
0 0.50522 0.293553 0.0236101 0.0431977 0.609236
0 0.591473 0.887089 0.0317079 0.0522411 0.607476
0 0.373221 0.441937 0.0186925 0.0381569 0.606932
0 0.970045 0.0965143 0.0555517 0.0432688 0.60654
0 0.434969 0.293402 0.0246746 0.0417651 0.604225
0 0.367977 0.273752 0.0174576 0.0357426 0.602093
1 0.899421 0.97042 0.0335896 0.0590497 0.593535
0 0.891703 0.321247 0.0332028 0.0543373 0.590972
0 0.899321 0.374033 0.033506 0.0566746 0.589699
0 0.457689 0.357357 0.0224623 0.043687 0.586357
0 0.439117 0.190354 0.0233649 0.0331819 0.585599
0 0.455423 0.489028 0.0246524 0.0501035 0.583276
0 0.43366 0.331044 0.0255696 0.0387498 0.581532
0 0.37633 0.365804 0.018001 0.0378516 0.581194
1 0.775015 0.891593 0.0328323 0.0361528 0.576782
0 0.527069 0.279749 0.0203693 0.0422032 0.572452
2 0.55417 0.348749 0.0319671 0.0488125 0.571393
0 0.943086 0.35571 0.0548814 0.0605927 0.570099
1 0.77457 0.852884 0.033292 0.0456159 0.569261
0 0.852374 0.277671 0.0356506 0.058288 0.565961
0 0.826872 0.337814 0.0354187 0.0583849 0.561595
0 0.686159 0.245922 0.0597255 0.0475431 0.56061
0 0.816187 0.655593 0.0363938 0.064006 0.558206
0 0.72925 0.178084 0.0387604 0.0447331 0.557695
0 0.375158 0.404488 0.016365 0.0404772 0.55557
0 0.885177 0.270553 0.0326883 0.0604921 0.555209
0 0.35963 0.376125 0.0165164 0.0370363 0.550915
2 0.479505 0.197107 0.0229678 0.0375477 0.549984
0 0.972106 0.589541 0.053656 0.0680598 0.540885
0 0.436445 0.25912 0.0229403 0.0368194 0.539483
0 0.923454 0.0655497 0.0295287 0.0426868 0.533594
0 0.811066 0.237566 0.035283 0.048067 0.533404
2 0.45806 0.282498 0.020434 0.0397293 0.530539
0 0.39411 0.679801 0.0390349 0.0484394 0.524532
0 0.846862 0.0891348 0.0326027 0.0487081 0.524199
0 0.361875 0.337976 0.0160297 0.0343331 0.523992
0 0.735643 0.221513 0.04144 0.0443766 0.523713
2 0.423246 0.873929 0.0259676 0.0563664 0.523467
0 0.960222 0.0570627 0.0574932 0.0441371 0.522994
0 0.357151 0.728576 0.0307367 0.0420889 0.521608
0 0.859854 0.330065 0.0339096 0.0586497 0.517989
0 0.818599 0.0974599 0.0321815 0.0453903 0.516545
0 0.353603 0.772458 0.0347541 0.0447701 0.514016
0 0.39715 0.82053 0.027942 0.0525654 0.513627
2 0.503354 0.179389 0.0257029 0.0390141 0.512781
0 0.844598 0.130814 0.0518577 0.0447727 0.509839
