0 0.344717 0.819713 0.0179521 0.0460296 0.870316
0 0.773204 0.662276 0.0482792 0.069754 0.86333
0 0.767369 0.539065 0.046649 0.0646322 0.859073
0 0.70132 0.742875 0.042271 0.0676862 0.85268
0 0.738111 0.739788 0.0331684 0.0677663 0.850415
0 0.625799 0.702068 0.0383688 0.0626875 0.847599
0 0.699929 0.680806 0.0414593 0.0678842 0.84737
0 0.694973 0.562372 0.0400141 0.0629601 0.847101
0 0.691846 0.502588 0.0392901 0.0624163 0.845969
0 0.626824 0.760138 0.0375176 0.063002 0.845526
0 0.662028 0.691907 0.0355989 0.066685 0.84442
0 0.775571 0.728525 0.0463806 0.0742706 0.843968
0 0.55584 0.446929 0.0327341 0.0527608 0.843661
0 0.702747 0.804892 0.0427753 0.0635076 0.84347
0 0.927454 0.677103 0.0410763 0.0736594 0.843293
0 0.663025 0.754719 0.0341797 0.0667998 0.839479
0 0.506574 0.513074 0.0270618 0.0525019 0.837492
0 0.452372 0.773063 0.0266033 0.0482998 0.834872
0 0.924657 0.610582 0.040234 0.0673297 0.8341
0 0.531071 0.826816 0.02729 0.0598386 0.832391
0 0.479324 0.772497 0.028656 0.0509668 0.83093
2 0.390755 0.876589 0.0415073 0.0603318 0.829116
0 0.50632 0.561251 0.0276266 0.0547554 0.82811
0 0.689222 0.447221 0.0387947 0.0555336 0.827939
0 0.697525 0.620764 0.0414005 0.0624068 0.825603
0 0.479112 0.619254 0.0288969 0.0518041 0.824059
0 0.505127 0.613763 0.0272161 0.0548992 0.82214
0 0.453096 0.625434 0.0260882 0.0496731 0.821383
0 0.47892 0.670042 0.0294409 0.0531316 0.819051
0 0.658274 0.572721 0.0369372 0.0640414 0.818529
0 0.928545 0.740617 0.0412327 0.0703498 0.818489
0 0.552864 0.305727 0.0309238 0.0458169 0.81679
0 0.559133 0.656619 0.0325453 0.0571107 0.816726
0 0.452618 0.673968 0.0259904 0.0512786 0.815734
0 0.48061 0.569462 0.0278848 0.0541133 0.815073
0 0.659758 0.630713 0.0364424 0.0613565 0.814913
0 0.453004 0.723641 0.0266342 0.0497885 0.814629
0 0.591782 0.705865 0.0305888 0.0589307 0.81451
0 0.558244 0.60161 0.032825 0.0583223 0.814244
0 0.740602 0.8013 0.0346069 0.0633883 0.813714
0 0.480001 0.721341 0.0297604 0.0508975 0.813584
0 0.529567 0.609287 0.0254458 0.0551986 0.81356
0 0.849596 0.574591 0.0444023 0.067471 0.812936
0 0.42542 0.770552 0.0273035 0.046575 0.812728
0 0.73594 0.67604 0.0338802 0.0663818 0.810184
0 0.530442 0.663017 0.0261261 0.0578183 0.809455
0 0.425957 0.677728 0.0269535 0.0469963 0.809218
0 0.427916 0.585711 0.0269905 0.0485671 0.809167
0 0.560766 0.710074 0.0333974 0.056802 0.807767
0 0.592862 0.762056 0.0300261 0.0574678 0.807438
0 0.557602 0.498421 0.0322449 0.054076 0.806463
0 0.779207 0.792127 0.0456345 0.0658018 0.80598
0 0.623512 0.645099 0.0392054 0.0580107 0.805584
0 0.839185 0.451933 0.043033 0.060474 0.80531
0 0.732249 0.617188 0.033163 0.0627758 0.804281
0 0.425934 0.725038 0.0272481 0.0458819 0.804025
0 0.558129 0.548829 0.0325994 0.0565024 0.803449
0 0.855825 0.704933 0.045018 0.0758738 0.802206
0 0.505169 0.666515 0.0280009 0.0560353 0.799771
0 0.429883 0.496853 0.0265728 0.0464037 0.796515
0 0.362254 0.820556 0.0190542 0.0459908 0.796252
0 0.844517 0.51216 0.0449666 0.0669203 0.795402
0 0.853271 0.637627 0.0438679 0.0672193 0.795266
0 0.561723 0.76447 0.0338646 0.0571689 0.793886
0 0.730548 0.557465 0.0340695 0.0604776 0.792451
0 0.588535 0.593213 0.0304653 0.0566874 0.791764
0 0.919616 0.548394 0.0404493 0.0654652 0.791462
0 0.526581 0.279862 0.0216473 0.04184 0.790246
0 0.757633 0.422865 0.0444394 0.0594027 0.789406
0 0.429047 0.541443 0.0265497 0.0461257 0.789154
0 0.589871 0.649821 0.0306878 0.0578725 0.787893
0 0.655636 0.514299 0.0382455 0.0561362 0.787533
0 0.527455 0.321238 0.0217357 0.0443442 0.786411
0 0.52596 0.241516 0.0212824 0.0432205 0.785855
0 0.574129 0.17515 0.0257814 0.0384736 0.785821
0 0.770645 0.59991 0.0492905 0.0697022 0.785818
0 0.814316 0.654467 0.0366581 0.0696737 0.783743
0 0.622271 0.590602 0.0382214 0.0580169 0.783449
0 0.812422 0.591641 0.036702 0.0678832 0.781329
0 0.685985 0.394246 0.0373234 0.0556042 0.780457
0 0.620207 0.530901 0.0362546 0.0625675 0.780204
0 0.585062 0.435794 0.0293089 0.0520566 0.778948
0 0.34526 0.775065 0.019016 0.0409574 0.778081
0 0.762795 0.480418 0.0445469 0.0658695 0.777033
0 0.531386 0.716445 0.0251753 0.0536917 0.773075
0 0.481081 0.344223 0.0238457 0.045131 0.772951
0 0.677446 0.295622 0.0343332 0.0482249 0.772243
0 0.7475 0.318191 0.0427614 0.0533223 0.771725
2 0.361014 0.869327 0.0196456 0.0493044 0.770238
0 0.506633 0.718606 0.0275983 0.0532294 0.769861
0 0.530302 0.556333 0.0252854 0.0541232 0.769668
0 0.479716 0.429512 0.0257747 0.0504171 0.768487
0 0.923769 0.251161 0.0578808 0.0559862 0.76779
0 0.587102 0.482266 0.0295087 0.0490188 0.765681
0 0.401127 0.726155 0.0229491 0.0440608 0.764952
0 0.648055 0.362544 0.0369894 0.0451608 0.764488
0 0.653437 0.464693 0.0372064 0.0527606 0.762664
0 0.67342 0.250734 0.0340734 0.0474486 0.762171
0 0.481217 0.231414 0.0234792 0.0374288 0.760113
0 0.53182 0.769038 0.0260488 0.0542341 0.759396
0 0.551652 0.263029 0.0294756 0.0463154 0.759102
0 0.505369 0.770881 0.0276785 0.053332 0.758368
0 0.588461 0.53502 0.0303045 0.060761 0.754879
0 0.560537 0.824255 0.0323214 0.0622543 0.753714
0 0.352259 0.525148 0.017803 0.0414069 0.753264
0 0.832821 0.394392 0.0423164 0.0628861 0.752517
0 0.645302 0.313039 0.0364715 0.0535035 0.751837
0 0.5034 0.827522 0.0293226 0.0564015 0.750438
0 0.650848 0.408849 0.0371117 0.0544384 0.75018
0 0.554179 0.397666 0.0325891 0.0537947 0.749433
0 0.345682 0.730602 0.0188748 0.0401201 0.749388
0 0.422829 0.822113 0.024937 0.046719 0.747331
0 0.480985 0.520311 0.0272921 0.050772 0.744848
0 0.892987 0.691251 0.0320606 0.0710855 0.74423
0 0.363561 0.685588 0.0186746 0.0461345 0.744049
0 0.45428 0.576551 0.026451 0.0543991 0.743602
0 0.913632 0.201446 0.0547605 0.047792 0.742956
0 0.480392 0.473961 0.0266861 0.0487472 0.741816
0 0.617934 0.472609 0.0362999 0.0566597 0.739882
0 0.606926 0.241562 0.0330229 0.0382326 0.739464
0 0.753166 0.369769 0.0439075 0.0586838 0.739315
0 0.363592 0.773587 0.0182135 0.043536 0.73921
0 0.430873 0.45167 0.0262243 0.0478729 0.737922
0 0.669229 0.206018 0.0324652 0.0458814 0.737642
0 0.81504 0.720332 0.0353119 0.0756985 0.736511
0 0.932778 0.299065 0.0549091 0.0534216 0.736248
2 0.553472 0.350414 0.0321099 0.0486605 0.736036
0 0.48084 0.265646 0.0234232 0.0435818 0.73466
0 0.53003 0.506421 0.0246067 0.0548931 0.733582
0 0.575282 0.211802 0.0262958 0.0382085 0.732141
0 0.400162 0.773042 0.0239946 0.0446034 0.730891
0 0.399912 0.680003 0.0262563 0.0450368 0.729566
0 0.354261 0.484384 0.0172876 0.0366249 0.727869
0 0.627687 0.823139 0.0380028 0.0655427 0.727469
0 0.525116 0.136826 0.0185574 0.0358688 0.726006
0 0.36709 0.601092 0.0185851 0.048317 0.724195
0 0.503797 0.21649 0.0237286 0.0444508 0.723203
0 0.592696 0.823804 0.0306149 0.0638727 0.72242
0 0.572928 0.107122 0.0235223 0.0361383 0.72042
0 0.727415 0.497426 0.0349397 0.0657157 0.718281
0 0.346138 0.67947 0.0185652 0.0629941 0.717775
0 0.827259 0.338391 0.0373435 0.0525411 0.717655
0 0.911683 0.487053 0.0379024 0.0643124 0.715379
0 0.480231 0.386908 0.0248708 0.0471017 0.710796
0 0.364992 0.308021 0.0168135 0.0302098 0.70926
0 0.401099 0.637258 0.026489 0.0436986 0.709025
0 0.407262 0.463995 0.0230739 0.0413556 0.708001
2 0.437271 0.225031 0.0247639 0.0375008 0.707742
0 0.550116 0.222983 0.027572 0.0424089 0.70722
2 0.459139 0.24414 0.0223885 0.0396621 0.706797
0 0.458534 0.320484 0.0209982 0.0417679 0.706719
0 0.377731 0.331653 0.0174843 0.0312086 0.705842
0 0.481324 0.197301 0.0209072 0.0373458 0.704634
0 0.349769 0.605326 0.0202046 0.0478852 0.704012
0 0.40263 0.347555 0.0372467 0.0384483 0.703833
0 0.505539 0.46713 0.0262457 0.0514193 0.702971
0 0.723384 0.134108 0.0388269 0.0492255 0.70228
0 0.609013 0.277739 0.0342985 0.0361517 0.701934
0 0.380913 0.727008 0.0189318 0.0408281 0.700267
0 0.363843 0.728338 0.0184962 0.0402038 0.700108
0 0.3703 0.479826 0.0179038 0.0400509 0.699232
2 0.344063 0.866923 0.0167592 0.0468172 0.698463
0 0.475374 0.824888 0.0273122 0.0492555 0.698151
0 0.368978 0.51983 0.0176702 0.0435681 0.695111
0 0.368488 0.559369 0.0182316 0.0432777 0.693818
0 0.907044 0.428149 0.0391075 0.062563 0.692901
0 0.89492 0.116755 0.0561338 0.0451496 0.692506
2 0.504208 0.378516 0.024688 0.0464073 0.692404
2 0.503648 0.143096 0.0255197 0.0380344 0.69208
0 0.641652 0.263255 0.0359371 0.0449613 0.68902
0 0.408601 0.422735 0.022732 0.0434121 0.688234
0 0.885483 0.0761818 0.0566578 0.045632 0.685841
0 0.404041 0.594273 0.0233471 0.0479552 0.68464
0 0.740708 0.266923 0.0413389 0.052363 0.684542
0 0.664187 0.814585 0.033564 0.0602157 0.683976
0 0.38338 0.263627 0.0159751 0.0292632 0.683527
0 0.359534 0.411763 0.0179845 0.0376627 0.681958
0 0.666096 0.16271 0.0311279 0.0460012 0.679788
0 0.807655 0.530596 0.037348 0.0659552 0.678846
0 0.373135 0.442805 0.0179682 0.0369706 0.678716
0 0.458065 0.359846 0.0219806 0.0417433 0.677262
0 0.614123 0.375576 0.0381348 0.0534139 0.676452
0 0.58378 0.384261 0.0283492 0.0547991 0.674826
0 0.90394 0.15918 0.0548437 0.0451637 0.67435
0 0.351183 0.564185 0.0184302 0.0408119 0.672433
0 0.802371 0.470514 0.0380106 0.0640803 0.667133
0 0.610744 0.323191 0.0368774 0.0509042 0.66681
0 0.364061 0.645478 0.0184391 0.0431683 0.666506
2 0.528924 0.455738 0.0232923 0.0527543 0.666017
0 0.357039 0.44802 0.0175867 0.0380998 0.663588
0 0.573439 0.140067 0.0249139 0.0358815 0.662373
0 0.455749 0.442473 0.024014 0.0500767 0.66231
0 0.578041 0.253072 0.0269245 0.0476873 0.659769
0 0.381974 0.292606 0.0165229 0.0345442 0.658559
0 0.402618 0.384284 0.0362756 0.0376778 0.658491
0 0.380766 0.301381 0.0171577 0.0361184 0.658449
0 0.405415 0.508492 0.0234083 0.0479255 0.656177
0 0.811018 0.237764 0.0368498 0.0444663 0.652938
0 0.889758 0.624126 0.0334747 0.0692928 0.649698
0 0.636766 0.173159 0.0334419 0.0447139 0.649378
0 0.432525 0.406503 0.0260452 0.0455209 0.64384
0 0.433504 0.367297 0.0257998 0.036825 0.639287
0 0.367237 0.278209 0.0177708 0.0334106 0.635261
0 0.615814 0.421238 0.0374994 0.0464511 0.63464
0 0.966611 0.529463 0.0539641 0.0655405 0.634068
0 0.370223 0.246827 0.0171158 0.0272597 0.633139
0 0.958815 0.469726 0.0576033 0.0719528 0.631709
0 0.581655 0.339581 0.0252692 0.0398932 0.624772
0 0.426683 0.632749 0.026953 0.0466921 0.6232
2 0.436319 0.260435 0.0242442 0.0368587 0.622042
0 0.861408 0.279206 0.054255 0.0576796 0.621949
0 0.881361 0.503683 0.0364502 0.0621669 0.620274
0 0.433976 0.331701 0.0260537 0.0382807 0.620167
0 0.405133 0.551025 0.0233134 0.0461647 0.618871
0 0.359781 0.377983 0.0166372 0.0337834 0.617135
0 0.958358 0.0586821 0.0602155 0.0415154 0.614867
2 0.504427 0.422446 0.0254822 0.0466418 0.610689
0 0.722664 0.442605 0.0320311 0.0573225 0.609835
0 0.579697 0.296697 0.0254882 0.0419297 0.608879
0 0.820169 0.286148 0.0356354 0.0556202 0.608824
0 0.894727 0.750932 0.0285773 0.0644849 0.607031
0 0.734927 0.220105 0.0400333 0.0441161 0.606995
0 0.681542 0.343305 0.0359081 0.0520158 0.603515
2 0.530668 0.887707 0.0268902 0.0604255 0.601652
0 0.38316 0.773454 0.0244153 0.0457732 0.596127
0 0.764686 0.118826 0.0492755 0.0532764 0.595584
0 0.547662 0.115868 0.0273262 0.0411364 0.595386
0 0.525011 0.167182 0.0195936 0.0395829 0.594059
2 0.527068 0.408921 0.0226303 0.0483074 0.593963
0 0.798961 0.148426 0.0388098 0.0437593 0.593939
0 0.729329 0.179304 0.0395418 0.0429731 0.593102
0 0.940628 0.354045 0.0531139 0.057673 0.590721
0 0.971452 0.591998 0.0541641 0.0681819 0.586074
0 0.975541 0.138725 0.0464963 0.0459532 0.585283
2 0.503935 0.2541 0.0238502 0.0419672 0.584704
0 0.875233 0.446161 0.0352076 0.0691773 0.582551
0 0.40399 0.311088 0.0352561 0.0377886 0.58228
0 0.817983 0.0996957 0.0332623 0.0465042 0.581075
1 0.474592 0.874401 0.0274021 0.0505224 0.57697
0 0.898905 0.370346 0.0341936 0.0581854 0.576519
2 0.459018 0.209105 0.0199913 0.0366352 0.575865
0 0.392799 0.680687 0.0407934 0.0467909 0.574367
2 0.421839 0.876461 0.0217391 0.0644591 0.571002
0 0.434884 0.294096 0.025208 0.0431883 0.568581
2 0.455061 0.489086 0.0244923 0.0499942 0.567855
0 0.52541 0.202526 0.0198416 0.0408456 0.563867
0 0.8053 0.194082 0.0380915 0.0455015 0.561598
0 0.94996 0.411604 0.0513512 0.0636128 0.561582
0 0.390736 0.821755 0.0410596 0.0469875 0.55979
0 0.376055 0.362127 0.0164536 0.0382046 0.559739
1 0.705761 0.872338 0.0430311 0.0759015 0.559276
0 0.406715 0.280432 0.0349121 0.0341579 0.55742
0 0.346981 0.660146 0.018865 0.0658702 0.55638
0 0.548982 0.186335 0.0271307 0.0415489 0.555929
0 0.798238 0.412232 0.0392508 0.0601703 0.539471
0 0.503418 0.178524 0.024349 0.0429499 0.538334
0 0.504339 0.294423 0.0241502 0.0442599 0.53744
0 0.37522 0.405508 0.0153533 0.038401 0.536944
0 0.604601 0.201692 0.0327808 0.040204 0.536228
0 0.375552 0.370933 0.0156268 0.0331957 0.533507
2 0.480911 0.303037 0.0234397 0.0442463 0.52397
2 0.221812 0.830038 0.0280865 0.0265732 0.523178
0 0.638395 0.216585 0.0351722 0.0422422 0.519638
0 0.44924 0.82352 0.0264714 0.0469496 0.516658
2 0.927878 0.80147 0.0346909 0.05725 0.514811
0 0.886284 0.562266 0.0348812 0.066567 0.513528
0 0.857895 0.761255 0.0451246 0.0591948 0.511822
0 0.504795 0.333126 0.0242479 0.0451255 0.511273
0 0.387415 0.468103 0.0178863 0.0391084 0.510483
0 0.968746 0.0983281 0.056163 0.0430914 0.50883
0 0.861385 0.214041 0.0556734 0.0554318 0.508681
2 0.458757 0.281186 0.0211889 0.0392818 0.504355
