0 0.587897 0.586665 0.0319101 0.0588699 0.865117
0 0.588853 0.643467 0.0319022 0.0552589 0.859953
0 0.773813 0.65887 0.0493956 0.0684571 0.856744
0 0.343585 0.818438 0.0175956 0.0450002 0.849224
0 0.693681 0.558955 0.0390092 0.0601554 0.844907
0 0.697872 0.678838 0.0421642 0.0676218 0.844726
0 0.517567 0.824233 0.0528095 0.0629047 0.843866
0 0.518008 0.764307 0.0533697 0.0577266 0.841622
0 0.699767 0.7414 0.0448923 0.0699142 0.84015
0 0.626158 0.755864 0.0375513 0.0660894 0.839136
0 0.560534 0.75901 0.0319397 0.0590955 0.837701
0 0.7023 0.802703 0.0461975 0.0629127 0.837363
0 0.776842 0.725251 0.0494112 0.0778708 0.835871
0 0.69575 0.336999 0.0684724 0.0553323 0.834752
0 0.62535 0.69399 0.0371784 0.0644991 0.833561
0 0.587099 0.531854 0.0304623 0.0567728 0.833063
0 0.590715 0.699346 0.0321223 0.0570576 0.832478
0 0.923295 0.608377 0.042152 0.0674086 0.831078
0 0.591405 0.756459 0.0317915 0.060016 0.830625
0 0.695626 0.61814 0.0402483 0.0640456 0.830573
0 0.62212 0.583464 0.0372866 0.0566284 0.829355
0 0.770622 0.59717 0.0487406 0.0671275 0.829161
0 0.623599 0.637697 0.0378084 0.0563438 0.828317
0 0.731259 0.613097 0.0348862 0.0610785 0.827258
0 0.854552 0.633539 0.0441885 0.0707796 0.825469
0 0.690775 0.499946 0.0379773 0.0625524 0.824467
0 0.660532 0.688615 0.0343656 0.0667886 0.823465
0 0.619576 0.525546 0.0376459 0.0631949 0.821289
0 0.558667 0.540395 0.0303425 0.0538506 0.819972
0 0.737524 0.736474 0.0342375 0.0723141 0.819665
0 0.659444 0.628708 0.0348415 0.0602979 0.819611
0 0.560051 0.704959 0.0317379 0.0581359 0.819469
0 0.426029 0.677427 0.0277121 0.0495829 0.817996
0 0.76713 0.537466 0.0463533 0.0648709 0.817383
0 0.690927 0.287942 0.0652405 0.051433 0.817145
0 0.655877 0.515648 0.0369799 0.0623065 0.817133
0 0.518144 0.712911 0.0530797 0.0546226 0.817128
0 0.426333 0.630271 0.0275074 0.0484635 0.814506
0 0.344288 0.773122 0.018211 0.0423969 0.813567
0 0.918697 0.545117 0.0427303 0.0665232 0.81351
0 0.558632 0.592716 0.0301105 0.0578345 0.811753
0 0.478468 0.766494 0.0258186 0.0529773 0.811644
0 0.652819 0.456911 0.0359626 0.0595117 0.809553
0 0.756671 0.422079 0.0439466 0.0586607 0.80955
0 0.585278 0.480027 0.0288828 0.0519748 0.809171
0 0.55257 0.302293 0.0305976 0.042214 0.808591
0 0.560084 0.822576 0.0317793 0.0675945 0.808581
0 0.762355 0.479123 0.0444949 0.0639552 0.808554
0 0.427459 0.582894 0.0274097 0.0512954 0.808502
0 0.426237 0.724712 0.0281031 0.0452852 0.808357
0 0.549671 0.221685 0.0275715 0.0398807 0.807947
0 0.73403 0.671806 0.0344325 0.0648223 0.807866
0 0.425529 0.770617 0.0284092 0.0462745 0.807623
0 0.380428 0.683085 0.0201556 0.046896 0.807577
0 0.400346 0.771473 0.0224937 0.0449127 0.806836
0 0.591282 0.819375 0.0307908 0.0644994 0.805074
0 0.557678 0.493052 0.0306183 0.0519009 0.805
0 0.728888 0.555709 0.0361522 0.0604754 0.80437
0 0.400736 0.681247 0.023233 0.0469992 0.804165
0 0.661954 0.751226 0.033549 0.0690304 0.803934
0 0.857341 0.703855 0.0464295 0.0770228 0.803909
0 0.452487 0.624324 0.0236983 0.0499252 0.803109
0 0.555395 0.444502 0.0311692 0.0528455 0.802715
0 0.355627 0.444344 0.0180733 0.040226 0.801318
0 0.844077 0.508109 0.043643 0.0654176 0.800728
0 0.400876 0.727161 0.0227112 0.0446283 0.80057
0 0.926966 0.673732 0.0419828 0.0683067 0.799907
0 0.453265 0.719405 0.0251044 0.0469679 0.797172
0 0.740673 0.800266 0.035287 0.0651325 0.797083
0 0.849671 0.569796 0.042918 0.0675078 0.796492
0 0.551084 0.261295 0.0291933 0.0401968 0.794843
0 0.698965 0.389657 0.069249 0.057896 0.794835
0 0.616924 0.472466 0.0376986 0.0513318 0.794523
0 0.478712 0.716878 0.0262996 0.0484267 0.792081
0 0.515523 0.317276 0.047456 0.0444809 0.790409
0 0.365848 0.600072 0.018344 0.0439339 0.789634
0 0.401654 0.635134 0.0230788 0.0460298 0.789101
0 0.45291 0.576643 0.0240229 0.0511232 0.788889
0 0.912599 0.485165 0.0386174 0.0621557 0.78862
0 0.583254 0.431368 0.0279905 0.0533511 0.788598
0 0.380537 0.728495 0.0199515 0.0432749 0.787631
0 0.422811 0.818866 0.0267708 0.0468169 0.78733
0 0.815917 0.650703 0.035684 0.0642281 0.787278
0 0.514376 0.276307 0.0477306 0.040647 0.786015
0 0.573395 0.173906 0.0254463 0.0384262 0.785696
0 0.657827 0.574606 0.03575 0.0595085 0.785211
0 0.367999 0.519097 0.0180159 0.0419289 0.785137
0 0.922581 0.249664 0.0555642 0.0547883 0.784855
0 0.45279 0.767905 0.0257238 0.0510296 0.782652
0 0.453677 0.529321 0.0249417 0.050702 0.782489
0 0.626765 0.817983 0.0383236 0.0625692 0.780637
0 0.36193 0.772635 0.0195587 0.0465909 0.779127
0 0.914002 0.198964 0.0569948 0.0468895 0.77891
0 0.36246 0.68394 0.0194397 0.0482103 0.777411
0 0.929939 0.74014 0.042503 0.0711193 0.776912
0 0.576137 0.251791 0.024452 0.0388626 0.774938
0 0.428687 0.492281 0.0288538 0.0495558 0.774699
0 0.751805 0.367551 0.0434816 0.0594646 0.772719
0 0.818289 0.714727 0.0357568 0.0741597 0.772008
0 0.571982 0.137571 0.0246371 0.0372049 0.771345
0 0.380246 0.772334 0.0205102 0.0439484 0.771185
0 0.452918 0.672392 0.02463 0.0487213 0.769333
0 0.839383 0.44925 0.0422635 0.061142 0.768914
0 0.403151 0.590315 0.0222546 0.0464951 0.767821
0 0.369088 0.478214 0.0185892 0.0430354 0.767062
0 0.549001 0.181607 0.0257191 0.0410877 0.765347
0 0.686453 0.242922 0.0637255 0.0458555 0.762999
0 0.515421 0.36194 0.0472463 0.046194 0.762972
0 0.362589 0.729199 0.0194756 0.0419516 0.762893
0 0.725825 0.496145 0.0355988 0.0648085 0.761426
0 0.47646 0.822686 0.0277896 0.0544598 0.76026
0 0.931969 0.299479 0.0550156 0.0562555 0.759216
0 0.517511 0.659241 0.0530544 0.0612304 0.759053
0 0.662695 0.805859 0.0326601 0.0545889 0.759044
0 0.513913 0.238285 0.047161 0.0409466 0.757816
0 0.812088 0.586819 0.0384352 0.0716043 0.756662
0 0.40758 0.421298 0.0218252 0.0432581 0.756439
0 0.428163 0.536904 0.0275967 0.047207 0.75504
2 0.360461 0.865608 0.0175422 0.0482561 0.755015
0 0.746839 0.315585 0.04146 0.0521031 0.754494
0 0.406132 0.461039 0.022443 0.0416061 0.754088
0 0.574155 0.21247 0.0248754 0.0414993 0.752876
0 0.479757 0.266039 0.0221037 0.041511 0.75056
0 0.614979 0.423481 0.0388232 0.0540164 0.748477
0 0.360675 0.818985 0.0189878 0.0459416 0.74842
0 0.477645 0.564757 0.0265666 0.0539637 0.747937
0 0.605828 0.237737 0.0358584 0.0483615 0.747652
0 0.449767 0.81961 0.0264695 0.048528 0.746267
0 0.571221 0.10462 0.0229502 0.0348945 0.745722
0 0.478449 0.518819 0.0264193 0.0495892 0.74493
0 0.345039 0.730604 0.0179712 0.0419907 0.742736
0 0.345484 0.684656 0.0173899 0.0491824 0.740786
2 0.929814 0.799595 0.0386041 0.056243 0.740738
0 0.803012 0.467947 0.0398348 0.0555089 0.740281
0 0.39808 0.818893 0.024131 0.0466256 0.739857
0 0.367455 0.558476 0.017653 0.0442854 0.739745
0 0.797877 0.413207 0.0418244 0.0620332 0.736207
0 0.40464 0.503911 0.0217638 0.0457233 0.734389
0 0.409248 0.380829 0.0212612 0.0387737 0.734114
0 0.831087 0.0865076 0.0585936 0.0512831 0.734062
0 0.678622 0.154477 0.0585703 0.0471714 0.731168
0 0.404344 0.546705 0.0212051 0.043483 0.730968
0 0.857231 0.21574 0.0643808 0.0555819 0.730934
0 0.553599 0.393801 0.0319008 0.053404 0.723765
0 0.479944 0.23009 0.0224786 0.0352469 0.722342
0 0.380394 0.288957 0.0162951 0.031727 0.721971
0 0.363374 0.640827 0.0185681 0.0402412 0.719434
0 0.682782 0.201572 0.0608854 0.0460319 0.717665
0 0.779388 0.791356 0.045781 0.0722614 0.716568
0 0.608574 0.283102 0.0355679 0.0438701 0.71612
0 0.635903 0.174063 0.0319425 0.0478732 0.715801
0 0.548927 0.144774 0.0236332 0.0353049 0.714718
0 0.694384 0.444531 0.0515635 0.0619068 0.711927
0 0.41065 0.343223 0.0204703 0.0392906 0.704199
0 0.37202 0.437914 0.01882 0.0426376 0.702576
0 0.893455 0.114085 0.0581303 0.0446358 0.701864
0 0.558706 0.648678 0.0313709 0.0593531 0.701225
0 0.807226 0.523371 0.0385466 0.0647084 0.699327
0 0.976036 0.135051 0.0459709 0.0441767 0.698831
0 0.740008 0.264462 0.0424627 0.0527551 0.696057
0 0.579014 0.290883 0.0252826 0.0424594 0.693749
0 0.429897 0.446561 0.0280833 0.0492245 0.693457
0 0.649405 0.401057 0.0361308 0.0583515 0.692147
0 0.516034 0.454115 0.0522644 0.0529207 0.687577
0 0.433897 0.328298 0.0274876 0.0390184 0.687213
0 0.366115 0.275079 0.0182776 0.0351471 0.687048
0 0.884068 0.0720173 0.0549152 0.0474234 0.684635
0 0.352586 0.482082 0.017722 0.0387254 0.683823
0 0.904192 0.155193 0.0565387 0.0431768 0.682761
0 0.39417 0.31352 0.0179004 0.0322557 0.681462
0 0.454553 0.483509 0.024301 0.0511545 0.681186
0 0.381101 0.636974 0.0198729 0.0431608 0.676278
0 0.364306 0.305786 0.0165712 0.0300611 0.676176
0 0.734991 0.217866 0.0408619 0.0438523 0.672043
0 0.455582 0.437422 0.0244571 0.0485409 0.670079
0 0.723801 0.13215 0.038125 0.0472257 0.668075
0 0.415268 0.239918 0.0230989 0.0341031 0.665974
0 0.378497 0.818703 0.0196236 0.0464849 0.663323
0 0.833568 0.390003 0.0415018 0.0620618 0.663283
0 0.514175 0.167381 0.0468237 0.0364258 0.662889
0 0.477793 0.669231 0.025724 0.051618 0.662021
0 0.456238 0.393175 0.0247044 0.0464479 0.661957
2 0.343487 0.865488 0.017154 0.0461838 0.661827
0 0.517072 0.503407 0.0545628 0.0523447 0.661311
0 0.381949 0.259931 0.0151779 0.0306301 0.660275
0 0.638567 0.216703 0.034336 0.042617 0.659828
0 0.357109 0.409783 0.0170656 0.0364997 0.659402
0 0.351232 0.52254 0.0176896 0.0438358 0.658755
0 0.34922 0.603985 0.0184395 0.042237 0.65413
0 0.389286 0.424919 0.0188412 0.0403621 0.65225
0 0.386852 0.464119 0.0188712 0.0405268 0.649565
0 0.376413 0.328357 0.0166881 0.0306964 0.647642
0 0.612542 0.373029 0.038676 0.0500922 0.6469
0 0.865894 0.264162 0.0642958 0.0530893 0.643365
0 0.395634 0.282288 0.017148 0.0316717 0.642382
0 0.346541 0.644332 0.017528 0.0386439 0.64211
0 0.350917 0.563615 0.0179863 0.0413792 0.641035
0 0.582407 0.381139 0.0278633 0.0521852 0.64098
0 0.958777 0.46237 0.0578537 0.0673205 0.640315
0 0.358546 0.376044 0.0162848 0.0332942 0.637703
0 0.640401 0.258196 0.0344788 0.0418811 0.637425
0 0.457341 0.35397 0.0226429 0.0418332 0.636175
0 0.94028 0.351258 0.0529213 0.0540303 0.633788
0 0.383465 0.593804 0.0205407 0.0477482 0.633676
0 0.479413 0.379264 0.0237761 0.0427983 0.630462
0 0.478419 0.469899 0.0259402 0.0542101 0.629696
0 0.879979 0.50111 0.0361378 0.0644999 0.628275
0 0.662531 0.818155 0.0321649 0.0624535 0.627849
0 0.479836 0.303237 0.022646 0.0382602 0.626044
0 0.477324 0.615953 0.0257252 0.0569711 0.620715
0 0.390957 0.385628 0.0183801 0.0393743 0.619924
0 0.385013 0.507753 0.0190423 0.0476633 0.616136
0 0.94898 0.403939 0.0518548 0.0600729 0.615888
0 0.894135 0.685699 0.0304437 0.0682757 0.61438
0 0.840148 0.131323 0.0596523 0.0423676 0.613072
0 0.5151 0.406212 0.0486225 0.049552 0.612515
0 0.969618 0.0936273 0.056752 0.0432696 0.60877
0 0.548842 0.114276 0.022847 0.0346048 0.606225
0 0.786336 0.303739 0.0414429 0.0575277 0.605534
0 0.513915 0.204007 0.0467203 0.0368843 0.605347
0 0.411868 0.307124 0.0198236 0.0343999 0.605089
0 0.527436 0.55036 0.0345248 0.0561148 0.602919
0 0.610088 0.328193 0.0372884 0.044523 0.601915
0 0.432628 0.364628 0.0264038 0.0410541 0.600341
0 0.373955 0.400769 0.0172338 0.0411263 0.598132
0 0.476419 0.871273 0.0274486 0.0486679 0.597231
0 0.728389 0.17694 0.0398323 0.0444308 0.59482
0 0.48044 0.340102 0.0237715 0.0379108 0.594195
0 0.478715 0.421923 0.026273 0.0449102 0.592512
0 0.520509 0.603109 0.0476342 0.0592845 0.590338
0 0.437814 0.218553 0.0237845 0.0342773 0.589482
0 0.84864 0.168612 0.061376 0.0449039 0.586895
0 0.646227 0.350569 0.0351545 0.0484476 0.583267
0 0.965601 0.524439 0.0548065 0.0689958 0.58107
0 0.704007 0.44094 0.066029 0.057933 0.578666
0 0.791719 0.359224 0.0403038 0.0581457 0.572614
1 0.797797 0.846864 0.0151926 0.032727 0.567554
0 0.703741 0.869232 0.0466103 0.0740612 0.5658
0 0.431446 0.40523 0.0263119 0.0471793 0.564917
1 0.421812 0.863535 0.0245835 0.045859 0.561938
2 0.553353 0.344695 0.0318627 0.045387 0.55883
0 0.392282 0.347262 0.0184302 0.0384458 0.553712
0 0.687341 0.443867 0.038752 0.0586788 0.548776
0 0.985825 0.226273 0.0275721 0.0507315 0.546494
0 0.37526 0.361901 0.017028 0.0334737 0.544526
0 0.361127 0.33761 0.0168496 0.0327947 0.542213
0 0.643835 0.303737 0.0349997 0.0467054 0.541855
1 0.797475 0.877126 0.0147791 0.0319162 0.5348
0 0.434665 0.289045 0.0269339 0.0392529 0.534577
0 0.826042 0.331309 0.0360744 0.0583507 0.534308
0 0.980897 0.17891 0.0332779 0.0462136 0.527064
0 0.385016 0.548852 0.0193087 0.0428623 0.521689
0 0.778759 0.14812 0.0690048 0.0465663 0.518205
0 0.874693 0.445843 0.0337788 0.0621107 0.514774
2 0.626683 0.879884 0.0380479 0.0581418 0.509529
0 0.507909 0.554804 0.0362122 0.0554626 0.509485
0 0.530501 0.602829 0.0279789 0.0589866 0.502256
0 0.480437 0.194776 0.0215602 0.0363975 0.501735
