0 0.700154 0.681501 0.0419006 0.0698237 0.87373
0 0.627704 0.758388 0.0391375 0.0628375 0.866633
0 0.663688 0.755446 0.0350721 0.0667069 0.860223
0 0.773611 0.663273 0.0483337 0.0675493 0.852181
0 0.701707 0.746058 0.0415233 0.0706308 0.849208
0 0.695391 0.561124 0.0398582 0.0602154 0.846053
0 0.767306 0.537426 0.0473671 0.0628853 0.844063
0 0.776728 0.728087 0.0464769 0.074736 0.8433
0 0.778588 0.793158 0.0450133 0.0712714 0.840918
0 0.692266 0.5025 0.0393772 0.0630787 0.840066
0 0.626579 0.700757 0.0373499 0.0597276 0.83962
0 0.738995 0.801953 0.0356905 0.0661101 0.838572
0 0.45289 0.773329 0.0270472 0.0497144 0.837639
0 0.662665 0.691962 0.035592 0.0678454 0.835729
0 0.702555 0.806639 0.0388514 0.0611527 0.83416
0 0.42568 0.77147 0.0276005 0.0484865 0.833556
0 0.68937 0.446986 0.0385425 0.0539757 0.832949
1 0.629851 0.85884 0.0443419 0.13496 0.831698
0 0.530371 0.828066 0.0270662 0.06051 0.831288
0 0.55971 0.655753 0.0348657 0.0602458 0.830265
0 0.685816 0.394162 0.038727 0.0561831 0.829424
0 0.736049 0.676695 0.0335676 0.0674299 0.828924
0 0.479886 0.773212 0.0284182 0.052316 0.828454
0 0.738237 0.740879 0.0337538 0.0692402 0.828358
0 0.42371 0.822008 0.0273685 0.0497288 0.827745
0 0.623907 0.643064 0.039146 0.061608 0.826953
0 0.697864 0.61927 0.0406677 0.0628115 0.825471
0 0.480139 0.721727 0.0289246 0.0507943 0.82304
0 0.658741 0.574972 0.036826 0.0619202 0.822167
0 0.477277 0.825591 0.0273987 0.0494966 0.821308
0 0.426293 0.724381 0.0282001 0.0463307 0.820188
0 0.85083 0.572935 0.0434986 0.0682293 0.820091
0 0.584779 0.436701 0.0271502 0.0541 0.818328
2 0.504458 0.376384 0.0244241 0.0480149 0.816302
0 0.452985 0.674664 0.0254837 0.0497734 0.815839
0 0.660485 0.632315 0.0359 0.0631034 0.815759
0 0.453206 0.626688 0.0250851 0.0496554 0.815424
0 0.504687 0.614225 0.0282588 0.0565242 0.815092
0 0.558986 0.601612 0.034482 0.0595819 0.814812
0 0.453665 0.723494 0.0266235 0.0489284 0.814776
0 0.924577 0.611722 0.0401192 0.0684749 0.814112
0 0.45036 0.82362 0.0269533 0.0474539 0.814058
0 0.92812 0.67864 0.0423847 0.0756937 0.813802
0 0.758364 0.42201 0.0452696 0.0625611 0.813432
0 0.42609 0.677245 0.0278514 0.0485947 0.813011
0 0.42797 0.586221 0.0270653 0.0449595 0.812824
0 0.841472 0.452686 0.0419308 0.0603808 0.812711
0 0.558646 0.550259 0.033292 0.0551842 0.812545
0 0.730372 0.558544 0.0347543 0.0601169 0.81048
0 0.763113 0.480042 0.0452163 0.0630183 0.80987
0 0.84583 0.511904 0.0431703 0.0655816 0.809676
0 0.808369 0.527514 0.0388126 0.0659254 0.809501
0 0.529577 0.608954 0.0250095 0.0561778 0.807823
0 0.529875 0.662365 0.0254793 0.0581098 0.806097
0 0.929866 0.757294 0.0418006 0.0470649 0.805785
0 0.478271 0.621801 0.0284922 0.0525159 0.805654
0 0.478808 0.671364 0.0284485 0.0517725 0.804883
0 0.503755 0.82792 0.0273237 0.0559019 0.80374
0 0.557767 0.499106 0.0328192 0.0552497 0.803148
0 0.505849 0.56149 0.0281095 0.0543668 0.799663
0 0.732508 0.618036 0.0341045 0.0594021 0.799365
0 0.506302 0.513431 0.0272633 0.0520659 0.798848
2 0.927989 0.803178 0.038073 0.0559769 0.797578
0 0.919646 0.548127 0.0412822 0.0653411 0.796901
0 0.673433 0.248619 0.0343206 0.0459655 0.795871
0 0.504924 0.66691 0.0280642 0.0549612 0.795482
0 0.623196 0.585608 0.0382274 0.0573041 0.793754
0 0.506399 0.718402 0.0276007 0.0538826 0.793523
0 0.479777 0.571574 0.0273685 0.0559542 0.79288
0 0.560922 0.710429 0.0354373 0.0579867 0.791163
2 0.55396 0.349702 0.0318384 0.0486195 0.790416
0 0.803469 0.468659 0.0398131 0.0631256 0.789792
0 0.681922 0.342394 0.0373827 0.0541131 0.789449
2 0.527535 0.408479 0.0227876 0.0505259 0.788453
0 0.401182 0.679681 0.0237923 0.0457916 0.787327
0 0.753253 0.367452 0.0457639 0.0596615 0.785351
0 0.656046 0.520155 0.0369587 0.0554187 0.785328
0 0.677638 0.293335 0.0355428 0.0487748 0.783393
0 0.356672 0.448523 0.0180541 0.0404651 0.7826
0 0.430128 0.497747 0.0268849 0.0469618 0.779987
0 0.429134 0.543025 0.0262736 0.0474594 0.774888
0 0.401942 0.636724 0.0237712 0.043948 0.774207
0 0.530834 0.717016 0.0251291 0.0540365 0.774035
0 0.727645 0.497801 0.035181 0.0662336 0.773344
0 0.589811 0.592116 0.0287296 0.056014 0.772769
0 0.907263 0.428603 0.0403526 0.0631027 0.771949
0 0.893997 0.755439 0.0310723 0.0654148 0.771868
2 0.530004 0.893756 0.0267586 0.0689963 0.770301
0 0.913643 0.487803 0.0382793 0.0659458 0.77004
0 0.50614 0.771911 0.027096 0.0533163 0.769541
0 0.669418 0.204896 0.0327289 0.0449991 0.768992
0 0.592204 0.70405 0.029063 0.056697 0.767965
0 0.666635 0.161536 0.0314356 0.0458397 0.766195
0 0.813164 0.591049 0.0380539 0.0727864 0.7656
0 0.925332 0.250614 0.0543167 0.0557219 0.764667
0 0.857005 0.703546 0.0423759 0.0738607 0.764413
0 0.454464 0.577415 0.0262018 0.055802 0.762517
0 0.770802 0.599406 0.0490418 0.0728136 0.762273
2 0.527507 0.363232 0.0227461 0.0472712 0.761447
0 0.555983 0.447548 0.0328985 0.0536148 0.761349
0 0.653832 0.466259 0.0377054 0.0574493 0.761023
0 0.400863 0.769526 0.0227484 0.048944 0.760535
0 0.583427 0.385145 0.026626 0.0525685 0.760364
0 0.572704 0.106839 0.0228918 0.0359243 0.758742
0 0.551712 0.263639 0.0296369 0.0446046 0.757175
1 0.703902 0.873819 0.0331041 0.0764277 0.75637
0 0.93005 0.72353 0.0420623 0.0366799 0.756274
0 0.81566 0.653838 0.0373502 0.0682691 0.754205
0 0.934855 0.29943 0.0558092 0.0552112 0.753324
0 0.914401 0.200542 0.055719 0.0502367 0.751203
0 0.79943 0.411378 0.0412851 0.0626831 0.74492
0 0.554711 0.397741 0.0325517 0.0548361 0.744833
0 0.95147 0.413856 0.053125 0.0630919 0.74141
2 0.529025 0.455702 0.023144 0.0520632 0.741271
0 0.406736 0.464531 0.0221018 0.0406468 0.740315
0 0.577713 0.256235 0.0257984 0.0432849 0.740082
0 0.85758 0.765623 0.0418087 0.0636883 0.737559
0 0.748473 0.316195 0.0424926 0.0532907 0.735778
0 0.886555 0.0763318 0.0547661 0.0476842 0.734205
2 0.456055 0.245656 0.0187018 0.0397808 0.732792
2 0.457206 0.357335 0.0227318 0.0444986 0.732247
0 0.723464 0.129659 0.0379751 0.0502411 0.732161
0 0.408072 0.423784 0.0216721 0.044793 0.731741
0 0.404133 0.592799 0.0224945 0.0474559 0.731447
0 0.651103 0.407704 0.0368833 0.0557683 0.731114
0 0.586453 0.481852 0.0276764 0.0445589 0.729554
0 0.405844 0.506116 0.02224 0.04792 0.729299
0 0.620479 0.530575 0.0380565 0.058559 0.72738
0 0.479732 0.428821 0.026589 0.0496431 0.727031
2 0.457449 0.283087 0.0207497 0.0415939 0.726995
0 0.353437 0.48488 0.0167941 0.0344537 0.726881
0 0.368909 0.517632 0.0178427 0.0470433 0.726299
1 0.449094 0.869666 0.0263844 0.0469147 0.725157
0 0.835015 0.394567 0.0409523 0.0647655 0.723986
0 0.847686 0.0852255 0.0321562 0.0494311 0.720495
0 0.905086 0.158338 0.0554983 0.0443915 0.719187
0 0.367113 0.600088 0.0186859 0.049198 0.718925
0 0.723189 0.441143 0.0327219 0.0548823 0.717239
0 0.530322 0.555612 0.025059 0.0558786 0.715839
0 0.378056 0.328953 0.0176074 0.0319698 0.715198
0 0.613811 0.373732 0.038154 0.0496006 0.714948
0 0.529797 0.505858 0.0242035 0.0549486 0.714935
0 0.40948 0.382062 0.0207425 0.0407711 0.713323
0 0.57572 0.211194 0.0244291 0.0403365 0.712468
0 0.36497 0.306473 0.0173396 0.0326221 0.711079
2 0.457802 0.319158 0.0211642 0.0407365 0.708792
0 0.893419 0.693665 0.0326778 0.0742616 0.708747
0 0.405365 0.549708 0.0218607 0.0447763 0.706418
0 0.611872 0.325858 0.0373439 0.0512741 0.704156
2 0.505315 0.468479 0.0254255 0.050469 0.702456
0 0.358942 0.410808 0.0177663 0.0395401 0.702377
0 0.530983 0.769906 0.0251173 0.0543231 0.702067
0 0.36864 0.558599 0.0178296 0.0402026 0.699978
2 0.423072 0.873315 0.0254894 0.0563076 0.693456
0 0.827641 0.337991 0.0379901 0.0543084 0.687792
0 0.480262 0.522074 0.0267437 0.0524512 0.687638
0 0.525178 0.240639 0.020327 0.0413974 0.68749
0 0.787137 0.307007 0.0395416 0.0560823 0.686613
0 0.895976 0.117707 0.0560287 0.0433508 0.68477
0 0.881888 0.503119 0.0351441 0.065707 0.68363
0 0.479679 0.475002 0.0264 0.0501529 0.680951
0 0.637047 0.177211 0.0328951 0.0400125 0.67952
0 0.615509 0.422796 0.0382318 0.0508451 0.679094
0 0.553319 0.305355 0.0309955 0.0439167 0.67905
0 0.64777 0.354016 0.0373979 0.0511539 0.67701
0 0.560914 0.763704 0.0349373 0.0558733 0.676114
2 0.435992 0.222402 0.0240434 0.0377985 0.675554
0 0.50458 0.214182 0.0239746 0.0424627 0.673754
2 0.52652 0.279475 0.0208441 0.0415129 0.671916
0 0.480332 0.266106 0.0249115 0.0415797 0.671176
0 0.574592 0.174611 0.0243149 0.0370131 0.670398
0 0.890705 0.317352 0.0354084 0.0508722 0.663952
0 0.805528 0.19148 0.0385475 0.0471792 0.662826
0 0.819523 0.0987827 0.0340264 0.0472095 0.661993
0 0.349837 0.604859 0.0195561 0.0474456 0.658947
0 0.345832 0.686693 0.0189949 0.050057 0.657012
0 0.480157 0.384268 0.0248367 0.0477733 0.656623
0 0.36353 0.686837 0.0189649 0.045892 0.65506
2 0.456409 0.397339 0.0231223 0.0482348 0.652702
0 0.855239 0.636786 0.0418693 0.0690284 0.652657
0 0.391463 0.390217 0.0188753 0.041603 0.650932
0 0.740915 0.264118 0.0426847 0.051677 0.649826
0 0.410673 0.344494 0.0204287 0.0404187 0.64956
0 0.579926 0.296855 0.0256926 0.0415513 0.649406
0 0.382062 0.296415 0.0168357 0.0360854 0.648185
0 0.588595 0.538727 0.028754 0.0543795 0.647614
0 0.383508 0.264259 0.0160029 0.0345679 0.645391
0 0.959207 0.468259 0.0563991 0.0647805 0.645063
2 0.456047 0.210667 0.0175669 0.0369012 0.640243
0 0.433067 0.330613 0.0251858 0.0402594 0.638101
0 0.581225 0.336686 0.0253463 0.0435722 0.637999
1 0.800237 0.88633 0.0190098 0.0446606 0.636234
0 0.898808 0.369198 0.036791 0.0609193 0.634235
0 0.504635 0.251691 0.0232649 0.04361 0.634202
0 0.527853 0.320174 0.0214515 0.0432287 0.633858
0 0.399279 0.82113 0.0243469 0.0513832 0.632443
0 0.592842 0.759698 0.0288235 0.060561 0.632326
0 0.383952 0.594105 0.0197475 0.0505473 0.632297
0 0.364139 0.644689 0.0183995 0.0424846 0.629773
0 0.370184 0.478029 0.0179977 0.0400182 0.629172
0 0.381173 0.682315 0.0192745 0.0491405 0.628742
0 0.430908 0.451164 0.0262794 0.0472078 0.62771
0 0.944161 0.355567 0.0563023 0.0651481 0.627422
2 0.479051 0.197091 0.025371 0.0348609 0.625863
0 0.884645 0.26716 0.0358166 0.0573726 0.625232
0 0.821698 0.28506 0.0349498 0.0556734 0.61812
0 0.792891 0.359261 0.0384244 0.0553836 0.617875
0 0.351696 0.52446 0.0177361 0.0423476 0.615415
1 0.739781 0.871446 0.0392192 0.0753586 0.61327
0 0.39229 0.350762 0.0174502 0.0364356 0.612006
1 0.89245 0.815603 0.0338493 0.063981 0.611513
0 0.590655 0.648291 0.0296637 0.0608423 0.610458
0 0.965961 0.528923 0.056776 0.0682166 0.609242
0 0.363613 0.727884 0.0192217 0.0403329 0.608658
0 0.395512 0.315996 0.0172986 0.03606 0.604872
0 0.375268 0.402908 0.0157926 0.0416558 0.604086
0 0.886317 0.562777 0.0324711 0.067899 0.600971
2 0.95913 0.0556724 0.0575981 0.0418911 0.600783
0 0.345332 0.731132 0.0195606 0.0397279 0.597331
2 0.481085 0.344056 0.0252508 0.0436481 0.597102
0 0.381194 0.726857 0.0194774 0.0420127 0.594914
1 0.670099 0.856689 0.0371231 0.131172 0.592871
0 0.387705 0.467712 0.0181319 0.0387374 0.592003
0 0.386192 0.510652 0.0185198 0.0474429 0.590858
0 0.641698 0.259649 0.0351195 0.0422485 0.587437
0 0.380969 0.770766 0.0201346 0.0469372 0.58732
0 0.854928 0.125615 0.0329878 0.039663 0.584798
0 0.373198 0.440852 0.0183769 0.037842 0.583772
0 0.362046 0.337462 0.0167524 0.0316151 0.580395
0 0.375414 0.373097 0.0162465 0.0317121 0.577716
0 0.736455 0.2172 0.0414978 0.0437553 0.577586
0 0.432568 0.366007 0.0244038 0.0372294 0.573869
0 0.376068 0.363296 0.0164888 0.0387532 0.573677
0 0.872111 0.214186 0.0364689 0.05402 0.573132
1 0.776209 0.891029 0.0300998 0.0382646 0.569169
0 0.573526 0.139721 0.0239119 0.03625 0.568984
2 0.502864 0.890867 0.0263568 0.0658605 0.567644
0 0.890245 0.627501 0.0319111 0.0692282 0.566637
0 0.401181 0.72435 0.0231921 0.0435386 0.564222
0 0.854306 0.277177 0.0374111 0.054295 0.562127
0 0.363987 0.770314 0.0187025 0.04578 0.558638
2 0.50459 0.42199 0.0252779 0.0490023 0.556177
0 0.426678 0.631029 0.0273102 0.0469291 0.556122
0 0.729616 0.174667 0.0398039 0.0447195 0.555956
0 0.758391 0.118905 0.0364365 0.0513217 0.554057
0 0.645032 0.305443 0.0359234 0.0456036 0.550586
0 0.367798 0.274515 0.0176973 0.0335599 0.547689
2 0.504545 0.142838 0.0269897 0.0357051 0.546198
0 0.844869 0.230539 0.0346264 0.0467404 0.534834
0 0.617764 0.479545 0.0372185 0.0493741 0.533824
0 0.407901 0.30994 0.0274881 0.0376063 0.531571
0 0.344829 0.77204 0.01975 0.0449309 0.530506
0 0.561326 0.825569 0.0341003 0.0643629 0.529155
0 0.45589 0.442132 0.0233681 0.0512419 0.527075
0 0.549861 0.223282 0.0284166 0.0443896 0.526604
0 0.811476 0.237157 0.0363259 0.0471162 0.526483
1 0.858043 0.822199 0.0373033 0.0601189 0.52397
0 0.638746 0.217197 0.034136 0.0405312 0.521812
0 0.505665 0.467632 0.0263681 0.0496415 0.521263
0 0.389809 0.429317 0.0184087 0.0432712 0.517529
0 0.816364 0.717481 0.0339594 0.0783456 0.512498
2 0.435595 0.257819 0.0236559 0.0393272 0.511969
2 0.455054 0.489763 0.0240494 0.0511183 0.509926
0 0.525658 0.13663 0.0167958 0.034584 0.509166
0 0.385736 0.551193 0.0189037 0.0433379 0.500685
