0 0.344733 0.8194 0.0177558 0.0457467 0.863967
0 0.700184 0.681782 0.0422913 0.0673178 0.860891
0 0.767297 0.538907 0.0470136 0.0624636 0.859947
0 0.772949 0.660797 0.0492437 0.0697825 0.855091
0 0.627077 0.76052 0.0386557 0.0639862 0.853371
0 0.701482 0.743567 0.0424626 0.0662611 0.84931
0 0.695178 0.562592 0.0401403 0.0633445 0.847502
0 0.688655 0.447389 0.0382712 0.0568155 0.846622
0 0.625948 0.702307 0.0385056 0.0615659 0.845499
0 0.662044 0.692577 0.0356223 0.0646776 0.844293
0 0.691606 0.502585 0.0393595 0.0609998 0.843791
0 0.737626 0.74028 0.0316873 0.0665293 0.842584
0 0.927422 0.676326 0.0410744 0.0721846 0.84147
0 0.924393 0.609875 0.0400856 0.0666765 0.840363
0 0.555942 0.446663 0.0331496 0.0536423 0.838995
0 0.775083 0.727914 0.0473667 0.0751595 0.837961
0 0.663472 0.755573 0.0343875 0.0670963 0.83655
0 0.70315 0.803969 0.0423101 0.0615393 0.834908
0 0.778322 0.791881 0.0449004 0.0659102 0.834439
0 0.506624 0.512648 0.0279776 0.0528859 0.832011
0 0.453026 0.624331 0.026423 0.0500972 0.83077
0 0.478939 0.669019 0.0283016 0.0518139 0.829243
0 0.697985 0.621888 0.0421064 0.0621373 0.828065
0 0.425658 0.772164 0.0277424 0.0468006 0.827228
0 0.453353 0.722124 0.0271063 0.0498306 0.825287
0 0.479763 0.720468 0.0285613 0.0515872 0.824977
0 0.735544 0.67695 0.0308645 0.0665725 0.824026
0 0.478731 0.617993 0.0281706 0.0525398 0.824002
0 0.504953 0.612411 0.0278524 0.0557848 0.822509
0 0.658425 0.57292 0.0368832 0.0635698 0.822017
0 0.452705 0.772862 0.0268193 0.0485135 0.819891
0 0.559086 0.655132 0.0332628 0.0573502 0.81799
0 0.452718 0.673139 0.0266148 0.0504276 0.816917
0 0.529492 0.607702 0.0254227 0.0556602 0.816813
0 0.6601 0.631086 0.0365627 0.0608397 0.816463
0 0.530323 0.66165 0.025473 0.0575057 0.81556
0 0.426208 0.676687 0.0270601 0.0478849 0.815084
0 0.479285 0.772354 0.0278118 0.0507558 0.813755
0 0.427888 0.583776 0.0268878 0.0485074 0.813489
0 0.506349 0.560475 0.0280477 0.0534996 0.81172
0 0.42619 0.724893 0.0275236 0.0479333 0.811691
0 0.560729 0.71048 0.0339158 0.0584526 0.809967
0 0.739972 0.800318 0.0332376 0.0612492 0.809268
0 0.856801 0.703877 0.0459824 0.0738108 0.808467
0 0.505342 0.665395 0.0283775 0.0555273 0.808414
0 0.850303 0.573812 0.0441633 0.0692982 0.806083
0 0.919726 0.548188 0.0400717 0.065869 0.805596
0 0.553011 0.306256 0.0307738 0.0447688 0.805484
0 0.9285 0.739662 0.0410134 0.0682077 0.805355
0 0.591868 0.706315 0.030308 0.0591917 0.805219
0 0.812711 0.591076 0.0375834 0.0676702 0.803879
0 0.623755 0.645664 0.0386773 0.0588913 0.803614
0 0.685586 0.394366 0.0375801 0.0548952 0.803524
0 0.558341 0.600615 0.0333263 0.0573627 0.803355
0 0.557696 0.49818 0.0326786 0.0543311 0.803304
0 0.73216 0.618372 0.0323421 0.0642841 0.803233
0 0.558253 0.548298 0.0329554 0.0568719 0.802329
0 0.853629 0.638059 0.044693 0.0669518 0.801724
0 0.429884 0.496366 0.027325 0.0475375 0.798948
0 0.34532 0.777096 0.0183711 0.0370389 0.79611
0 0.506422 0.717945 0.0285925 0.0535126 0.795271
0 0.814828 0.656232 0.0363384 0.0670567 0.794901
0 0.480026 0.567876 0.027863 0.0528506 0.794461
0 0.757819 0.423267 0.0446461 0.0597408 0.790285
0 0.57444 0.175109 0.0255115 0.0380081 0.789376
0 0.585155 0.434994 0.0289518 0.0534065 0.788323
0 0.58879 0.592664 0.0301638 0.0556937 0.787662
2 0.391078 0.876096 0.0392211 0.0602522 0.787345
0 0.83963 0.451376 0.0426757 0.0607293 0.786472
0 0.67328 0.249994 0.03395 0.047788 0.786331
0 0.677453 0.294199 0.0349276 0.0485567 0.786151
0 0.844887 0.511961 0.0442991 0.0655512 0.784551
0 0.428875 0.540361 0.0269525 0.0442988 0.783804
0 0.548138 0.149875 0.0282148 0.0395011 0.783288
0 0.480267 0.266847 0.0230162 0.0430088 0.782378
0 0.561431 0.76529 0.0339035 0.0569004 0.781666
0 0.655667 0.515779 0.0373779 0.0570341 0.781381
0 0.620155 0.530823 0.036262 0.0615877 0.780458
0 0.401186 0.726928 0.0230266 0.0449775 0.778746
0 0.592681 0.762623 0.0301001 0.0581909 0.77753
0 0.527712 0.321594 0.0209964 0.0440949 0.777091
0 0.770533 0.599204 0.0497869 0.0698556 0.777069
0 0.648452 0.362911 0.0360209 0.0460645 0.776918
0 0.730345 0.557408 0.033933 0.0615858 0.775984
0 0.747873 0.318846 0.0418155 0.0531221 0.775977
0 0.526738 0.280189 0.0209156 0.042156 0.775445
0 0.622524 0.589742 0.0381433 0.0580386 0.774555
0 0.479461 0.429157 0.0255661 0.049743 0.772949
0 0.550107 0.223688 0.0281717 0.0427592 0.77138
0 0.653388 0.465333 0.037073 0.0535942 0.76851
0 0.423483 0.821844 0.026536 0.0479229 0.767819
0 0.345969 0.691923 0.0180074 0.0426501 0.767348
0 0.762685 0.481824 0.0446231 0.0644267 0.767067
0 0.590071 0.649121 0.0305817 0.0592229 0.76657
0 0.606909 0.239952 0.0335695 0.0377135 0.766556
0 0.531503 0.71694 0.0251781 0.0548427 0.76451
0 0.480674 0.34515 0.0231746 0.044828 0.762913
0 0.9245 0.250204 0.0572671 0.0615836 0.761209
0 0.531017 0.828414 0.0265133 0.060929 0.756694
0 0.913884 0.199705 0.05601 0.0465417 0.75622
0 0.367162 0.602428 0.0189061 0.0464866 0.754236
0 0.400834 0.773888 0.0226618 0.0438982 0.754106
0 0.400813 0.68042 0.0248656 0.0468475 0.753507
0 0.363599 0.688854 0.0192698 0.0434032 0.752716
0 0.362502 0.820114 0.0192869 0.0457625 0.752625
0 0.60906 0.27779 0.0348992 0.0388464 0.751591
0 0.349893 0.604689 0.0195877 0.0476868 0.749507
0 0.651204 0.408987 0.036016 0.0518305 0.749283
0 0.363725 0.775088 0.0185047 0.0414696 0.748088
0 0.368634 0.560982 0.018463 0.0443793 0.748037
0 0.52573 0.241521 0.0202443 0.0419794 0.747288
0 0.548881 0.186088 0.0280588 0.0403274 0.74701
0 0.506057 0.771212 0.0285715 0.0524231 0.746037
0 0.430922 0.451722 0.0265312 0.0471523 0.745204
0 0.352485 0.525872 0.0177862 0.0395475 0.744634
0 0.611195 0.323835 0.0371298 0.0509733 0.744437
0 0.554364 0.397182 0.0328162 0.0541475 0.742956
0 0.61769 0.473025 0.0365238 0.0560456 0.742687
0 0.726869 0.49627 0.0345892 0.0657027 0.740572
0 0.66891 0.205544 0.0321826 0.0458304 0.740304
0 0.530145 0.555889 0.0255815 0.05308 0.737585
0 0.912238 0.487287 0.0378239 0.0656147 0.736404
2 0.480423 0.304571 0.0225725 0.0446822 0.735902
2 0.36149 0.869553 0.0203427 0.0525823 0.733706
0 0.815265 0.721749 0.0354751 0.0766842 0.732291
0 0.351335 0.56414 0.018235 0.0400267 0.73108
0 0.381176 0.727817 0.0186855 0.0406193 0.730524
0 0.530092 0.506482 0.0242247 0.0558494 0.730354
0 0.645537 0.312441 0.0354042 0.0525134 0.728557
0 0.575379 0.211078 0.0259487 0.0371718 0.727725
0 0.531767 0.769832 0.0252666 0.0532878 0.726449
0 0.587042 0.483813 0.0289596 0.052531 0.725242
0 0.722284 0.440943 0.0331805 0.0614376 0.724546
0 0.480347 0.520112 0.0269646 0.0507015 0.723978
0 0.480755 0.198407 0.020834 0.0398086 0.722123
0 0.345884 0.732315 0.0179803 0.0412835 0.721991
0 0.752928 0.369751 0.0431072 0.0585478 0.721986
0 0.503308 0.828701 0.0295176 0.05757 0.720195
0 0.402556 0.346422 0.0375063 0.0388682 0.719635
0 0.377614 0.331951 0.0179156 0.0343108 0.718395
0 0.363627 0.729774 0.0189369 0.0420166 0.714844
0 0.407131 0.463316 0.0237261 0.0418253 0.714716
0 0.480046 0.386978 0.0242578 0.0469547 0.714422
0 0.369162 0.519722 0.0176504 0.0438467 0.712809
0 0.480405 0.231822 0.0225447 0.0374958 0.71198
0 0.808245 0.530757 0.0379857 0.0637243 0.710818
0 0.588583 0.536351 0.0302315 0.0585179 0.70737
0 0.714545 0.336772 0.033641 0.0504025 0.70735
2 0.529026 0.455483 0.0228766 0.051947 0.702209
0 0.572854 0.106599 0.0231717 0.0359195 0.701099
2 0.503667 0.214866 0.0238657 0.0442947 0.700593
0 0.573578 0.139861 0.024654 0.0360167 0.700407
0 0.346711 0.650333 0.0181358 0.0451015 0.700186
0 0.364284 0.646346 0.0187229 0.0441528 0.6986
0 0.810377 0.238432 0.0380133 0.0456292 0.698241
0 0.454126 0.576607 0.0262781 0.0528554 0.697977
0 0.354127 0.48595 0.0171682 0.0379982 0.696148
0 0.614258 0.374177 0.0380573 0.0519423 0.695566
0 0.615894 0.421147 0.0376087 0.0476385 0.693677
2 0.458956 0.245067 0.0208032 0.0389795 0.691617
0 0.380845 0.774036 0.0192442 0.0451418 0.690042
2 0.437667 0.225136 0.0231977 0.0363058 0.686166
0 0.457974 0.359496 0.0222932 0.041963 0.684704
0 0.458365 0.320527 0.0212629 0.0415547 0.684624
0 0.881022 0.502489 0.0364155 0.0608127 0.684035
0 0.894337 0.116465 0.0562599 0.0437141 0.683112
0 0.505436 0.466097 0.0268378 0.0503092 0.683067
0 0.9335 0.299924 0.0542256 0.0553843 0.681608
0 0.825813 0.33626 0.036256 0.0518872 0.681277
0 0.832769 0.391372 0.041388 0.0611045 0.681008
0 0.364856 0.307025 0.0167393 0.031268 0.679306
0 0.583896 0.383039 0.0281391 0.0536918 0.673263
0 0.401681 0.637039 0.0250704 0.0440478 0.673123
0 0.874964 0.445775 0.0352175 0.0707951 0.672652
0 0.402441 0.38348 0.0369948 0.0388445 0.671479
0 0.890134 0.623897 0.032928 0.0719453 0.670837
0 0.975571 0.138406 0.0463005 0.0452556 0.670808
2 0.504016 0.145041 0.0252293 0.0380126 0.666665
0 0.380474 0.300045 0.0177771 0.0363594 0.666281
0 0.854677 0.279321 0.0400387 0.0543884 0.665037
2 0.55369 0.349936 0.0322112 0.048641 0.663152
0 0.383062 0.265065 0.0162236 0.0303284 0.662778
0 0.665546 0.161834 0.0305172 0.0476072 0.662446
0 0.709479 0.288471 0.0325989 0.0511195 0.658508
0 0.89364 0.689379 0.030507 0.0691747 0.657526
0 0.551693 0.264027 0.0294494 0.0449521 0.656918
0 0.904641 0.157211 0.0549835 0.0460307 0.656664
0 0.408654 0.422422 0.0232818 0.0437503 0.656062
2 0.530641 0.889143 0.026762 0.0586889 0.654058
0 0.907285 0.428152 0.039453 0.0632327 0.652281
0 0.723519 0.133246 0.0369793 0.0515976 0.650759
0 0.405152 0.508617 0.0239536 0.050067 0.65019
0 0.479933 0.473351 0.0267372 0.0479396 0.649931
0 0.885141 0.0765573 0.056076 0.0465098 0.642813
1 0.628537 0.886337 0.038947 0.0622043 0.6428
0 0.886441 0.560631 0.0349457 0.0682595 0.642593
2 0.527556 0.408858 0.0223068 0.0479328 0.640491
0 0.370408 0.479548 0.0176475 0.0404259 0.638839
0 0.949465 0.411469 0.0517346 0.0627119 0.635828
0 0.525164 0.136996 0.0184156 0.0370475 0.634604
0 0.455879 0.442103 0.0241318 0.0498669 0.630858
2 0.344095 0.867185 0.0169804 0.0486753 0.626639
0 0.859172 0.331228 0.0363194 0.0580717 0.625715
0 0.871776 0.214071 0.0377298 0.0546625 0.625592
0 0.404805 0.310947 0.0360124 0.0362188 0.624269
0 0.740732 0.267064 0.0405138 0.0528734 0.623845
2 0.436432 0.260479 0.0239725 0.0376602 0.62351
0 0.898962 0.369209 0.0341925 0.0635925 0.623287
0 0.80505 0.193456 0.0380286 0.0463375 0.623268
0 0.561115 0.825938 0.0330899 0.0649821 0.623083
0 0.68169 0.3428 0.0367146 0.0529778 0.619927
0 0.94187 0.355248 0.051439 0.0624726 0.61346
0 0.60485 0.201077 0.0325773 0.0389223 0.610186
0 0.95872 0.470926 0.0575026 0.0726563 0.604234
0 0.819709 0.285424 0.0363903 0.054236 0.603835
0 0.797439 0.149325 0.0351117 0.0432877 0.600088
2 0.50422 0.378868 0.0254438 0.0469035 0.599575
0 0.475327 0.824906 0.0269063 0.048502 0.599179
0 0.504274 0.29434 0.0249275 0.0441474 0.592668
0 0.664942 0.809841 0.0332219 0.0494761 0.592666
0 0.576323 0.825354 0.0621282 0.0644779 0.590757
0 0.802674 0.472323 0.0383519 0.062339 0.590278
0 0.859421 0.763265 0.0470625 0.0599256 0.589288
0 0.406674 0.279561 0.0352476 0.0357209 0.587578
0 0.525367 0.202561 0.0194678 0.0410732 0.583043
2 0.457807 0.210727 0.0167704 0.0360605 0.582924
2 0.503497 0.178776 0.0242132 0.0426726 0.582837
0 0.381071 0.683707 0.0180818 0.0472453 0.581952
0 0.370166 0.245448 0.0170611 0.0260807 0.578243
2 0.503955 0.254213 0.0244235 0.041166 0.570017
0 0.403354 0.595908 0.0236617 0.0464134 0.566763
0 0.547785 0.115204 0.0275332 0.0406626 0.565204
0 0.844553 0.0840469 0.0317772 0.0439433 0.560447
0 0.375697 0.366418 0.0170208 0.0391143 0.559226
0 0.404543 0.551506 0.0238101 0.0462276 0.545804
0 0.373033 0.441753 0.0179903 0.0378034 0.54234
0 0.628423 0.82334 0.0408058 0.0656051 0.538864
0 0.426818 0.630599 0.026717 0.0479762 0.532391
0 0.734933 0.220035 0.0387714 0.0433986 0.531007
0 0.96579 0.531299 0.055827 0.0684179 0.530473
0 0.358949 0.411676 0.0174262 0.0379106 0.529514
0 0.359689 0.376798 0.0160435 0.0362968 0.523235
0 0.958403 0.0581265 0.0581827 0.0407407 0.521625
0 0.636717 0.175148 0.0336001 0.0423194 0.52151
0 0.449483 0.823158 0.0259473 0.0466067 0.521299
2 0.422458 0.873445 0.0245251 0.0567986 0.520093
0 0.367096 0.277135 0.0178337 0.0326387 0.519087
0 0.591601 0.824581 0.0321203 0.0633528 0.514863
0 0.433707 0.331956 0.0254755 0.0379874 0.514454
2 0.390442 0.821642 0.0385577 0.0474487 0.513802
0 0.817956 0.0993107 0.0347771 0.0451966 0.507394
2 0.458581 0.28249 0.0203699 0.0398481 0.507198
0 0.868333 0.387456 0.03575 0.0630843 0.502655
0 0.456848 0.398252 0.0227637 0.0477764 0.502598
0 0.504372 0.42154 0.0266844 0.0488865 0.500695
