0 0.772872 0.658733 0.049809 0.0695439 0.866596
0 0.700459 0.740924 0.0421767 0.0677767 0.846406
0 0.698578 0.67832 0.0411802 0.0648397 0.845729
0 0.924385 0.608799 0.0403293 0.0686675 0.843113
0 0.625807 0.756477 0.0367678 0.0663624 0.842889
0 0.624922 0.694657 0.0366613 0.0637509 0.841672
0 0.775386 0.726135 0.0477842 0.078156 0.839884
0 0.702832 0.802732 0.0429385 0.0628334 0.835456
0 0.693849 0.558104 0.0402516 0.0608535 0.833871
0 0.504884 0.463956 0.0263519 0.0507632 0.830057
0 0.918964 0.545072 0.0417975 0.0672134 0.829233
0 0.661096 0.689312 0.0362663 0.0664323 0.82852
0 0.622831 0.637897 0.0380499 0.0578452 0.828336
0 0.695973 0.61763 0.0406883 0.0650062 0.82811
0 0.529208 0.50373 0.0224834 0.0555078 0.828044
0 0.659115 0.628742 0.0361052 0.0611963 0.827321
0 0.854124 0.633312 0.0452576 0.0681472 0.826585
0 0.691209 0.498744 0.038785 0.0628887 0.825689
0 0.587514 0.589619 0.0311692 0.0611712 0.825593
0 0.766967 0.537753 0.0474658 0.0642949 0.825085
0 0.591761 0.821253 0.0307556 0.0659013 0.822634
0 0.927999 0.673818 0.0400297 0.0683533 0.822509
0 0.528103 0.453779 0.0230314 0.0503782 0.819263
0 0.619434 0.527862 0.0373534 0.0620093 0.818741
0 0.343659 0.818486 0.017506 0.0479476 0.818649
0 0.50432 0.61184 0.0287615 0.0540025 0.816866
0 0.530105 0.823292 0.0260187 0.0578473 0.81572
0 0.616931 0.473033 0.0375705 0.0502447 0.815596
0 0.662126 0.753519 0.0348563 0.0673087 0.815172
0 0.857377 0.703905 0.0474235 0.0789352 0.815088
0 0.762658 0.477938 0.0448117 0.0647235 0.815054
0 0.480165 0.263759 0.0238432 0.0427122 0.814251
0 0.480508 0.341879 0.0247221 0.0417006 0.813908
0 0.552328 0.303111 0.0308587 0.0445442 0.813215
0 0.506069 0.715018 0.0290202 0.0528979 0.812827
0 0.911731 0.483155 0.0377667 0.064602 0.811838
0 0.554496 0.445798 0.0321355 0.0533334 0.810834
0 0.770159 0.596635 0.0497845 0.0675689 0.810803
0 0.479096 0.716171 0.0287823 0.0514196 0.810769
0 0.504563 0.663473 0.0296901 0.0530948 0.810572
2 0.389904 0.872438 0.0411997 0.0604063 0.810243
0 0.505669 0.510726 0.0271875 0.0524862 0.808925
0 0.922725 0.248189 0.0559292 0.054213 0.808874
0 0.504092 0.823306 0.0270293 0.0546203 0.807973
0 0.47981 0.382335 0.0254866 0.0493915 0.807883
0 0.621311 0.583512 0.0371995 0.0556252 0.806464
0 0.557673 0.653948 0.0323023 0.0581624 0.805888
0 0.756832 0.421135 0.0448279 0.0604856 0.804586
0 0.59064 0.702366 0.0313272 0.0596363 0.803855
0 0.504228 0.416784 0.0260156 0.0513665 0.803836
0 0.504622 0.326855 0.025269 0.0454663 0.80336
0 0.526341 0.276613 0.0223178 0.0414562 0.803154
0 0.505226 0.559763 0.0276961 0.0553482 0.801709
0 0.479532 0.518409 0.0280083 0.0512296 0.800381
0 0.737268 0.737124 0.0358522 0.0698846 0.800319
0 0.559854 0.821468 0.0332018 0.0639138 0.800257
0 0.741491 0.79949 0.0386083 0.0644943 0.79953
0 0.479035 0.426089 0.0266482 0.0505036 0.798483
0 0.583646 0.432643 0.0277858 0.0531068 0.797926
0 0.525587 0.235895 0.0225211 0.0425562 0.796739
0 0.478296 0.768117 0.028808 0.053257 0.796059
0 0.652533 0.455837 0.0362348 0.0591185 0.795484
0 0.449502 0.819768 0.0259538 0.0474605 0.795166
0 0.559898 0.76237 0.0339491 0.0576733 0.794195
0 0.47849 0.566885 0.0280531 0.0542491 0.794045
0 0.476709 0.821583 0.028432 0.0502972 0.793438
0 0.42587 0.676087 0.0271038 0.049343 0.792743
0 0.730803 0.613318 0.0334551 0.0645005 0.792299
0 0.527188 0.407457 0.022526 0.0510381 0.79211
0 0.588584 0.647061 0.0314098 0.0597631 0.792017
0 0.558821 0.709655 0.0333914 0.0581512 0.791553
0 0.553246 0.394322 0.0321419 0.0548198 0.785301
0 0.932352 0.299332 0.0541049 0.0578168 0.78513
0 0.529085 0.555076 0.0230664 0.0563286 0.785074
0 0.529017 0.60766 0.0229881 0.0558666 0.785072
0 0.585383 0.480168 0.0283905 0.0501328 0.785016
0 0.505741 0.768061 0.0284882 0.0536077 0.784706
0 0.530158 0.714767 0.0233074 0.0544671 0.784188
0 0.586728 0.53264 0.0299461 0.0614443 0.783997
0 0.529539 0.66013 0.0234503 0.0566056 0.783566
0 0.573319 0.172851 0.0249972 0.0381689 0.783523
0 0.549142 0.146446 0.0235056 0.0374836 0.783475
0 0.655465 0.514195 0.0371957 0.062796 0.783326
0 0.556932 0.544946 0.0322271 0.0570588 0.782608
0 0.355481 0.446307 0.0181687 0.0395218 0.782323
0 0.728573 0.554685 0.0346127 0.0593889 0.781798
0 0.4262 0.629884 0.0266892 0.0478598 0.781189
0 0.811729 0.589787 0.0386887 0.0677966 0.780812
0 0.591715 0.757852 0.0312225 0.0611612 0.779462
0 0.525688 0.197184 0.0241934 0.0382345 0.779455
0 0.525921 0.163538 0.0252557 0.0414684 0.779287
0 0.556975 0.598858 0.0325147 0.0594583 0.778706
0 0.626587 0.821608 0.0379739 0.06569 0.778066
0 0.885636 0.0729951 0.0553929 0.0463264 0.777658
0 0.427076 0.583631 0.0263901 0.0497492 0.776763
0 0.428117 0.492927 0.026515 0.0479707 0.775254
0 0.527514 0.316844 0.0218732 0.043696 0.774858
0 0.47924 0.472101 0.0279814 0.0506187 0.773575
0 0.55614 0.49501 0.0312525 0.0533855 0.773456
0 0.480255 0.302416 0.0245266 0.0409713 0.773146
0 0.752418 0.366477 0.0448756 0.0599729 0.77277
0 0.427733 0.537779 0.026565 0.0456025 0.772589
0 0.424821 0.769328 0.0271082 0.0477451 0.768918
0 0.400733 0.724497 0.0236101 0.043913 0.76819
0 0.454519 0.440111 0.0233505 0.0484954 0.767541
0 0.365846 0.60076 0.0183375 0.0442524 0.76734
0 0.57443 0.211538 0.0242579 0.0430739 0.767263
0 0.360499 0.819515 0.0185777 0.0495655 0.765767
0 0.50264 0.208759 0.0243997 0.0402376 0.763197
0 0.478242 0.66665 0.0277694 0.0521882 0.762834
0 0.503401 0.247321 0.0245071 0.043023 0.762517
0 0.849403 0.569517 0.0441406 0.0696783 0.75758
0 0.477815 0.61689 0.0275152 0.0519085 0.757273
0 0.893417 0.114155 0.0551253 0.0425737 0.756856
0 0.8387 0.449081 0.0410881 0.0607142 0.756517
0 0.479973 0.227098 0.0233219 0.04038 0.754807
0 0.688263 0.444588 0.0387905 0.0595071 0.754261
0 0.843486 0.506737 0.0435104 0.0651646 0.753929
0 0.657452 0.57465 0.0366194 0.0597506 0.75358
0 0.480126 0.193732 0.0220862 0.0387687 0.752489
0 0.913477 0.199411 0.0555082 0.0472993 0.752394
0 0.726563 0.496029 0.034084 0.0642208 0.752125
0 0.662964 0.809594 0.0340965 0.0539005 0.751813
0 0.802887 0.469771 0.0405081 0.0635991 0.750479
0 0.734987 0.674228 0.0346096 0.0654348 0.746614
0 0.576421 0.251936 0.0240408 0.040768 0.746505
0 0.94949 0.405335 0.0555226 0.0604925 0.746264
0 0.572005 0.136912 0.0248141 0.0377599 0.744463
0 0.615539 0.422956 0.0373081 0.0552432 0.742261
0 0.814875 0.64962 0.0369343 0.0649998 0.741187
0 0.550996 0.261516 0.0296677 0.043677 0.739202
0 0.549506 0.181503 0.0252533 0.0408319 0.737757
0 0.393562 0.314559 0.0180556 0.033856 0.736488
0 0.526554 0.12971 0.0243705 0.0367456 0.736424
0 0.504216 0.286731 0.0246704 0.0422374 0.735484
0 0.530804 0.766844 0.0237009 0.0536518 0.735251
0 0.455802 0.394978 0.0240524 0.0475636 0.733834
0 0.454067 0.483839 0.0236595 0.0464347 0.732632
0 0.704729 0.867741 0.0433266 0.0693353 0.730891
0 0.940611 0.350716 0.0551638 0.0541732 0.729508
0 0.367478 0.559819 0.017338 0.0443945 0.729223
0 0.549193 0.114009 0.0231332 0.0372188 0.727241
0 0.422905 0.819302 0.027001 0.0479056 0.72445
0 0.356646 0.410422 0.0177346 0.0388921 0.72442
0 0.42953 0.448571 0.0264627 0.0465141 0.723708
0 0.400148 0.769234 0.0234607 0.0464394 0.720917
0 0.397726 0.679709 0.0292345 0.0473171 0.720732
0 0.348791 0.604829 0.0189133 0.0445691 0.720673
0 0.816312 0.713918 0.0366105 0.0800718 0.720316
0 0.369085 0.477107 0.0183662 0.0430893 0.719549
0 0.365997 0.272395 0.0179993 0.0358681 0.718443
0 0.451249 0.768816 0.02693 0.0520335 0.717339
0 0.452796 0.71879 0.0260839 0.049718 0.715337
0 0.957102 0.467394 0.0600886 0.0741314 0.710938
0 0.410431 0.343678 0.0195951 0.0415838 0.710133
0 0.527511 0.360995 0.0216084 0.0497441 0.709891
0 0.367781 0.518285 0.017087 0.0458609 0.707367
0 0.361575 0.769902 0.0189371 0.051307 0.707184
0 0.903234 0.156051 0.0558789 0.044264 0.704474
0 0.649978 0.404286 0.0362766 0.053092 0.702899
0 0.906612 0.423663 0.0382639 0.0615366 0.701924
0 0.344936 0.688647 0.0180164 0.0476123 0.7016
0 0.747198 0.315395 0.0422604 0.053221 0.699499
0 0.362013 0.682339 0.0185602 0.0504532 0.699051
0 0.839794 0.127334 0.0587356 0.0427056 0.698232
0 0.425792 0.722118 0.0275256 0.0463894 0.698031
0 0.452314 0.669527 0.0251358 0.0526906 0.697153
0 0.831864 0.0847543 0.0597637 0.0438161 0.694639
0 0.343986 0.768184 0.0192042 0.0504907 0.693699
0 0.806772 0.529236 0.0383086 0.0640517 0.693179
0 0.857223 0.217102 0.0630722 0.0559034 0.692473
0 0.967994 0.0933964 0.0540042 0.0410331 0.690457
0 0.57151 0.103117 0.0231434 0.0366105 0.689282
0 0.433846 0.28691 0.0261839 0.0400536 0.686722
2 0.361108 0.870062 0.0186656 0.0536979 0.685931
0 0.436824 0.218862 0.0234697 0.0339301 0.68544
0 0.350301 0.563648 0.0185217 0.0424075 0.683303
0 0.452265 0.621114 0.0241634 0.0503226 0.683186
0 0.779436 0.792884 0.0422819 0.0708272 0.681257
0 0.957486 0.0544307 0.0585711 0.0404961 0.680308
0 0.411301 0.306239 0.0199782 0.0361249 0.67902
0 0.975827 0.134729 0.0460857 0.046611 0.675399
0 0.41563 0.239316 0.0211862 0.0365081 0.67495
0 0.8334 0.389126 0.0423138 0.0653347 0.673773
0 0.380222 0.28811 0.0163229 0.0310669 0.668875
0 0.34603 0.64695 0.0180506 0.0450427 0.666545
0 0.789871 0.105073 0.0348809 0.0426762 0.664821
0 0.479612 0.163426 0.021501 0.0409764 0.663661
0 0.363889 0.305362 0.0173206 0.0324169 0.663282
0 0.795415 0.147623 0.0352728 0.0435305 0.663011
0 0.582196 0.381465 0.0270451 0.0518836 0.662392
0 0.350814 0.52125 0.0179109 0.0448732 0.662216
0 0.352256 0.482502 0.0168611 0.0389405 0.661994
0 0.392187 0.679015 0.040137 0.0491946 0.661889
0 0.452709 0.572764 0.0243334 0.0503873 0.661866
0 0.392967 0.634293 0.0406223 0.0461922 0.661472
0 0.435489 0.251683 0.0246315 0.0366468 0.657658
0 0.395531 0.282765 0.0176601 0.0320733 0.653692
0 0.401918 0.590712 0.0250622 0.0473602 0.652824
0 0.685729 0.386886 0.0401796 0.0629952 0.652672
0 0.360264 0.338527 0.0170715 0.0355434 0.649543
0 0.362217 0.725826 0.0188788 0.0399142 0.649525
0 0.395547 0.547451 0.0393607 0.0443556 0.647731
0 0.389692 0.819631 0.0419563 0.0487855 0.646938
0 0.396032 0.506839 0.0391138 0.0474442 0.644625
0 0.368483 0.240329 0.0173161 0.0343544 0.644361
0 0.982426 0.17926 0.0343042 0.0481241 0.643206
0 0.457474 0.317811 0.020791 0.0392668 0.643007
0 0.50249 0.172039 0.0244896 0.0401783 0.641727
0 0.45783 0.279299 0.0209489 0.0378006 0.639927
0 0.357757 0.374289 0.017343 0.0404978 0.638969
0 0.894574 0.68256 0.0303362 0.0652728 0.637398
0 0.381814 0.259314 0.0160244 0.03472 0.636312
1 0.745822 0.890842 0.0381767 0.0395757 0.633716
0 0.363122 0.639995 0.0181993 0.0400874 0.627079
0 0.503503 0.881672 0.0267799 0.0614061 0.625709
1 0.745017 0.850922 0.0384544 0.0439923 0.622589
0 0.409205 0.382038 0.0202212 0.0410533 0.620617
0 0.405522 0.462001 0.0234782 0.0448349 0.618852
0 0.928139 0.729137 0.0382156 0.0498526 0.617406
0 0.458079 0.241831 0.0214201 0.0381654 0.616166
0 0.372207 0.434152 0.0187881 0.0504722 0.615077
0 0.379723 0.724767 0.0201028 0.0406567 0.614011
0 0.670765 0.246913 0.0331325 0.0455104 0.613624
0 0.740592 0.26519 0.0429684 0.0530171 0.612282
0 0.432986 0.325765 0.0262231 0.0425255 0.61178
0 0.476236 0.873511 0.0276169 0.0564256 0.606784
0 0.723055 0.128677 0.0379373 0.0499425 0.598871
2 0.923969 0.803446 0.0289833 0.0410127 0.596963
0 0.847326 0.171732 0.0592183 0.0505244 0.59582
0 0.722129 0.439718 0.0314623 0.0599217 0.589288
0 0.406143 0.422176 0.0250017 0.0436908 0.584689
0 0.991125 0.0509449 0.0177492 0.0413481 0.578058
0 0.899387 0.366978 0.033461 0.0576136 0.577408
2 0.664762 0.875189 0.0352791 0.0612671 0.576552
0 0.73575 0.21927 0.0402958 0.0449409 0.573891
0 0.550182 0.221031 0.0278623 0.0432273 0.573777
0 0.413401 0.272187 0.0208264 0.0358526 0.570175
0 0.391011 0.385873 0.018503 0.0410449 0.570106
0 0.578837 0.291099 0.0243288 0.0427219 0.568868
0 0.504569 0.369889 0.0261932 0.0502705 0.568566
0 0.455794 0.353591 0.0247366 0.0433223 0.565693
0 0.693669 0.387198 0.0572702 0.0631097 0.563024
0 0.757209 0.117558 0.0356306 0.0460015 0.56063
0 0.396479 0.253215 0.0186135 0.0336903 0.560105
0 0.63542 0.172431 0.0326215 0.046245 0.558399
1 0.626789 0.879338 0.0386205 0.0566775 0.55761
0 0.707722 0.285184 0.031864 0.0493211 0.555824
0 0.403567 0.507216 0.0247651 0.0469309 0.555566
0 0.449297 0.866043 0.025518 0.0502274 0.552727
0 0.432245 0.363659 0.0253801 0.0400783 0.552361
0 0.39195 0.347863 0.018515 0.0393267 0.551707
0 0.376239 0.327624 0.0158574 0.0321976 0.551649
0 0.797605 0.412548 0.0406654 0.0589982 0.54652
0 0.728011 0.174712 0.0395418 0.0469067 0.542574
0 0.890983 0.622367 0.0325249 0.0706974 0.541706
0 0.711643 0.332805 0.0344782 0.0523 0.540738
2 0.529449 0.884394 0.0268101 0.0645343 0.537248
0 0.395045 0.423761 0.0301754 0.0437908 0.534632
0 0.678034 0.15612 0.0582716 0.0548221 0.534501
0 0.458288 0.208436 0.0204588 0.0373166 0.530893
0 0.675522 0.290197 0.0329224 0.0499752 0.528627
0 0.84055 0.0849445 0.0429214 0.0471563 0.522643
0 0.344625 0.745511 0.0195877 0.0695847 0.519987
0 0.826224 0.33109 0.0393859 0.0574704 0.517153
0 0.679863 0.334626 0.0341635 0.051992 0.514182
2 0.343511 0.865744 0.0168957 0.0476613 0.513157
0 0.949793 0.0207075 0.0565342 0.0338507 0.511019
0 0.374988 0.362548 0.0163567 0.0384467 0.508703
0 0.43151 0.403067 0.0250775 0.0463046 0.503887
