0 0.389164 0.818764 0.0409621 0.048362 0.874442
0 0.775449 0.725703 0.0456643 0.0726189 0.850149
0 0.695067 0.560047 0.0407779 0.0642106 0.848186
0 0.699779 0.680751 0.041527 0.0688361 0.845955
0 0.702703 0.803453 0.0424099 0.0611494 0.844459
0 0.697355 0.620083 0.0412782 0.0648625 0.842863
0 0.924242 0.609087 0.0408754 0.0676926 0.841754
0 0.626391 0.758748 0.0374255 0.0637018 0.839152
0 0.591723 0.823229 0.0329932 0.0667839 0.838347
0 0.92843 0.67393 0.0419494 0.0709936 0.837246
0 0.66272 0.753034 0.0345476 0.0674378 0.836264
0 0.77293 0.659837 0.0489453 0.071091 0.835061
2 0.389187 0.86273 0.0407028 0.0435613 0.830971
0 0.701201 0.743457 0.0425574 0.0662153 0.830669
0 0.661727 0.691387 0.0361057 0.0659956 0.828292
0 0.55829 0.493427 0.0317417 0.0530664 0.828215
0 0.390333 0.767611 0.0416507 0.0505434 0.826276
0 0.504542 0.462949 0.0262581 0.0510037 0.823895
0 0.762791 0.479698 0.0465121 0.0679178 0.821989
0 0.691601 0.499628 0.0387232 0.0639542 0.8206
0 0.737924 0.739447 0.0320784 0.0655095 0.819889
0 0.559094 0.542309 0.0310627 0.0577948 0.819015
0 0.558581 0.596999 0.0307665 0.0586363 0.817204
0 0.703807 0.868502 0.0430712 0.0729413 0.817179
0 0.850885 0.571423 0.0439461 0.0687892 0.816582
0 0.478493 0.51978 0.0280021 0.0535704 0.816436
0 0.554037 0.393058 0.0316981 0.0533461 0.816325
0 0.659771 0.629198 0.0371211 0.0678352 0.816258
0 0.55333 0.302594 0.0305319 0.0435056 0.815443
0 0.559835 0.707599 0.0317589 0.0586834 0.813933
0 0.855032 0.634903 0.0454496 0.0694861 0.81379
0 0.591954 0.760092 0.0320128 0.0572148 0.812915
0 0.591102 0.70374 0.0316632 0.0614083 0.812509
0 0.505188 0.3276 0.0258139 0.0446293 0.812115
0 0.56035 0.762081 0.031921 0.0551384 0.811644
0 0.55883 0.652833 0.030817 0.0591604 0.810229
0 0.559766 0.822975 0.0316633 0.0639191 0.809695
0 0.505105 0.509556 0.0271476 0.053947 0.808609
0 0.627158 0.82384 0.0375826 0.068489 0.808237
0 0.552682 0.261758 0.0287813 0.0404563 0.806909
0 0.625284 0.700881 0.0378031 0.0631648 0.806302
0 0.91361 0.485935 0.0391128 0.0652214 0.805237
0 0.84025 0.449767 0.0433339 0.0619224 0.804782
0 0.684587 0.39014 0.037113 0.0592185 0.804018
0 0.657924 0.568523 0.0372652 0.0607528 0.803779
0 0.729558 0.556728 0.0331627 0.0614646 0.802681
0 0.505131 0.286606 0.0256119 0.0398923 0.801297
0 0.767561 0.537308 0.0468835 0.0630326 0.801294
0 0.343517 0.819346 0.0171698 0.0463254 0.80039
0 0.5915 0.884817 0.0328555 0.0583789 0.800326
0 0.91996 0.545742 0.0412487 0.0641456 0.799365
0 0.68807 0.444437 0.0374567 0.0584454 0.798729
0 0.479009 0.718372 0.0265083 0.0506725 0.798712
0 0.857414 0.704526 0.0467266 0.0741615 0.797265
0 0.741237 0.799374 0.0344677 0.0639152 0.796886
0 0.758195 0.420981 0.0447837 0.061726 0.796832
0 0.551525 0.222658 0.0271202 0.0385238 0.796415
0 0.478168 0.56828 0.0280965 0.0542016 0.795628
0 0.360207 0.81941 0.0193892 0.0473152 0.795107
0 0.735145 0.676903 0.0316439 0.0681785 0.794878
0 0.58814 0.53416 0.0305141 0.0589908 0.793601
0 0.556205 0.444335 0.0319881 0.0522521 0.792471
0 0.479056 0.769535 0.0263507 0.0544817 0.79227
0 0.731501 0.61543 0.0318106 0.0643325 0.79181
0 0.480801 0.261578 0.0236104 0.0422728 0.790962
0 0.50521 0.55858 0.0270883 0.054516 0.787468
0 0.477475 0.822981 0.0286463 0.0531325 0.7874
0 0.726723 0.497105 0.0354736 0.065503 0.787123
0 0.90626 0.157798 0.0576652 0.0443014 0.782787
0 0.916475 0.201388 0.0597683 0.0461979 0.782743
0 0.53111 0.55279 0.0277098 0.0551369 0.782139
2 0.360016 0.865019 0.0194872 0.0460624 0.781846
0 0.833273 0.390612 0.0428066 0.0609155 0.781545
0 0.844954 0.51008 0.0438534 0.0667343 0.779488
0 0.721632 0.440511 0.0346031 0.057954 0.778024
0 0.530737 0.713031 0.0272051 0.0545735 0.777905
0 0.583835 0.434065 0.0272835 0.0514149 0.774684
0 0.588212 0.590263 0.0316029 0.0570788 0.774277
0 0.504684 0.715724 0.0269147 0.0523161 0.774066
0 0.907619 0.425482 0.0394658 0.0622992 0.772273
0 0.480657 0.341074 0.0251842 0.0439333 0.771513
0 0.653587 0.467318 0.0373129 0.0594796 0.771506
0 0.812922 0.58911 0.0375418 0.0707952 0.771322
0 0.527289 0.196049 0.0240744 0.0355474 0.769491
0 0.530609 0.603062 0.0278071 0.0567358 0.767913
0 0.527335 0.233056 0.0244907 0.0356474 0.767782
0 0.480872 0.300842 0.0243572 0.0408501 0.767626
0 0.504313 0.415328 0.0252029 0.0528562 0.766412
0 0.574368 0.171788 0.0247108 0.0355078 0.76638
0 0.478872 0.426513 0.0271044 0.0484263 0.764669
0 0.528569 0.31476 0.023071 0.0453593 0.760963
0 0.589246 0.647719 0.0318122 0.0577003 0.760619
0 0.573712 0.136749 0.0258323 0.0367667 0.759694
0 0.586439 0.481222 0.0290389 0.0504909 0.759316
0 0.655633 0.518735 0.0370625 0.0497563 0.758829
0 0.896867 0.114996 0.0567018 0.0465802 0.758669
0 0.952195 0.408738 0.0554531 0.0569544 0.758565
0 0.505252 0.608282 0.0267111 0.0525264 0.757279
0 0.770599 0.596425 0.0492886 0.0726188 0.757023
0 0.617214 0.473251 0.0378253 0.0587771 0.756317
0 0.778068 0.791273 0.0434948 0.0682485 0.755731
0 0.748665 0.316519 0.0399346 0.0534459 0.754126
0 0.531207 0.500828 0.0277395 0.054643 0.753576
0 0.977332 0.136848 0.0447525 0.0462283 0.753381
0 0.80838 0.52807 0.03766 0.0637061 0.753255
0 0.381522 0.29119 0.0169825 0.0363428 0.752468
0 0.366614 0.272013 0.0181098 0.034663 0.750079
0 0.426718 0.582809 0.0284998 0.0516028 0.749803
0 0.930163 0.740199 0.0430747 0.0713483 0.747772
0 0.421985 0.819352 0.0265215 0.049065 0.747499
0 0.88627 0.563814 0.0339389 0.0717135 0.744384
0 0.530517 0.658134 0.0276682 0.0593301 0.742536
0 0.718555 0.385716 0.0349424 0.0566478 0.74144
0 0.517899 0.825177 0.0515713 0.0592591 0.741186
0 0.680892 0.33742 0.0348706 0.0517014 0.740678
0 0.816054 0.718646 0.036249 0.0714338 0.740436
0 0.504887 0.659849 0.0256212 0.0597096 0.739375
0 0.714278 0.334592 0.0350752 0.0564414 0.737171
0 0.614626 0.421299 0.0392262 0.0507817 0.737094
0 0.95992 0.467124 0.0576433 0.0681005 0.736995
0 0.814992 0.654299 0.0369302 0.0713667 0.736417
0 0.478674 0.473709 0.0271868 0.0537984 0.733757
0 0.881686 0.500771 0.0371918 0.065877 0.733694
0 0.925052 0.247828 0.0562278 0.0478352 0.733043
0 0.935219 0.29549 0.0553333 0.0538691 0.732918
0 0.528175 0.273898 0.0239206 0.0404847 0.73135
0 0.355641 0.445025 0.0181003 0.0398395 0.728103
0 0.945096 0.352709 0.0527592 0.0575047 0.725296
0 0.50483 0.368396 0.0254202 0.0430061 0.72399
0 0.438731 0.769402 0.0559192 0.0526582 0.723885
0 0.45233 0.578401 0.0246719 0.0509358 0.723063
0 0.651077 0.408771 0.0367569 0.0558662 0.721203
0 0.741066 0.264666 0.0425481 0.0517372 0.720805
0 0.969902 0.0958121 0.0535465 0.0434089 0.719448
0 0.735895 0.21864 0.0407776 0.0468282 0.718973
0 0.504238 0.247493 0.0254227 0.0428453 0.718969
0 0.724122 0.129129 0.0378416 0.0510468 0.718225
0 0.62071 0.530359 0.0369541 0.0596865 0.716499
0 0.361899 0.769357 0.01896 0.0502563 0.715913
0 0.663525 0.812103 0.0342648 0.0577786 0.71589
0 0.553603 0.345836 0.0315672 0.0452073 0.715841
0 0.453138 0.531693 0.0241186 0.0511972 0.714677
0 0.847764 0.0844078 0.0361235 0.0480799 0.714171
0 0.982905 0.181847 0.0335031 0.0482647 0.713433
0 0.623325 0.644091 0.0387196 0.0579958 0.711361
0 0.966887 0.526328 0.0591476 0.0626138 0.710251
0 0.364699 0.304448 0.0168648 0.0326238 0.710121
0 0.52817 0.403487 0.0252256 0.0519455 0.709013
0 0.645467 0.310392 0.0358903 0.0527635 0.704797
0 0.549937 0.145809 0.0239918 0.038818 0.704714
0 0.382993 0.260601 0.0160825 0.034668 0.704022
0 0.452204 0.624942 0.0242897 0.0500834 0.703632
0 0.900519 0.369789 0.0372552 0.0548857 0.703507
0 0.960575 0.0561311 0.0590279 0.0425165 0.701644
0 0.72967 0.174751 0.0401211 0.0468308 0.701437
0 0.344525 0.768081 0.0189892 0.0516654 0.700185
0 0.449268 0.820837 0.0289591 0.0508302 0.699843
0 0.391423 0.676275 0.0406852 0.0519029 0.699472
0 0.477392 0.87147 0.0290585 0.0492542 0.699388
0 0.504886 0.767188 0.0281485 0.0550449 0.699087
0 0.365741 0.600054 0.0181964 0.0432308 0.698947
0 0.440496 0.438438 0.0501507 0.0475228 0.697332
0 0.613216 0.372548 0.0393496 0.053467 0.695022
0 0.425765 0.629161 0.028538 0.0464117 0.693415
0 0.753792 0.366697 0.0429657 0.0571102 0.693137
0 0.550813 0.183718 0.0257349 0.0386996 0.692863
0 0.582203 0.38235 0.0264595 0.0557232 0.692631
0 0.527359 0.129243 0.0222042 0.0348492 0.689546
0 0.427792 0.536638 0.0284252 0.0473161 0.688255
0 0.527355 0.161574 0.0231373 0.0360394 0.686965
0 0.888402 0.0741761 0.0542171 0.0443035 0.686633
0 0.36825 0.517572 0.0180327 0.0446072 0.686325
0 0.480646 0.225607 0.0219732 0.0401337 0.68608
0 0.987381 0.229053 0.0252373 0.0506701 0.684613
0 0.392026 0.633671 0.0405702 0.0426913 0.684023
0 0.971478 0.588208 0.0560411 0.0679148 0.682711
0 0.797363 0.41212 0.0398442 0.0611516 0.682195
0 0.854899 0.127631 0.0356508 0.0421281 0.68201
0 0.803309 0.467456 0.0388997 0.058382 0.679969
0 0.479584 0.383954 0.0258576 0.0442277 0.678817
0 0.743404 0.855119 0.0353624 0.0539222 0.676468
0 0.637011 0.170223 0.033487 0.0494159 0.675405
0 0.478481 0.618537 0.0280815 0.0572296 0.672856
0 0.439496 0.721587 0.0558615 0.0478082 0.671169
0 0.378138 0.323966 0.0177976 0.0316845 0.668669
0 0.362803 0.681326 0.0190373 0.0510584 0.66776
0 0.402405 0.589918 0.0219457 0.0476228 0.666973
0 0.403991 0.546682 0.0215334 0.0430257 0.665669
0 0.648864 0.360657 0.0361738 0.0486001 0.662909
0 0.368879 0.241123 0.0172392 0.0326428 0.660972
0 0.369466 0.477182 0.0186419 0.0433231 0.659921
0 0.826542 0.333958 0.0380934 0.0555987 0.656138
0 0.503568 0.173343 0.0247907 0.0379338 0.652883
0 0.672736 0.245578 0.0335007 0.0465339 0.650822
0 0.666395 0.160159 0.0315826 0.0468941 0.648808
0 0.437729 0.251579 0.0255612 0.0357997 0.648067
0 0.503628 0.209717 0.0250608 0.0381838 0.646823
0 0.860741 0.328601 0.0345123 0.0552455 0.646768
0 0.481032 0.19276 0.0204159 0.0398818 0.645351
0 0.531164 0.764924 0.02617 0.0546167 0.644955
0 0.404436 0.50538 0.0215411 0.0433599 0.644093
0 0.676929 0.289707 0.033669 0.04963 0.643407
2 0.929424 0.803569 0.0400309 0.0518143 0.643212
0 0.77956 0.254029 0.0397539 0.050085 0.638704
0 0.559309 0.883438 0.0318656 0.0570738 0.638064
0 0.641826 0.259876 0.0356758 0.0464866 0.634177
0 0.785388 0.305597 0.0386164 0.0531374 0.630754
0 0.43954 0.217364 0.0263151 0.035048 0.62866
2 0.663729 0.881687 0.0333786 0.054346 0.627926
0 0.362491 0.725611 0.0192002 0.0397057 0.626629
0 0.453166 0.673302 0.0248068 0.0523072 0.62573
0 0.352509 0.482592 0.0175242 0.0392566 0.62472
0 0.351089 0.521567 0.0175675 0.0437726 0.621661
0 0.478831 0.66661 0.0282152 0.0595233 0.620135
0 0.776353 0.8482 0.0326143 0.0466346 0.616878
0 0.399093 0.31352 0.024735 0.034298 0.615217
0 0.400431 0.381481 0.037779 0.0394532 0.614797
0 0.367506 0.558289 0.0174815 0.043206 0.613405
0 0.573081 0.103332 0.024022 0.0343107 0.613052
0 0.622866 0.591276 0.0387575 0.0558811 0.609261
0 0.404933 0.464117 0.0234719 0.043016 0.607151
0 0.425747 0.674902 0.0289038 0.0507328 0.604533
0 0.574956 0.2074 0.0242484 0.0375063 0.603546
0 0.576455 0.250819 0.0236905 0.0409305 0.602611
0 0.876161 0.441835 0.0348949 0.0579648 0.600274
0 0.709215 0.284957 0.0329282 0.0487526 0.599663
0 0.453161 0.721704 0.0286033 0.0477141 0.599519
2 0.343699 0.864708 0.0160669 0.0455958 0.595098
0 0.611011 0.322747 0.0391098 0.0479927 0.593213
0 0.404551 0.344903 0.033845 0.0370311 0.592625
0 0.792493 0.357583 0.0418447 0.0563359 0.590673
0 0.400396 0.421542 0.0355624 0.0441442 0.586531
0 0.439671 0.486492 0.051218 0.0539948 0.586334
0 0.345261 0.686 0.0182522 0.0481746 0.585551
0 0.8559 0.171206 0.0481888 0.047785 0.58263
0 0.669433 0.203548 0.0332395 0.0451905 0.580504
0 0.773222 0.205407 0.0378037 0.0503263 0.576961
0 0.385274 0.508729 0.0191992 0.0460392 0.571237
0 0.356977 0.409126 0.0176843 0.0379369 0.560564
0 0.361759 0.338607 0.0167545 0.0352937 0.560162
0 0.384968 0.593735 0.0250849 0.0440269 0.560062
0 0.391292 0.722904 0.0412695 0.0416711 0.556058
0 0.344773 0.727265 0.0184934 0.0359402 0.555976
0 0.883499 0.262427 0.0386567 0.0525496 0.552692
0 0.350676 0.563237 0.0174979 0.042048 0.548439
0 0.436043 0.284009 0.026688 0.0357063 0.548044
0 0.460088 0.240253 0.0194547 0.0374973 0.547279
0 0.504677 0.138724 0.0249453 0.039214 0.546676
0 0.407156 0.308651 0.0314509 0.0354536 0.542006
0 0.349222 0.603454 0.0178092 0.044968 0.538486
0 0.363698 0.638078 0.0180647 0.0367427 0.534542
0 0.852423 0.277883 0.0365493 0.0555351 0.533782
0 0.580356 0.33393 0.0239895 0.0422831 0.533631
0 0.892424 0.317066 0.037097 0.055015 0.529195
0 0.443834 0.358812 0.046306 0.0393389 0.527167
2 0.517737 0.885705 0.049472 0.0634606 0.526055
0 0.819421 0.0989942 0.0319315 0.0424941 0.522148
0 0.386445 0.466924 0.0175386 0.0432511 0.513848
0 0.527871 0.359182 0.0238615 0.0480075 0.510675
0 0.40474 0.279225 0.0321101 0.0342035 0.509295
0 0.811186 0.233451 0.0368756 0.0469491 0.507997
0 0.372355 0.43513 0.0188072 0.0445289 0.50688
0 0.462508 0.204036 0.0168253 0.0379774 0.506448
0 0.820431 0.281027 0.0392494 0.0550637 0.504094
0 0.409665 0.344091 0.0238704 0.0372236 0.50253
0 0.459307 0.277405 0.0199165 0.039036 0.500114
