0 0.62772 0.759893 0.0376413 0.0622083 0.866629
0 0.768456 0.539581 0.0460277 0.0653125 0.855899
0 0.771743 0.59982 0.0494911 0.0691901 0.855277
0 0.664037 0.755216 0.0365106 0.0653136 0.851304
0 0.700591 0.681941 0.0408365 0.069446 0.844622
0 0.701958 0.744754 0.0399422 0.067866 0.843523
0 0.7386 0.740056 0.0352293 0.0684733 0.839269
0 0.77434 0.661907 0.0479839 0.0690756 0.838282
0 0.777132 0.727208 0.0447889 0.0736106 0.838197
0 0.626693 0.699959 0.0377448 0.063726 0.8377
0 0.692654 0.502109 0.0381207 0.0671066 0.837377
0 0.739446 0.803221 0.0352102 0.0683133 0.835174
0 0.698233 0.621753 0.0414565 0.0644632 0.834538
0 0.452596 0.774293 0.0265165 0.0491947 0.832941
0 0.532156 0.826601 0.0267996 0.0601948 0.828991
0 0.425808 0.771931 0.0264886 0.0474911 0.826436
0 0.702633 0.806221 0.0402939 0.0635735 0.825983
0 0.858027 0.703554 0.0452066 0.0727879 0.825813
0 0.659014 0.574407 0.0369682 0.064395 0.823803
0 0.689589 0.445496 0.0377758 0.0569161 0.82378
0 0.662884 0.692475 0.0363056 0.0679123 0.823636
0 0.584983 0.433452 0.0264027 0.0567303 0.822998
0 0.529507 0.458468 0.0226667 0.052524 0.820244
0 0.660999 0.631326 0.0362373 0.0628579 0.820185
0 0.50625 0.513476 0.026366 0.0533315 0.819875
0 0.624959 0.642806 0.0380912 0.0579034 0.819685
0 0.453392 0.724445 0.0262154 0.0482563 0.818673
0 0.480066 0.721788 0.028306 0.0507061 0.81429
0 0.453302 0.675183 0.0250355 0.0489044 0.813659
0 0.924921 0.611574 0.0412213 0.0673341 0.813622
0 0.559727 0.656392 0.032627 0.0585213 0.81329
0 0.551397 0.222928 0.028438 0.0424928 0.811995
0 0.506683 0.718725 0.0275121 0.0538042 0.809922
0 0.505982 0.467173 0.0255804 0.0492051 0.80957
0 0.479498 0.773621 0.0283611 0.0522592 0.809259
0 0.426225 0.680128 0.0277246 0.048319 0.808453
0 0.531847 0.716527 0.0244064 0.054653 0.808392
0 0.428026 0.586051 0.0278927 0.0468319 0.807853
0 0.506349 0.1765 0.023192 0.0410064 0.80672
0 0.481421 0.265338 0.0246964 0.042111 0.805159
0 0.555185 0.397692 0.0316145 0.0548115 0.805081
0 0.450392 0.823996 0.027232 0.0471379 0.804254
0 0.53051 0.662215 0.0253447 0.056675 0.803794
0 0.558674 0.601571 0.0330986 0.0593413 0.803476
0 0.736941 0.676685 0.0346305 0.0683827 0.803041
0 0.558283 0.549315 0.0326886 0.0582983 0.801844
0 0.529963 0.508263 0.0227494 0.0551438 0.8013
0 0.481382 0.385668 0.0255298 0.0467936 0.801241
0 0.590071 0.594034 0.0309435 0.0620291 0.800925
0 0.53239 0.77019 0.0250159 0.053117 0.800818
0 0.479139 0.670835 0.0272915 0.0513135 0.80013
0 0.426234 0.726144 0.0269853 0.0447423 0.800024
0 0.553751 0.30455 0.0302956 0.044256 0.799225
0 0.777949 0.793402 0.0424552 0.0723049 0.798858
0 0.851787 0.572654 0.0424057 0.0692484 0.798218
0 0.426878 0.63309 0.0280636 0.0465524 0.797781
0 0.506115 0.421986 0.0255005 0.0492475 0.797685
0 0.505503 0.666196 0.0278234 0.0524941 0.797669
0 0.504722 0.614902 0.0272383 0.0516916 0.796162
0 0.453904 0.627292 0.0244077 0.0493036 0.794887
0 0.423069 0.82177 0.0257573 0.0499622 0.793697
0 0.506905 0.332095 0.0247753 0.0456037 0.793377
0 0.592543 0.706695 0.0302435 0.0601635 0.793364
0 0.841171 0.452568 0.0407219 0.0641938 0.792923
0 0.623286 0.586433 0.0376511 0.0591643 0.792694
0 0.47881 0.621609 0.0272222 0.0517202 0.792256
0 0.620915 0.530719 0.0366059 0.0574613 0.792225
0 0.859739 0.766828 0.0468884 0.0700933 0.79208
0 0.506197 0.21281 0.0233183 0.0433252 0.791414
0 0.591106 0.650428 0.0310382 0.0593398 0.790828
0 0.480167 0.474035 0.027422 0.048172 0.789671
0 0.561345 0.71129 0.0332733 0.0572287 0.788489
0 0.505705 0.563743 0.0271503 0.054162 0.787467
0 0.550141 0.185239 0.0281987 0.0392964 0.787079
0 0.48003 0.571271 0.0272303 0.0541704 0.786463
0 0.920079 0.54951 0.0391731 0.0668567 0.785204
0 0.528839 0.409654 0.0215816 0.0513442 0.785198
0 0.504716 0.827446 0.0281904 0.0567095 0.784555
0 0.477665 0.8254 0.0280724 0.0495752 0.78357
0 0.845982 0.511112 0.0416416 0.0684715 0.78327
0 0.480058 0.429156 0.0277194 0.0485771 0.782893
0 0.52975 0.558268 0.0236294 0.0555509 0.78224
0 0.619578 0.476907 0.0360919 0.0543834 0.782074
0 0.505736 0.252573 0.0233738 0.0411585 0.780801
0 0.557788 0.497338 0.0321921 0.0559909 0.780633
0 0.764058 0.482051 0.0438851 0.0660193 0.779557
0 0.368509 0.271962 0.0184912 0.0365605 0.77883
0 0.506341 0.291118 0.0240778 0.0422184 0.777224
0 0.647041 0.318379 0.036598 0.0480122 0.777182
0 0.695573 0.561408 0.0392125 0.0643686 0.776104
0 0.664854 0.811122 0.0352922 0.0569311 0.775972
0 0.914964 0.488538 0.0368198 0.065126 0.774991
0 0.480736 0.521169 0.0270668 0.0508786 0.774788
0 0.529498 0.609053 0.0249161 0.0548113 0.774185
0 0.454865 0.578567 0.0249264 0.0519779 0.769181
0 0.759292 0.426499 0.0436343 0.0602301 0.768358
0 0.527397 0.241115 0.0204164 0.0405978 0.768006
0 0.42915 0.541477 0.0274724 0.0453908 0.767836
0 0.556562 0.447769 0.0313988 0.0560961 0.765498
0 0.817484 0.715503 0.0360275 0.0774377 0.764065
0 0.506515 0.771965 0.0276344 0.0527503 0.763953
0 0.507713 0.141789 0.0233332 0.0380093 0.763233
0 0.71493 0.335414 0.0342659 0.0536043 0.758771
0 0.887016 0.0770934 0.0547073 0.0481001 0.758123
0 0.754169 0.370659 0.0444172 0.0614956 0.757934
0 0.656596 0.517724 0.0373772 0.0588911 0.757597
0 0.729914 0.557346 0.0343297 0.0611976 0.756248
0 0.552985 0.263227 0.028964 0.0433828 0.752413
0 0.577101 0.823675 0.0627193 0.0640391 0.752127
0 0.816286 0.651166 0.0368786 0.0636653 0.751329
0 0.481826 0.343107 0.0246082 0.0430903 0.751282
0 0.666982 0.163229 0.030505 0.0438642 0.750294
0 0.732876 0.616485 0.0331898 0.0652953 0.746188
0 0.616184 0.424017 0.0384559 0.0541855 0.746177
0 0.529011 0.322161 0.0199925 0.0455922 0.746077
0 0.855529 0.637414 0.042276 0.070199 0.745683
0 0.96021 0.470863 0.057058 0.0702885 0.745099
0 0.401475 0.725497 0.0228829 0.0418373 0.745051
0 0.365381 0.306197 0.0173696 0.0351788 0.744563
0 0.833533 0.395386 0.0404224 0.0624957 0.74383
0 0.674462 0.250248 0.0337307 0.0469098 0.743029
0 0.723331 0.440345 0.0332357 0.0616865 0.740653
0 0.952161 0.413512 0.0544064 0.0642148 0.739358
0 0.637455 0.174178 0.0328739 0.0438463 0.738819
0 0.685719 0.39093 0.0378225 0.0597717 0.737968
0 0.548933 0.151267 0.0277636 0.0413429 0.737894
0 0.456357 0.442866 0.0225337 0.0491859 0.73621
1 0.799651 0.8862 0.015728 0.0381602 0.735336
0 0.526326 0.167053 0.0182869 0.0397032 0.735312
0 0.669946 0.206194 0.032434 0.0467256 0.735229
0 0.430036 0.494463 0.0274319 0.0488963 0.733884
0 0.407034 0.278873 0.0347642 0.0359047 0.733806
0 0.401255 0.681899 0.0239022 0.0501681 0.733487
0 0.629094 0.821347 0.0380804 0.0644402 0.73049
0 0.935624 0.300205 0.0539161 0.058014 0.728292
0 0.727955 0.497871 0.035571 0.0680564 0.727567
0 0.944315 0.356567 0.0531623 0.0585533 0.72704
0 0.431611 0.449619 0.026857 0.0483219 0.724526
0 0.928251 0.67835 0.0435867 0.0762016 0.721886
0 0.818456 0.778233 0.0352383 0.0651435 0.718799
0 0.679305 0.293901 0.0333676 0.0484745 0.718305
0 0.481974 0.303521 0.024079 0.040308 0.71744
0 0.588972 0.537267 0.029582 0.0583747 0.713039
0 0.526677 0.133666 0.0170828 0.0364488 0.711945
0 0.827971 0.339375 0.0377388 0.0569632 0.711323
0 0.526977 0.202185 0.0189162 0.0407002 0.710031
0 0.403334 0.346217 0.0372967 0.0400331 0.709975
0 0.554619 0.348909 0.0319281 0.0491359 0.709799
1 0.703399 0.872209 0.0390011 0.0699477 0.709491
0 0.57718 0.210719 0.0256355 0.0383441 0.709038
0 0.654767 0.470291 0.0379446 0.0480522 0.708183
0 0.909351 0.430173 0.0376522 0.0652735 0.706872
0 0.587488 0.484069 0.0286224 0.0551734 0.705718
0 0.749451 0.319511 0.0412201 0.0524934 0.705383
0 0.925143 0.252935 0.052755 0.0508034 0.705134
0 0.718757 0.385583 0.0329143 0.0599574 0.704368
0 0.614335 0.373721 0.0384651 0.0508825 0.699894
2 0.531917 0.890207 0.0262829 0.065321 0.696127
2 0.459282 0.243632 0.0198273 0.0406692 0.69391
0 0.915615 0.20633 0.0520577 0.049743 0.693287
0 0.354218 0.48096 0.0177192 0.0338234 0.686278
0 0.400518 0.770365 0.024294 0.0478382 0.68523
0 0.404949 0.310637 0.0367705 0.0349793 0.68273
0 0.814236 0.591354 0.0374636 0.0704362 0.681554
0 0.402001 0.636494 0.0239021 0.0456805 0.681402
0 0.881899 0.502321 0.0350147 0.0640547 0.681359
0 0.967646 0.53209 0.0591831 0.0661648 0.679344
0 0.975887 0.13849 0.0474507 0.046431 0.677714
1 0.449522 0.869817 0.0269388 0.0454285 0.677634
0 0.352321 0.520141 0.0177476 0.0476175 0.676211
0 0.382403 0.2924 0.0170806 0.0381304 0.673689
0 0.930748 0.740798 0.0439353 0.0665927 0.672972
0 0.405253 0.548111 0.0214062 0.0417676 0.671113
0 0.611777 0.327235 0.0384254 0.0464532 0.666159
0 0.742524 0.269982 0.0397983 0.0539536 0.665663
0 0.724676 0.135147 0.0375868 0.0493098 0.66387
0 0.37075 0.24073 0.0178349 0.0324525 0.658979
0 0.610453 0.280558 0.0363414 0.0433107 0.658218
2 0.506278 0.376028 0.0247966 0.0477519 0.657908
0 0.383953 0.26166 0.0158844 0.0340815 0.655987
0 0.907026 0.15965 0.0533123 0.0477128 0.650629
0 0.652618 0.420421 0.0367675 0.0495203 0.649609
0 0.736824 0.22194 0.038995 0.0467933 0.646559
0 0.403972 0.589508 0.0225835 0.0466739 0.646182
0 0.877088 0.44184 0.0336626 0.068245 0.644058
0 0.650179 0.367411 0.0371268 0.0492893 0.643585
0 0.583591 0.381567 0.0259756 0.0530046 0.641124
0 0.356732 0.448496 0.0179667 0.0376669 0.640377
0 0.593536 0.762044 0.0299635 0.0585093 0.63714
0 0.988034 0.232461 0.0237507 0.0524923 0.636024
0 0.438985 0.220807 0.0244272 0.0375274 0.635979
0 0.457526 0.398399 0.0217324 0.0501799 0.635944
0 0.608781 0.244055 0.0355728 0.0365459 0.635695
0 0.983402 0.183144 0.0324092 0.0485349 0.635635
0 0.455507 0.530818 0.0246542 0.0498606 0.632421
0 0.402554 0.383664 0.0372549 0.0412081 0.629767
0 0.369639 0.515326 0.0174205 0.0495765 0.628482
0 0.710282 0.288221 0.0325159 0.0504588 0.625777
0 0.574581 0.13752 0.0248795 0.0375765 0.613714
0 0.370942 0.47633 0.0183137 0.0392489 0.613569
0 0.483702 0.163878 0.0209797 0.0424828 0.611356
0 0.56158 0.764744 0.0329342 0.0570613 0.61085
0 0.682428 0.340532 0.0347771 0.0495855 0.610327
0 0.85301 0.279806 0.0359707 0.0554859 0.607884
0 0.890351 0.624126 0.0301921 0.0611548 0.601001
0 0.400981 0.463354 0.034956 0.0446571 0.599101
0 0.776183 0.816247 0.0386596 0.0421759 0.598285
0 0.90048 0.369642 0.035008 0.063847 0.594199
0 0.36178 0.338723 0.0160918 0.0336634 0.591663
1 0.776224 0.890466 0.0322348 0.0361012 0.58911
0 0.404647 0.507968 0.0236818 0.0500999 0.583665
2 0.503878 0.88891 0.028928 0.0668572 0.583506
2 0.576101 0.174105 0.0257965 0.0372648 0.583233
0 0.896427 0.118267 0.0535244 0.0424296 0.581574
0 0.378063 0.330571 0.0189604 0.0335621 0.579222
2 0.963232 0.0565938 0.0619144 0.0410685 0.572944
0 0.639701 0.22014 0.0336674 0.0475071 0.572289
0 0.643955 0.269029 0.0352821 0.0502909 0.570133
1 0.740178 0.860294 0.035063 0.0471687 0.568688
2 0.528311 0.279993 0.0209215 0.0412945 0.564658
1 0.775248 0.855812 0.0335217 0.0355865 0.563413
0 0.811479 0.238451 0.0351616 0.050638 0.56075
0 0.97154 0.597845 0.0546906 0.0711951 0.554277
0 0.434752 0.365782 0.0263582 0.0392347 0.553188
1 0.739814 0.886225 0.0316745 0.0488022 0.552685
0 0.845801 0.229748 0.0351049 0.0552357 0.551309
0 0.884559 0.268647 0.0325416 0.058331 0.550503
0 0.809359 0.530157 0.0381219 0.0674624 0.550189
0 0.73144 0.179869 0.0378809 0.0445608 0.54404
2 0.436253 0.291306 0.0254123 0.0398897 0.53886
0 0.400458 0.423113 0.0382705 0.0422311 0.537356
0 0.407792 0.462977 0.022768 0.0443184 0.537047
0 0.366868 0.597856 0.019241 0.0500703 0.535506
0 0.970738 0.0963002 0.056633 0.0431678 0.532148
2 0.529236 0.364529 0.0202463 0.0464237 0.531001
0 0.580111 0.290257 0.0244633 0.0435821 0.530531
0 0.380721 0.299184 0.0176111 0.0421276 0.527827
0 0.48186 0.229344 0.0245548 0.0378515 0.525112
0 0.398202 0.820835 0.0258397 0.0509325 0.52463
0 0.368568 0.556656 0.0182613 0.0399412 0.522381
0 0.407568 0.42297 0.0259723 0.0420348 0.519795
0 0.376794 0.362041 0.0188638 0.0387805 0.517124
0 0.364742 0.72813 0.0209326 0.0405557 0.510327
0 0.354295 0.820287 0.0359873 0.0487064 0.510132
0 0.875406 0.216415 0.0322424 0.0582039 0.508921
0 0.578401 0.249573 0.0247947 0.0399129 0.507084
0 0.869592 0.387562 0.0385852 0.0658176 0.501436
