0 0.773077 0.658934 0.0486872 0.0701654 0.846869
0 0.700033 0.679503 0.0424255 0.0674255 0.84501
0 0.924112 0.609096 0.039782 0.0675739 0.843969
0 0.701559 0.801537 0.0446939 0.0618926 0.841842
0 0.343555 0.816801 0.0167382 0.0469947 0.839486
0 0.695333 0.557895 0.0411293 0.0657758 0.837691
0 0.774943 0.725621 0.0471749 0.0735752 0.83417
0 0.701209 0.740864 0.0432587 0.0670415 0.83123
0 0.697793 0.618164 0.0416906 0.0650379 0.825791
0 0.627221 0.758729 0.0371408 0.0657539 0.8234
0 0.592436 0.820998 0.0320347 0.0653653 0.82318
0 0.591006 0.700796 0.032597 0.0600396 0.821874
0 0.478672 0.520367 0.028319 0.0545331 0.821648
0 0.692065 0.498149 0.0392471 0.0629596 0.821166
0 0.661501 0.689241 0.0353584 0.066058 0.820763
0 0.449226 0.819499 0.0278892 0.045833 0.820646
0 0.530437 0.501118 0.0275647 0.0579856 0.818058
0 0.592014 0.758172 0.0323099 0.0591637 0.818003
0 0.478377 0.769268 0.0277391 0.0530454 0.816809
0 0.426851 0.580956 0.0275859 0.0512156 0.816033
0 0.662319 0.753232 0.033605 0.0688359 0.816021
0 0.452105 0.623354 0.0248528 0.0496429 0.815275
0 0.504159 0.460615 0.0254315 0.0505388 0.814902
0 0.55851 0.543837 0.0303871 0.0563867 0.814695
0 0.854243 0.633681 0.0455487 0.0672407 0.811425
0 0.47792 0.567439 0.0283369 0.0523143 0.810638
0 0.552528 0.260865 0.0293118 0.0411337 0.810196
0 0.50463 0.506856 0.0263026 0.0552277 0.810118
0 0.555477 0.443435 0.0311235 0.0540791 0.809022
0 0.561108 0.760788 0.0319203 0.0568652 0.808849
0 0.425759 0.628163 0.0278709 0.0470948 0.808791
0 0.553126 0.30172 0.0305723 0.0438574 0.808667
0 0.560189 0.70591 0.0310764 0.0583504 0.807393
0 0.919954 0.546991 0.0389385 0.0648073 0.807118
2 0.360532 0.864778 0.0192769 0.0493709 0.806261
0 0.389998 0.817771 0.0400638 0.0477245 0.805677
0 0.840337 0.45011 0.0410103 0.0625438 0.80498
0 0.588737 0.64326 0.0324278 0.0616091 0.803278
0 0.504783 0.558559 0.0266237 0.0551871 0.803111
0 0.4522 0.576922 0.0247446 0.0502773 0.802692
0 0.553498 0.392591 0.0318111 0.0538804 0.801767
0 0.657703 0.571675 0.0370588 0.0630772 0.800102
0 0.479304 0.718424 0.0283046 0.0509204 0.799785
0 0.688887 0.443399 0.0384967 0.0590644 0.79978
0 0.504688 0.245436 0.0244714 0.0413111 0.799205
0 0.659348 0.628588 0.0368671 0.0608014 0.797804
0 0.857388 0.703086 0.0492691 0.0768731 0.797015
0 0.551178 0.220675 0.0277136 0.0396956 0.796137
0 0.927788 0.674836 0.0424336 0.0730031 0.795341
0 0.762628 0.480071 0.0443429 0.0686759 0.794591
0 0.625912 0.698422 0.0379151 0.0628692 0.794523
0 0.85061 0.570851 0.0443245 0.0709888 0.79364
0 0.503656 0.415723 0.024857 0.0491259 0.793235
0 0.452893 0.720891 0.0266128 0.0488316 0.792947
0 0.75721 0.421167 0.0437698 0.0615941 0.790939
0 0.424176 0.770016 0.0278051 0.0480318 0.790556
0 0.505448 0.284426 0.0252678 0.0400508 0.790322
0 0.504401 0.368444 0.0255954 0.0450119 0.789731
0 0.845225 0.509205 0.0421883 0.066817 0.789229
0 0.50557 0.325641 0.0259388 0.0448057 0.788847
0 0.425425 0.674961 0.0282507 0.0500807 0.786814
0 0.558642 0.594117 0.0300015 0.0543416 0.785759
0 0.655924 0.517297 0.0371198 0.054117 0.785239
0 0.530722 0.553071 0.0283882 0.0545243 0.784732
0 0.360543 0.817264 0.0195662 0.0468745 0.781993
0 0.451598 0.770574 0.0278078 0.0513778 0.781926
0 0.505306 0.715664 0.0266793 0.0526121 0.780721
0 0.481151 0.259637 0.0237118 0.0398341 0.779551
0 0.557542 0.493209 0.0307956 0.0559149 0.77848
0 0.452958 0.530469 0.0243374 0.0498868 0.777473
0 0.550019 0.180684 0.0266086 0.0411629 0.776709
0 0.47706 0.820953 0.0289295 0.0499872 0.776587
0 0.530378 0.656586 0.0289139 0.0594758 0.776289
0 0.915922 0.199607 0.0556786 0.0468926 0.774189
0 0.422303 0.818873 0.0262758 0.04524 0.774173
0 0.45263 0.671508 0.0256025 0.0515937 0.772859
0 0.737787 0.736567 0.0321913 0.06664 0.772468
0 0.478825 0.669316 0.0283573 0.0533439 0.771688
0 0.425199 0.723543 0.0280484 0.0478358 0.771653
0 0.777168 0.790518 0.0434285 0.0677061 0.771552
0 0.427609 0.536652 0.0276031 0.0448924 0.770808
0 0.481256 0.225077 0.022699 0.0397749 0.770531
0 0.653583 0.465531 0.0363118 0.058839 0.766732
0 0.478035 0.615587 0.0284054 0.0496864 0.765698
0 0.747635 0.315476 0.0408911 0.0567017 0.765005
0 0.685793 0.389325 0.037406 0.0612165 0.764613
0 0.526364 0.161698 0.023526 0.0391742 0.76396
0 0.454504 0.438313 0.023015 0.0465909 0.762949
0 0.530101 0.601767 0.0292677 0.0556601 0.76251
0 0.617751 0.473687 0.0367868 0.0583643 0.760714
0 0.481183 0.193169 0.0212811 0.0407866 0.759923
0 0.572973 0.135911 0.0250547 0.0360042 0.758398
0 0.528581 0.313709 0.0223917 0.0464398 0.758164
0 0.504484 0.607134 0.0259686 0.0532023 0.75796
0 0.478895 0.472136 0.0270809 0.0530424 0.756462
0 0.723142 0.437172 0.0307791 0.0596868 0.755727
0 0.62336 0.6411 0.038398 0.0590866 0.754328
0 0.620562 0.528963 0.0358329 0.0581908 0.753202
0 0.428445 0.490013 0.0284616 0.0512173 0.75247
0 0.526978 0.230996 0.0234444 0.0353215 0.752339
0 0.527425 0.404162 0.0251857 0.0509521 0.751765
0 0.702 0.870198 0.0483249 0.0799805 0.751301
0 0.9243 0.248843 0.0540602 0.0546816 0.750528
0 0.739964 0.798088 0.0345627 0.0648111 0.749306
0 0.549398 0.14447 0.0246896 0.0370797 0.748724
0 0.752269 0.367606 0.0414227 0.0605617 0.748283
0 0.766763 0.537314 0.0457886 0.0606341 0.747591
0 0.366555 0.271861 0.0182788 0.0362929 0.746557
0 0.479186 0.425565 0.0255863 0.0488853 0.745651
0 0.504504 0.660283 0.0253313 0.0588748 0.745607
0 0.771067 0.595138 0.0489506 0.0735971 0.745264
0 0.605845 0.234425 0.0350355 0.0399836 0.739739
0 0.735324 0.673848 0.031337 0.0642218 0.739403
0 0.531384 0.712501 0.0274851 0.0554715 0.738081
0 0.588048 0.5861 0.0320102 0.053036 0.737974
0 0.813211 0.589155 0.0366965 0.0713985 0.737055
0 0.503996 0.209029 0.0236536 0.0373194 0.735978
0 0.553312 0.345091 0.031751 0.0457958 0.73539
0 0.741038 0.263463 0.0408331 0.0537972 0.733442
0 0.381217 0.290119 0.0171296 0.0356369 0.733227
0 0.430112 0.44338 0.0274256 0.044343 0.732939
0 0.477396 0.867499 0.0288584 0.0500312 0.731029
0 0.807601 0.52807 0.0382465 0.0659568 0.729577
0 0.526715 0.195934 0.0232273 0.0365069 0.728806
0 0.583736 0.430788 0.0275031 0.0516969 0.726979
0 0.726366 0.492886 0.0327821 0.063159 0.725889
0 0.67302 0.245202 0.0328558 0.0464578 0.72444
0 0.90729 0.156355 0.0559122 0.0434548 0.724213
0 0.355887 0.445425 0.0184843 0.0394413 0.72192
0 0.344333 0.76841 0.0182592 0.0452029 0.721187
0 0.481428 0.339276 0.0244206 0.0424207 0.720588
0 0.52651 0.127371 0.0227913 0.0360377 0.717399
0 0.549173 0.111774 0.0245033 0.0374837 0.717047
0 0.897301 0.114772 0.0580044 0.0453632 0.716754
0 0.651283 0.408324 0.0352898 0.0556351 0.715904
0 0.621847 0.584679 0.0375252 0.0581153 0.713146
0 0.36274 0.680013 0.0191985 0.053223 0.710197
0 0.368687 0.514761 0.0177071 0.0480493 0.706543
0 0.560653 0.822346 0.0320963 0.0656142 0.703646
0 0.365985 0.599113 0.0185344 0.0416946 0.703204
0 0.460622 0.205313 0.0201775 0.0365005 0.702697
0 0.913904 0.486659 0.0374225 0.066516 0.702115
0 0.574035 0.169917 0.0247776 0.0362351 0.7017
0 0.528965 0.449925 0.0261793 0.0495962 0.70097
0 0.528094 0.271335 0.023554 0.043256 0.699625
0 0.455889 0.396063 0.0238884 0.0443426 0.698726
0 0.4003 0.724467 0.0229512 0.0431625 0.697897
0 0.61479 0.421334 0.0388122 0.0536006 0.697171
0 0.382948 0.260879 0.0164436 0.0352661 0.696847
0 0.729449 0.553083 0.0332193 0.0645054 0.695081
0 0.481269 0.298527 0.0240909 0.0397267 0.691901
0 0.401478 0.381502 0.0366621 0.0390401 0.691742
0 0.677134 0.290436 0.0334023 0.0518095 0.688794
0 0.586324 0.478798 0.0292392 0.0519241 0.688695
0 0.58769 0.535134 0.0311645 0.0550238 0.686076
0 0.362199 0.767471 0.0193658 0.0486865 0.681742
0 0.731877 0.614059 0.0318233 0.0646669 0.681265
0 0.404179 0.543902 0.0211279 0.0399707 0.67982
0 0.933513 0.298293 0.0539807 0.0562015 0.678769
0 0.959729 0.466331 0.0575421 0.0753773 0.67749
0 0.402617 0.343604 0.0368063 0.0388417 0.676866
0 0.83316 0.391005 0.0403786 0.0640791 0.676381
0 0.680933 0.336187 0.0345823 0.053974 0.676224
0 0.648284 0.356707 0.0354335 0.0534196 0.675765
0 0.364415 0.305034 0.0166792 0.0339425 0.675566
0 0.802987 0.469743 0.0392845 0.0638953 0.673568
0 0.666968 0.160928 0.0315979 0.0469256 0.671203
0 0.88636 0.072285 0.0562463 0.0467275 0.667641
0 0.458135 0.316322 0.0214297 0.0387896 0.667279
0 0.505365 0.82343 0.0275778 0.0577042 0.667226
0 0.400296 0.421243 0.0374284 0.0442017 0.664445
0 0.983348 0.181514 0.0297413 0.0461238 0.66321
0 0.527271 0.358971 0.023481 0.046861 0.662046
0 0.36864 0.240886 0.0173872 0.0345427 0.660419
0 0.40273 0.586737 0.0219322 0.0497092 0.660181
0 0.351864 0.519275 0.0174818 0.0472699 0.659299
0 0.814783 0.651695 0.0365155 0.067009 0.65582
0 0.40107 0.632181 0.0229455 0.0423974 0.654872
0 0.505136 0.766767 0.026737 0.0536855 0.65439
0 0.868663 0.265365 0.064345 0.0586433 0.653602
0 0.431721 0.401091 0.0253764 0.0443116 0.652397
0 0.637124 0.171683 0.0333572 0.0501149 0.648287
0 0.393955 0.768077 0.0335639 0.0486512 0.647979
0 0.826366 0.333782 0.0348842 0.0581681 0.645208
0 0.532101 0.76418 0.0259838 0.0536509 0.643579
0 0.362656 0.725063 0.0195563 0.0383525 0.64329
0 0.481725 0.156132 0.0201926 0.0411876 0.64077
0 0.480106 0.382858 0.0245571 0.0463424 0.63859
0 0.558764 0.649401 0.0303299 0.05868 0.63775
0 0.36367 0.636016 0.0182783 0.0381991 0.635954
2 0.343516 0.864273 0.0166012 0.0466117 0.634995
0 0.724062 0.1275 0.0368366 0.0480711 0.633258
0 0.571702 0.103461 0.0227633 0.034754 0.630804
0 0.874025 0.323404 0.0630282 0.0613255 0.630124
0 0.404059 0.504863 0.0222782 0.0430944 0.629605
0 0.353005 0.480145 0.0176571 0.0346301 0.629164
0 0.350419 0.560853 0.0180981 0.039604 0.627477
0 0.40602 0.276237 0.0352496 0.0365333 0.625781
0 0.36764 0.55702 0.0180338 0.0439589 0.624202
0 0.435382 0.285843 0.0249274 0.0363747 0.623138
0 0.37021 0.47517 0.0184181 0.0397222 0.623048
2 0.39109 0.861525 0.0396932 0.0434182 0.620899
0 0.929076 0.740288 0.041669 0.0717528 0.619088
0 0.71335 0.330704 0.0336483 0.0550492 0.617532
0 0.382384 0.632548 0.0219852 0.0406849 0.615334
0 0.345386 0.682099 0.0178573 0.0550808 0.614712
0 0.458732 0.276834 0.0209444 0.0394947 0.614314
0 0.736497 0.218615 0.0390303 0.0464522 0.613842
0 0.786234 0.303294 0.0388234 0.0581894 0.608671
0 0.34896 0.599371 0.0182757 0.0452254 0.604701
0 0.627594 0.821719 0.0371645 0.0646084 0.60265
0 0.833139 0.0824328 0.0601446 0.0503667 0.600169
0 0.344906 0.726797 0.0177751 0.0347527 0.599905
0 0.977871 0.13622 0.0425663 0.0480322 0.595259
0 0.433981 0.324271 0.0242242 0.0401533 0.593656
0 0.36118 0.34233 0.0165716 0.0397868 0.593371
0 0.45703 0.354772 0.0225382 0.0445008 0.593304
0 0.886996 0.562336 0.0335566 0.0693751 0.590697
0 0.988213 0.228054 0.0233536 0.0491794 0.588809
0 0.399268 0.677497 0.0249995 0.0495838 0.587675
0 0.840903 0.125517 0.0601854 0.0430745 0.586682
0 0.582197 0.380011 0.0268785 0.0558352 0.586512
0 0.454048 0.483951 0.023785 0.0497375 0.582916
0 0.503218 0.173107 0.0242846 0.038659 0.582585
0 0.399418 0.46287 0.0350951 0.0429416 0.581636
0 0.433156 0.361609 0.0244721 0.0405474 0.581275
2 0.38466 0.861653 0.0302137 0.0446635 0.580765
0 0.645504 0.309947 0.0349867 0.0460528 0.579465
0 0.900326 0.370528 0.032729 0.0571303 0.574896
0 0.966354 0.529427 0.0580446 0.0683727 0.573657
0 0.531291 0.822743 0.0255409 0.061967 0.569318
0 0.399225 0.767776 0.0237748 0.0484256 0.567852
0 0.951314 0.405473 0.0522631 0.0560634 0.567249
0 0.613303 0.370344 0.0387914 0.0551229 0.564585
0 0.607661 0.27468 0.0374334 0.0422101 0.563418
0 0.591569 0.882065 0.0313481 0.0587674 0.556163
2 0.927926 0.804171 0.0398857 0.0633042 0.555663
0 0.459334 0.240102 0.020805 0.0375821 0.55407
0 0.346331 0.643823 0.0180152 0.0401945 0.551326
0 0.663344 0.810985 0.0320084 0.0535261 0.548285
0 0.943989 0.352588 0.0566399 0.0581387 0.542876
0 0.81532 0.7166 0.0353489 0.0773969 0.541795
0 0.717825 0.381554 0.0321789 0.0592859 0.53922
0 0.404101 0.31045 0.0360066 0.0339595 0.53332
0 0.35707 0.408939 0.0180028 0.0387245 0.530248
0 0.576089 0.249186 0.0224751 0.0418826 0.528251
0 0.669144 0.202929 0.0325374 0.0471022 0.526837
0 0.385519 0.545868 0.0205151 0.0385602 0.515713
0 0.390256 0.545502 0.029339 0.0390846 0.506913
0 0.574574 0.205771 0.0231979 0.0392943 0.503575
