0 0.766467 0.539048 0.047128 0.064055 0.857724
0 0.700551 0.682173 0.0430681 0.0674265 0.856895
0 0.344738 0.819118 0.0180378 0.0436499 0.849006
0 0.695647 0.561638 0.0409853 0.0626144 0.848879
0 0.66306 0.755413 0.0339887 0.0659407 0.845952
0 0.692235 0.501981 0.0404881 0.0609393 0.84594
0 0.773723 0.729636 0.0470052 0.0753028 0.844832
0 0.627365 0.759652 0.0382362 0.064038 0.843106
0 0.924256 0.609431 0.0400891 0.0691344 0.842278
0 0.66175 0.693268 0.0350658 0.0646797 0.840962
0 0.927625 0.67581 0.0406128 0.0704774 0.837738
0 0.772121 0.66252 0.0496452 0.067273 0.837736
0 0.698256 0.621011 0.0426352 0.0636847 0.836948
0 0.701647 0.74382 0.0434115 0.0670478 0.835818
0 0.689103 0.44683 0.0390846 0.0558101 0.835497
0 0.626305 0.700543 0.0377795 0.0618797 0.834303
0 0.703233 0.803753 0.0427608 0.0600967 0.833207
0 0.555489 0.446547 0.0329632 0.0540175 0.833043
0 0.452874 0.624852 0.0263552 0.0485193 0.831496
0 0.452149 0.772982 0.0263517 0.0491975 0.830726
0 0.552864 0.305012 0.0311608 0.045148 0.830697
0 0.479529 0.773051 0.0293458 0.051676 0.830477
0 0.478218 0.619215 0.0279205 0.0515533 0.827926
0 0.478632 0.669824 0.0286057 0.053252 0.827502
0 0.769786 0.599665 0.0506678 0.0709201 0.824334
0 0.850455 0.574958 0.0440144 0.0664295 0.822668
0 0.425567 0.771383 0.0275244 0.047064 0.821753
0 0.479716 0.721552 0.0294983 0.0513382 0.820425
0 0.919379 0.545791 0.0418308 0.0658922 0.818417
0 0.427161 0.586073 0.0269972 0.0467875 0.817473
0 0.504666 0.613152 0.0283141 0.0551871 0.817068
0 0.506415 0.51242 0.0278191 0.0525451 0.816638
0 0.452783 0.723458 0.0263389 0.0499201 0.815118
0 0.758339 0.424086 0.0443647 0.0572127 0.814928
0 0.558977 0.656 0.0331841 0.0574391 0.814437
0 0.660283 0.632652 0.0362381 0.0629274 0.812008
0 0.452441 0.672946 0.0258894 0.0520266 0.810373
0 0.65822 0.572213 0.0369541 0.064742 0.808674
0 0.530453 0.66277 0.0260156 0.0574585 0.807813
0 0.426101 0.676056 0.0272142 0.0481694 0.807523
0 0.591605 0.705396 0.0303919 0.0591573 0.807144
0 0.857249 0.706018 0.0464947 0.0784834 0.806526
0 0.623572 0.644429 0.0388565 0.0584748 0.80601
0 0.529389 0.60913 0.0252458 0.0555094 0.80582
0 0.558111 0.601277 0.0336083 0.0592037 0.804079
0 0.506082 0.560512 0.0282745 0.0542718 0.803584
0 0.560472 0.710029 0.0336649 0.0579258 0.803444
0 0.914595 0.199336 0.0567958 0.0471569 0.802966
0 0.481189 0.264994 0.0240845 0.0420523 0.799869
0 0.426034 0.724386 0.0275555 0.0471238 0.7978
0 0.557816 0.548286 0.0331366 0.0566277 0.797339
0 0.844835 0.512517 0.0441849 0.0657847 0.796462
0 0.505158 0.666375 0.0283729 0.0554834 0.796086
0 0.557141 0.498015 0.0330359 0.054698 0.795413
0 0.854516 0.636261 0.0443798 0.066445 0.795049
0 0.479624 0.568953 0.0276775 0.0545183 0.794182
0 0.428386 0.541842 0.0268248 0.0462159 0.793786
0 0.815324 0.721882 0.0373963 0.0809468 0.793334
0 0.677463 0.293613 0.0343449 0.0494921 0.793279
0 0.34531 0.776752 0.0185798 0.0355181 0.792506
0 0.584718 0.435136 0.0290226 0.0537607 0.789284
0 0.548188 0.150404 0.0282296 0.0412241 0.788663
0 0.588619 0.593453 0.030374 0.0607502 0.788378
0 0.429478 0.49638 0.0270047 0.0470663 0.786531
0 0.839949 0.452826 0.0421381 0.0599607 0.78651
0 0.526536 0.279895 0.0212336 0.0415085 0.786191
2 0.39017 0.876045 0.0419968 0.0589672 0.78485
0 0.685924 0.394116 0.0376677 0.0546984 0.783066
0 0.574718 0.174873 0.0259765 0.0383082 0.78056
0 0.924845 0.248828 0.0557038 0.057657 0.779097
0 0.622266 0.589804 0.0382996 0.0572414 0.778404
0 0.531091 0.827411 0.0271539 0.0606431 0.777839
0 0.527599 0.320776 0.0211321 0.0438248 0.777803
0 0.814639 0.653923 0.0380596 0.0687813 0.776931
0 0.812903 0.591145 0.038048 0.0691142 0.774571
0 0.548958 0.18685 0.0282853 0.039049 0.774337
0 0.506831 0.718514 0.0282556 0.0544356 0.774077
0 0.525649 0.241952 0.0206627 0.0406866 0.773919
0 0.807976 0.528939 0.0387659 0.0673614 0.773115
0 0.621095 0.532823 0.0354483 0.0588784 0.773074
0 0.65564 0.514311 0.0372847 0.0554951 0.773053
0 0.737326 0.740302 0.0293598 0.066787 0.772033
0 0.423392 0.821358 0.0264116 0.0458883 0.771127
0 0.589605 0.649436 0.0303996 0.0584131 0.769718
0 0.748092 0.31782 0.0413871 0.05269 0.769534
0 0.553944 0.396728 0.0329534 0.0525163 0.76897
0 0.651106 0.409494 0.0363552 0.0536778 0.765926
0 0.648294 0.361467 0.037191 0.0478587 0.764936
0 0.362301 0.819949 0.0182959 0.0438499 0.764695
0 0.479773 0.428791 0.0257443 0.0477468 0.763294
0 0.958753 0.471744 0.0585693 0.0703197 0.763154
0 0.653398 0.464339 0.0375698 0.0537006 0.759909
0 0.735117 0.677379 0.0286991 0.064402 0.759697
0 0.550044 0.223201 0.0286824 0.0420164 0.758717
0 0.481465 0.230019 0.0232881 0.0366015 0.757272
0 0.48106 0.343314 0.0243005 0.0448385 0.756835
0 0.53162 0.717221 0.0254745 0.0548213 0.754824
2 0.361116 0.870534 0.0180567 0.0518416 0.753655
0 0.775692 0.790978 0.0449575 0.0631603 0.752322
0 0.480071 0.520059 0.0263001 0.0507326 0.75189
0 0.363581 0.774801 0.0181303 0.0382754 0.750991
0 0.929055 0.738827 0.0401327 0.0687872 0.750529
0 0.551555 0.262778 0.0299912 0.0438199 0.75035
0 0.503412 0.827787 0.0289856 0.0561837 0.748852
0 0.453839 0.577463 0.0267795 0.0533033 0.748846
2 0.34395 0.867727 0.0175031 0.0487749 0.746604
0 0.400493 0.774243 0.0231634 0.0418198 0.746562
0 0.401205 0.725538 0.0226706 0.044268 0.745753
0 0.673236 0.248727 0.0335393 0.046008 0.744997
0 0.668987 0.205854 0.0317953 0.0439291 0.743988
0 0.561219 0.764117 0.0336429 0.0576357 0.741387
0 0.529961 0.555999 0.024618 0.0558597 0.741246
0 0.368165 0.557951 0.0177034 0.0374234 0.741116
0 0.933413 0.299403 0.0548366 0.0561731 0.740315
0 0.572783 0.106633 0.0231531 0.0361942 0.738796
0 0.833405 0.393791 0.0424028 0.0645301 0.738237
2 0.55347 0.349382 0.0321177 0.0479061 0.737248
0 0.753354 0.369882 0.0435296 0.0603633 0.737157
0 0.618334 0.474279 0.0355216 0.0588582 0.736585
0 0.583324 0.383944 0.0279812 0.0544212 0.73477
0 0.85882 0.762757 0.0464527 0.0592447 0.733925
0 0.615609 0.42116 0.0377977 0.0493123 0.733813
0 0.52968 0.505781 0.0236221 0.0550682 0.73371
0 0.345764 0.730976 0.0182695 0.0383697 0.730666
0 0.738985 0.798642 0.0304365 0.061865 0.727111
0 0.722562 0.443498 0.032144 0.0555719 0.725955
0 0.762477 0.481392 0.0448253 0.0640688 0.725867
0 0.586937 0.483713 0.0299141 0.0542604 0.725324
0 0.50586 0.771393 0.0272099 0.0534998 0.724969
0 0.8978 0.369142 0.0376919 0.0598763 0.724709
0 0.36672 0.599116 0.018293 0.0508644 0.723817
0 0.613859 0.373785 0.0383785 0.051973 0.722815
0 0.399002 0.679155 0.0277142 0.0459749 0.721507
0 0.35888 0.411754 0.0186363 0.0371222 0.721221
0 0.353952 0.48466 0.0176058 0.0357657 0.720467
0 0.481144 0.196598 0.0210838 0.0368595 0.719087
0 0.575871 0.212283 0.0267252 0.0392707 0.718686
0 0.6454 0.310162 0.0364805 0.0533328 0.718439
0 0.636371 0.174322 0.033724 0.0446013 0.714595
0 0.402236 0.383768 0.0362069 0.0392023 0.714226
0 0.34607 0.691619 0.0178335 0.0419387 0.713161
0 0.592328 0.761567 0.0306606 0.0573891 0.712173
0 0.588495 0.536909 0.0310747 0.0574882 0.710332
0 0.356661 0.447464 0.0183557 0.0384407 0.709842
0 0.363691 0.688404 0.0191531 0.043458 0.709518
0 0.480572 0.386016 0.0251686 0.0469067 0.709377
2 0.504125 0.143363 0.0254973 0.0360192 0.708041
0 0.475745 0.824579 0.0273035 0.0476342 0.707078
0 0.363954 0.729469 0.0190549 0.0389753 0.706181
0 0.352128 0.527606 0.0175009 0.0374353 0.705382
2 0.530503 0.888265 0.0269548 0.0597249 0.705276
0 0.401532 0.636327 0.0244514 0.0433551 0.703575
0 0.53165 0.769562 0.025256 0.0533954 0.703176
2 0.390252 0.821598 0.0396396 0.0460092 0.702395
0 0.802809 0.469535 0.0383819 0.0595013 0.699114
0 0.504541 0.253522 0.0233068 0.0429656 0.69908
0 0.378382 0.329646 0.017453 0.0335869 0.698185
0 0.941735 0.353726 0.054203 0.0588499 0.697126
0 0.403501 0.592373 0.0226644 0.0462566 0.695355
0 0.430792 0.451692 0.0262481 0.045705 0.693534
2 0.423136 0.874552 0.0241062 0.060295 0.693154
0 0.912882 0.486051 0.0386807 0.0627674 0.693038
0 0.364988 0.306833 0.0170642 0.0323325 0.690708
0 0.729002 0.557274 0.0308538 0.06187 0.686289
0 0.480044 0.473075 0.0261517 0.0473004 0.684349
0 0.426442 0.631291 0.0267928 0.045199 0.683476
0 0.894479 0.689339 0.0305122 0.0732131 0.680172
0 0.895768 0.750633 0.0271366 0.0683979 0.67896
0 0.611947 0.324816 0.038144 0.0519619 0.675795
0 0.578026 0.255449 0.0272461 0.0418852 0.674898
0 0.723636 0.133141 0.0385387 0.0483221 0.669415
0 0.504658 0.294555 0.0239245 0.0440014 0.668838
0 0.573704 0.139619 0.0249345 0.0359549 0.668099
0 0.381219 0.727296 0.0181994 0.0398042 0.664438
0 0.57975 0.296304 0.0259747 0.0400352 0.66371
2 0.45759 0.245572 0.0191135 0.0367977 0.661191
0 0.709058 0.287064 0.0336887 0.0488713 0.660195
0 0.609098 0.273622 0.0345839 0.0339198 0.659709
0 0.404585 0.50793 0.0242145 0.0466142 0.659361
0 0.381568 0.29487 0.016392 0.036554 0.656758
0 0.402942 0.345945 0.0363453 0.0385341 0.654538
0 0.818084 0.100882 0.0339567 0.0444346 0.652798
0 0.373134 0.442535 0.017815 0.0366855 0.652668
0 0.811024 0.237965 0.0376078 0.0453214 0.651138
0 0.714512 0.336908 0.0340772 0.0509118 0.647845
0 0.826955 0.337635 0.0370606 0.0525543 0.646308
2 0.4489 0.868602 0.0239896 0.0476587 0.64598
0 0.726779 0.497881 0.0327547 0.0635535 0.645543
0 0.404607 0.549584 0.023196 0.0446455 0.644616
0 0.407101 0.464224 0.0232155 0.041729 0.644246
0 0.369062 0.519054 0.0174391 0.043711 0.642466
0 0.370319 0.478872 0.0177351 0.039088 0.642442
0 0.976244 0.137935 0.0449379 0.0447469 0.640757
0 0.40829 0.422997 0.0230192 0.0431413 0.640415
0 0.384037 0.594226 0.0189556 0.0482242 0.639858
0 0.740689 0.266329 0.0417711 0.0523769 0.635177
0 0.66622 0.163696 0.0308329 0.0449625 0.634905
0 0.401582 0.423527 0.0354104 0.0431888 0.633466
0 0.884926 0.0764965 0.0535542 0.0462778 0.630344
2 0.528871 0.455331 0.0224783 0.0512258 0.627399
0 0.367845 0.275239 0.0172826 0.0326186 0.627259
0 0.581033 0.335821 0.0253772 0.0413495 0.624393
0 0.364192 0.646643 0.0184493 0.0444166 0.622878
0 0.434744 0.294518 0.0253699 0.0413645 0.620567
0 0.382874 0.263662 0.0156187 0.0327868 0.620172
0 0.45591 0.442196 0.0240302 0.0495156 0.619451
0 0.968552 0.0977002 0.056144 0.0428989 0.618392
0 0.729433 0.177279 0.0401808 0.0445942 0.615175
0 0.505503 0.465784 0.0266329 0.0502256 0.613058
0 0.641369 0.25931 0.0363718 0.047423 0.609714
0 0.458421 0.320117 0.0207297 0.0404686 0.609392
0 0.380663 0.774163 0.0191714 0.0438118 0.609261
0 0.607271 0.238509 0.0329489 0.0361325 0.608521
0 0.906106 0.156368 0.0550736 0.0446866 0.603647
0 0.525328 0.1368 0.0183021 0.0354789 0.603194
0 0.457834 0.359131 0.0219668 0.0418287 0.602407
0 0.79665 0.148733 0.0354839 0.0433181 0.600098
0 0.351423 0.562393 0.0175334 0.0354736 0.599815
0 0.504043 0.214055 0.0234146 0.0411858 0.598971
2 0.220699 0.827641 0.0282087 0.0220401 0.592752
0 0.350168 0.602919 0.0188269 0.0506337 0.586571
2 0.454886 0.488816 0.0248112 0.0506388 0.582946
2 0.475013 0.873083 0.0270621 0.0494545 0.58152
0 0.560689 0.825346 0.0324443 0.0641153 0.580017
0 0.845779 0.0847833 0.0312664 0.0442814 0.577382
0 0.883339 0.262339 0.0375542 0.0598694 0.575724
0 0.949847 0.410263 0.0526615 0.062351 0.575613
2 0.456011 0.211148 0.0149156 0.0353257 0.570547
0 0.393131 0.679811 0.0396275 0.0478788 0.567684
0 0.36002 0.376382 0.0173717 0.0365712 0.567147
0 0.577015 0.824649 0.0611466 0.0643483 0.564266
0 0.735424 0.218751 0.0403751 0.0432797 0.563191
2 0.987039 0.228681 0.025425 0.0502939 0.56165
2 0.481025 0.302354 0.0242184 0.0430669 0.560331
2 0.454774 0.53154 0.0270914 0.0479092 0.558233
0 0.703692 0.240223 0.0335238 0.0476757 0.557634
0 0.96721 0.526428 0.0535717 0.057974 0.553383
0 0.890728 0.316662 0.0345169 0.0505476 0.552696
2 0.436908 0.223544 0.0241788 0.0371117 0.547143
0 0.346994 0.654432 0.018188 0.0526877 0.54355
0 0.85148 0.278185 0.0335312 0.0585215 0.542433
0 0.719095 0.39013 0.0327343 0.0584511 0.541985
0 0.525209 0.202521 0.0195688 0.0396867 0.535822
0 0.362284 0.340106 0.016696 0.0362454 0.530823
0 0.376386 0.364566 0.0167951 0.0378709 0.530732
0 0.432329 0.40588 0.0257391 0.0450536 0.529418
0 0.610759 0.312794 0.0368952 0.0504226 0.526395
0 0.873739 0.212253 0.0346394 0.0549172 0.526047
0 0.433358 0.366709 0.0254713 0.036315 0.525401
0 0.827843 0.141616 0.0312618 0.0400119 0.521454
0 0.731222 0.618197 0.029223 0.0630975 0.513851
0 0.982158 0.586052 0.0338428 0.0665671 0.513671
0 0.505064 0.332754 0.0246847 0.0443638 0.511979
0 0.858356 0.330845 0.0334079 0.0574929 0.511542
0 0.757304 0.118147 0.0336451 0.0450342 0.509922
0 0.804886 0.191774 0.0369301 0.0470227 0.508144
0 0.527283 0.364014 0.0218533 0.046389 0.507786
0 0.408569 0.344698 0.0251151 0.0388007 0.506008
0 0.819645 0.284831 0.0361946 0.0527242 0.504717
