0 0.773676 0.65917 0.0506076 0.0714203 0.863879
0 0.517532 0.712435 0.0524613 0.0549326 0.84919
0 0.343606 0.816988 0.0167467 0.0477984 0.8389
0 0.695366 0.55805 0.0405498 0.06441 0.837576
0 0.626856 0.758582 0.0370526 0.0637959 0.836005
0 0.77573 0.726443 0.0493273 0.0734814 0.835792
0 0.7015 0.740596 0.0423569 0.065686 0.83488
0 0.701948 0.801896 0.0437611 0.0635553 0.83483
0 0.853687 0.633695 0.0475814 0.0668958 0.834121
0 0.7003 0.679784 0.0420456 0.0679898 0.833789
0 0.928663 0.674667 0.0433925 0.0706806 0.830428
0 0.924752 0.609634 0.0421448 0.0671725 0.827895
0 0.518029 0.765495 0.0526663 0.0542786 0.826818
0 0.692072 0.498204 0.0395258 0.0623799 0.826706
0 0.592247 0.819147 0.0327509 0.0652607 0.82423
0 0.697878 0.617688 0.0414025 0.0643759 0.821064
0 0.560212 0.760633 0.0322117 0.0556555 0.820593
0 0.481258 0.259696 0.025202 0.0423294 0.820158
0 0.45189 0.620127 0.0255711 0.0502698 0.819822
0 0.42435 0.768786 0.0268723 0.0476624 0.819324
0 0.68845 0.442612 0.0381165 0.0591434 0.819016
0 0.449659 0.818981 0.0267818 0.0460438 0.818537
0 0.662319 0.75439 0.0339958 0.0666865 0.818486
0 0.425387 0.721924 0.0270392 0.0465322 0.818175
0 0.516388 0.660071 0.0530876 0.0558898 0.818078
0 0.591823 0.757344 0.0329734 0.0589259 0.816472
0 0.555363 0.4442 0.0323988 0.0535335 0.815747
0 0.846325 0.509911 0.0458122 0.0644306 0.81481
0 0.625395 0.698761 0.03799 0.0623235 0.813645
0 0.451365 0.769223 0.0282557 0.0507087 0.813508
0 0.919747 0.545813 0.0421913 0.0660235 0.813154
0 0.702011 0.870637 0.0463533 0.0796897 0.808035
0 0.425374 0.675396 0.0274267 0.0484687 0.80707
0 0.478568 0.716134 0.0282236 0.0531383 0.806382
0 0.517555 0.822973 0.0517397 0.0593913 0.806169
0 0.481231 0.222923 0.0234917 0.0417181 0.805367
0 0.452085 0.668863 0.0263269 0.0520748 0.805021
0 0.452583 0.718424 0.0276571 0.0504789 0.80368
0 0.557855 0.545064 0.032189 0.0583016 0.80204
0 0.425988 0.628536 0.0269873 0.0496684 0.801103
0 0.590608 0.700129 0.0333204 0.057411 0.800608
0 0.559376 0.706909 0.0315411 0.0572192 0.799867
0 0.65991 0.628729 0.0374731 0.060683 0.799026
0 0.55401 0.392523 0.0315441 0.0542462 0.798647
0 0.658233 0.572408 0.037344 0.0627843 0.797437
0 0.477685 0.616022 0.0293945 0.0540059 0.797069
0 0.559842 0.819779 0.0324261 0.0636194 0.795096
0 0.661487 0.690392 0.0361472 0.0676259 0.79405
0 0.478407 0.768594 0.0270546 0.0510226 0.793966
0 0.850303 0.571839 0.0460588 0.0673733 0.79352
0 0.739305 0.798984 0.0329624 0.0652475 0.79287
0 0.62314 0.640413 0.0385601 0.0613889 0.792131
0 0.47719 0.820316 0.0285515 0.0487796 0.791194
0 0.427908 0.535084 0.0274569 0.0432406 0.790487
0 0.5506 0.22101 0.0274578 0.0401027 0.788362
0 0.551747 0.260722 0.0292444 0.0431068 0.787571
0 0.722488 0.43927 0.0333804 0.0572768 0.78626
0 0.478041 0.665759 0.0291101 0.0536127 0.785724
0 0.841099 0.451054 0.043931 0.0617299 0.784141
0 0.557127 0.492663 0.0322858 0.0557873 0.783844
0 0.366015 0.598298 0.0188372 0.0430374 0.782834
0 0.453301 0.571667 0.0258963 0.0524217 0.782244
0 0.45541 0.437385 0.0233052 0.0483817 0.781155
0 0.856443 0.70279 0.0507525 0.0766114 0.78071
0 0.479094 0.5642 0.0296307 0.0558465 0.777694
0 0.479746 0.424846 0.0263587 0.0518284 0.777427
0 0.777196 0.790494 0.0457741 0.0684046 0.776793
0 0.762985 0.478336 0.0463182 0.064245 0.775882
0 0.360611 0.817372 0.0194201 0.0478165 0.775774
0 0.573405 0.135916 0.0253248 0.0357515 0.773566
0 0.427178 0.579232 0.0277762 0.0520415 0.772177
2 0.38975 0.871188 0.0402788 0.0602164 0.772036
0 0.526292 0.196807 0.0237131 0.0372107 0.768117
0 0.930394 0.739951 0.0442474 0.0707236 0.76779
0 0.504893 0.413608 0.0256941 0.0491199 0.767345
0 0.758182 0.421297 0.0444763 0.0633427 0.766206
0 0.549699 0.181049 0.0265335 0.0409321 0.765554
0 0.481217 0.339572 0.024678 0.0438296 0.764046
0 0.516971 0.60742 0.0528999 0.0563051 0.763604
0 0.620562 0.526276 0.0363577 0.0606522 0.763515
0 0.656149 0.514847 0.0382073 0.0613954 0.763185
0 0.726259 0.49455 0.0336513 0.0615605 0.763
0 0.62196 0.582831 0.0376694 0.0577872 0.760999
0 0.616792 0.469742 0.0387026 0.0574255 0.759788
0 0.66306 0.815535 0.0333265 0.0640802 0.759215
0 0.737235 0.737619 0.0314798 0.0658063 0.758411
0 0.480653 0.381331 0.0254208 0.0468635 0.758376
0 0.428834 0.489381 0.0289745 0.0512516 0.758329
0 0.526058 0.234484 0.0231079 0.040293 0.758194
0 0.549089 0.145478 0.0249504 0.0367289 0.756674
0 0.612588 0.369195 0.0389469 0.0536901 0.75558
0 0.480779 0.516268 0.0283717 0.0528627 0.755267
0 0.505218 0.461396 0.0259364 0.0536129 0.754565
0 0.614261 0.419635 0.0399309 0.0507072 0.754364
0 0.434131 0.325464 0.0253858 0.0422262 0.753858
0 0.558433 0.651997 0.0310915 0.0544203 0.753566
0 0.767073 0.537521 0.0477651 0.0623179 0.753133
0 0.923538 0.249122 0.0529039 0.0534261 0.752142
0 0.366398 0.270961 0.0182137 0.0390937 0.751953
0 0.43539 0.287485 0.0255666 0.0393121 0.751098
0 0.748482 0.31564 0.0405281 0.0552814 0.747179
0 0.552742 0.302224 0.0306089 0.0464508 0.740328
0 0.481207 0.298664 0.0251158 0.0413847 0.74031
0 0.684861 0.388399 0.0363698 0.0565132 0.73896
0 0.504414 0.244353 0.0230753 0.0411879 0.738615
0 0.526527 0.128281 0.0231171 0.0369452 0.736935
0 0.368675 0.514859 0.0172033 0.0459552 0.735701
2 0.361066 0.869203 0.019767 0.0550112 0.734677
0 0.527776 0.40609 0.0225109 0.0504413 0.734566
0 0.480926 0.192503 0.0217362 0.0385588 0.734223
0 0.433264 0.36416 0.0255532 0.0414496 0.73384
0 0.505573 0.323416 0.0252193 0.0450031 0.730592
0 0.680598 0.337698 0.0342146 0.0514545 0.729533
0 0.422181 0.819113 0.0255009 0.0475862 0.727877
0 0.731415 0.613185 0.0318474 0.06385 0.727592
0 0.912909 0.485028 0.0387906 0.0652009 0.725194
0 0.526219 0.160551 0.0237396 0.0373829 0.72467
0 0.476896 0.865771 0.0286882 0.0485067 0.72401
0 0.914404 0.201025 0.0527855 0.0468669 0.723392
0 0.351495 0.518963 0.0186854 0.0448317 0.722998
0 0.505512 0.367143 0.0261666 0.0474421 0.722706
0 0.430434 0.446013 0.0274193 0.0421212 0.722096
0 0.583142 0.432497 0.025845 0.0526862 0.721187
0 0.574041 0.169782 0.0248768 0.0363822 0.71984
0 0.50525 0.282832 0.0230045 0.041834 0.719356
0 0.381098 0.288061 0.0166107 0.0333894 0.719334
0 0.72899 0.553957 0.0331766 0.0608819 0.717029
0 0.456824 0.393095 0.0226124 0.0466564 0.716628
0 0.362634 0.679698 0.0198012 0.0514714 0.715981
0 0.344995 0.672256 0.0181758 0.0731044 0.714253
0 0.370096 0.476903 0.0180362 0.0403034 0.714192
0 0.367854 0.556569 0.0179679 0.0446462 0.713044
0 0.480156 0.470735 0.0277069 0.0523285 0.712214
0 0.528003 0.317632 0.0213743 0.0467347 0.71015
0 0.382455 0.260273 0.0160872 0.0363575 0.709979
0 0.88563 0.0726731 0.0555091 0.0461817 0.709674
0 0.352849 0.480683 0.0185839 0.0378834 0.709348
0 0.361869 0.768519 0.0194995 0.0477827 0.706847
0 0.528179 0.360714 0.021307 0.0474643 0.706755
0 0.526803 0.275877 0.0225212 0.0425667 0.706328
0 0.673059 0.246711 0.0327627 0.0465458 0.704365
0 0.627286 0.8204 0.0360294 0.0652739 0.70372
0 0.344104 0.769856 0.018223 0.0434681 0.70197
0 0.34892 0.599877 0.0194489 0.0438357 0.701494
0 0.45809 0.313954 0.021068 0.0407813 0.69968
0 0.355626 0.444589 0.0187315 0.039498 0.697925
0 0.771204 0.595991 0.0508576 0.0696729 0.695741
0 0.528464 0.555321 0.0284417 0.0573414 0.688461
0 0.905223 0.15631 0.0532702 0.0434386 0.686846
0 0.510391 0.557487 0.0380104 0.0559474 0.686465
0 0.977195 0.135855 0.0436037 0.0477101 0.686097
0 0.400714 0.723444 0.0232134 0.0420136 0.686011
0 0.932403 0.298873 0.0538869 0.0554281 0.684223
0 0.653804 0.464296 0.0375343 0.0538642 0.684153
0 0.71796 0.384604 0.0351427 0.0598358 0.683747
0 0.549059 0.114256 0.0249223 0.0371622 0.682272
0 0.588728 0.629703 0.0329025 0.0875132 0.678635
0 0.60857 0.273055 0.0365666 0.0434658 0.678522
0 0.741256 0.264138 0.0416893 0.0539874 0.677344
0 0.572559 0.10449 0.0237277 0.0347538 0.676913
0 0.364327 0.304286 0.016552 0.0317204 0.675494
0 0.529299 0.503039 0.0250252 0.0609697 0.673587
0 0.44965 0.863603 0.0261049 0.0468032 0.673205
0 0.676501 0.290815 0.0331289 0.0521266 0.67188
0 0.713247 0.332099 0.035219 0.0586165 0.670341
0 0.857935 0.763923 0.0519 0.0642666 0.668067
0 0.896371 0.113847 0.0546015 0.0421459 0.668057
0 0.610846 0.318609 0.0381888 0.0515497 0.664167
0 0.350435 0.560666 0.0191574 0.0425114 0.663547
0 0.505896 0.509026 0.0258652 0.056229 0.661701
0 0.581282 0.37944 0.0250515 0.0574644 0.661226
0 0.585695 0.481175 0.028355 0.0561525 0.660258
0 0.389716 0.817874 0.0417831 0.0479594 0.659835
0 0.666795 0.160581 0.0308809 0.0440814 0.657666
0 0.503152 0.208164 0.0239238 0.0377084 0.652193
0 0.362628 0.724721 0.0197169 0.039774 0.64932
0 0.59163 0.884678 0.0312733 0.0648138 0.646767
0 0.827389 0.335071 0.0382652 0.0577222 0.644135
0 0.606734 0.234874 0.0348202 0.0370463 0.638978
0 0.344671 0.725844 0.0180577 0.035646 0.638763
0 0.43194 0.403836 0.0264028 0.0419497 0.638344
0 0.457498 0.352386 0.0224504 0.042601 0.637106
0 0.930448 0.802599 0.043061 0.0641647 0.634705
0 0.858365 0.213829 0.0644806 0.0583332 0.633577
0 0.834636 0.391892 0.0407338 0.0641097 0.632887
0 0.460668 0.20494 0.019206 0.0386526 0.632439
0 0.786401 0.304286 0.0384048 0.0564913 0.631144
0 0.648221 0.351346 0.0356331 0.0522145 0.628971
0 0.5794 0.290206 0.025238 0.0457688 0.623891
0 0.669577 0.203866 0.0326831 0.0475888 0.623549
0 0.841572 0.126958 0.0613514 0.0433824 0.618219
0 0.587626 0.537151 0.0308004 0.0555611 0.617715
0 0.735339 0.674208 0.0311148 0.067038 0.609201
0 0.392521 0.678789 0.0392766 0.0472101 0.607208
0 0.405069 0.463084 0.023092 0.042547 0.606347
0 0.576645 0.24753 0.023994 0.0440461 0.605406
0 0.401757 0.505389 0.0262292 0.0440336 0.60345
0 0.400238 0.767308 0.0235563 0.0479818 0.603288
0 0.983255 0.180721 0.03126 0.0471662 0.595917
0 0.454945 0.481583 0.0242603 0.0481257 0.595429
0 0.736914 0.217532 0.03979 0.0487172 0.594252
0 0.83322 0.0845223 0.061219 0.0510924 0.593309
0 0.970833 0.093237 0.0537064 0.0439005 0.591216
0 0.558141 0.599799 0.0316471 0.0626673 0.589053
2 0.459467 0.240091 0.0206091 0.0402095 0.588373
0 0.402506 0.544564 0.0245498 0.0404716 0.58685
0 0.652023 0.420734 0.0366063 0.0395262 0.583713
0 0.398827 0.678989 0.0266867 0.0465797 0.583459
0 0.553378 0.345645 0.0315647 0.0482394 0.579674
0 0.642 0.255607 0.0338087 0.0513684 0.576833
2 0.662972 0.876893 0.0331709 0.0618157 0.575347
0 0.960345 0.462942 0.0584694 0.0708801 0.574235
0 0.528568 0.45207 0.0228739 0.0515449 0.571722
0 0.650943 0.400956 0.0359859 0.0453069 0.569202
0 0.345991 0.653328 0.018284 0.0624901 0.568349
0 0.894423 0.688401 0.0288493 0.0687995 0.568165
0 0.574667 0.203201 0.0233205 0.0348619 0.568029
2 0.502562 0.174202 0.0262852 0.0443059 0.564854
0 0.368661 0.238086 0.0169094 0.0395248 0.564315
0 0.588564 0.60557 0.0321546 0.0903668 0.557214
0 0.359333 0.373413 0.0176045 0.0352115 0.547421
0 0.36113 0.337961 0.0168502 0.0355804 0.546234
0 0.399479 0.463026 0.0328798 0.0437132 0.540019
0 0.402371 0.586459 0.0233098 0.0501264 0.536361
0 0.399628 0.421676 0.0358236 0.0434285 0.534566
0 0.36333 0.635569 0.0187953 0.0395539 0.533942
0 0.789328 0.104902 0.0333979 0.0427671 0.533812
0 0.803629 0.473174 0.0381985 0.0589859 0.533269
0 0.393008 0.633044 0.0398289 0.0460502 0.532905
0 0.72386 0.130714 0.037118 0.0492635 0.530025
0 0.390512 0.769421 0.0411489 0.048645 0.527433
0 0.398989 0.633011 0.0279555 0.0456521 0.52665
0 0.752926 0.367931 0.0419733 0.0607889 0.520651
0 0.378454 0.320076 0.0167516 0.0312039 0.511678
0 0.396985 0.312566 0.0231804 0.0362976 0.5055
0 0.375257 0.395611 0.0166193 0.0366123 0.501445
