0 0.70015 0.682229 0.0427137 0.0683966 0.861573
0 0.767563 0.539871 0.0476955 0.062945 0.85466
0 0.775115 0.729518 0.047967 0.0723911 0.848287
0 0.701256 0.745667 0.0431143 0.0682934 0.846761
0 0.344349 0.819485 0.0185725 0.0457786 0.846117
0 0.70244 0.805971 0.041683 0.061354 0.84524
0 0.924363 0.609523 0.0402955 0.0680858 0.84383
0 0.553046 0.304313 0.0311459 0.0442073 0.843089
0 0.773032 0.663722 0.0499762 0.0676545 0.842512
0 0.695311 0.561524 0.0403158 0.0620089 0.837611
0 0.662849 0.754896 0.0345498 0.0652918 0.83258
0 0.927708 0.67549 0.0416721 0.0712483 0.832391
0 0.69181 0.501699 0.0394835 0.0623029 0.831402
0 0.688585 0.446677 0.038446 0.0550579 0.830051
0 0.697696 0.621256 0.0414242 0.0623438 0.827967
0 0.737407 0.741082 0.0300389 0.065853 0.827928
0 0.555506 0.446298 0.0327366 0.0539025 0.826404
0 0.958476 0.47067 0.0563822 0.0721807 0.824393
0 0.452558 0.773304 0.0271798 0.0487852 0.823262
0 0.478441 0.670678 0.0283859 0.0527916 0.820683
0 0.850267 0.573705 0.0452707 0.0696456 0.818919
0 0.628273 0.75951 0.0354511 0.0643255 0.818328
0 0.425513 0.770825 0.0270008 0.048302 0.81706
0 0.4232 0.821575 0.0265943 0.0485806 0.81681
0 0.45275 0.625985 0.0264754 0.0501356 0.816045
0 0.685184 0.394244 0.0382301 0.0557707 0.815793
0 0.452574 0.674383 0.025865 0.0513109 0.81536
0 0.66185 0.693534 0.0352348 0.0646118 0.814312
0 0.559263 0.65593 0.0328293 0.0571992 0.813806
0 0.919658 0.546784 0.0415594 0.0645716 0.813442
0 0.627458 0.700626 0.0354112 0.0616007 0.812497
0 0.530938 0.662561 0.0253544 0.0579786 0.812068
0 0.762669 0.481185 0.0454368 0.0641085 0.811606
0 0.42684 0.585039 0.0266898 0.0489361 0.810987
0 0.584398 0.436281 0.0281145 0.0530699 0.810378
0 0.506403 0.512693 0.0280018 0.0531982 0.809906
0 0.47968 0.721485 0.0285511 0.0503228 0.809782
0 0.735275 0.676768 0.031031 0.0656185 0.80944
0 0.840852 0.452541 0.0436413 0.061473 0.808269
0 0.453117 0.723737 0.0268678 0.0488977 0.807339
0 0.551801 0.263005 0.0299827 0.0440113 0.807172
0 0.479355 0.772894 0.0278278 0.0507622 0.807087
0 0.344961 0.774326 0.0194196 0.0411277 0.806148
0 0.425914 0.676712 0.0270641 0.0489818 0.804917
0 0.560713 0.710283 0.0336054 0.0587847 0.80448
0 0.854464 0.636529 0.0452446 0.0672945 0.802958
0 0.658418 0.574168 0.0365898 0.0633501 0.801533
0 0.477968 0.620947 0.0283184 0.0523244 0.80058
0 0.558238 0.601984 0.0333335 0.0589557 0.800432
0 0.857213 0.703291 0.0470898 0.0734557 0.800393
0 0.557842 0.549793 0.0327413 0.0573484 0.800138
0 0.758905 0.424223 0.0449223 0.0583411 0.799604
0 0.50591 0.560655 0.0286694 0.0547525 0.799261
0 0.504724 0.613402 0.0291142 0.0556868 0.799063
0 0.59202 0.705776 0.0307675 0.0593686 0.797107
0 0.660174 0.632154 0.0357678 0.0606247 0.795856
0 0.557132 0.49833 0.0326707 0.0560766 0.79233
0 0.505342 0.666511 0.0295946 0.0548648 0.791038
0 0.529856 0.609222 0.0248026 0.0559094 0.790811
0 0.405707 0.506864 0.0225193 0.048219 0.788524
0 0.731884 0.617514 0.0321148 0.0614798 0.78798
0 0.729063 0.557135 0.0330429 0.0608502 0.787747
0 0.778053 0.791165 0.046876 0.0647673 0.787461
0 0.425931 0.72431 0.0273894 0.0455506 0.78704
0 0.677785 0.293958 0.0349005 0.0492944 0.784839
0 0.582813 0.384631 0.0274487 0.0524094 0.784148
0 0.915151 0.199245 0.0569804 0.0475039 0.781232
0 0.401056 0.68017 0.0240871 0.0476959 0.781112
0 0.429392 0.496237 0.0267408 0.0472665 0.780657
0 0.361901 0.820764 0.0188887 0.046859 0.778649
0 0.845616 0.51118 0.0449352 0.0644493 0.777193
0 0.924678 0.249262 0.056786 0.0571787 0.777169
0 0.623881 0.643539 0.0394008 0.0593469 0.777088
0 0.506601 0.718148 0.029442 0.0536998 0.776708
0 0.726551 0.497779 0.0347205 0.062789 0.776389
0 0.427897 0.541012 0.0261726 0.0453319 0.775755
0 0.401725 0.636548 0.0238589 0.0449725 0.775045
0 0.739296 0.800884 0.032145 0.0640225 0.774212
0 0.479335 0.429222 0.025964 0.0491083 0.773689
0 0.401164 0.725856 0.023332 0.0432999 0.771328
0 0.572079 0.106223 0.0234548 0.0366291 0.769951
0 0.655752 0.518978 0.036731 0.0549002 0.769104
0 0.561216 0.764673 0.0339068 0.0579101 0.767732
0 0.426103 0.630949 0.0267251 0.0457994 0.767593
0 0.673241 0.248794 0.0341232 0.0463715 0.767477
0 0.480621 0.344415 0.0240706 0.0439729 0.767165
0 0.530134 0.556521 0.0245109 0.0549053 0.766817
0 0.453735 0.57771 0.0282357 0.0532299 0.766069
0 0.722518 0.442098 0.033242 0.0540591 0.764802
0 0.363273 0.689038 0.019274 0.0440889 0.761764
0 0.479917 0.474512 0.0266375 0.0499026 0.761708
0 0.554162 0.395389 0.0321659 0.0539083 0.76128
0 0.770511 0.600929 0.0503502 0.0694906 0.759693
0 0.653553 0.46702 0.037073 0.0563809 0.759121
0 0.363673 0.77389 0.0187488 0.0426176 0.758448
0 0.401003 0.774103 0.0228764 0.0433879 0.757493
0 0.51439 0.242668 0.0425423 0.0388521 0.757346
0 0.532097 0.717192 0.0248026 0.0550449 0.755289
0 0.345851 0.690649 0.0179878 0.0461193 0.754731
0 0.404942 0.548932 0.0222599 0.0440581 0.753656
0 0.628822 0.823502 0.0352329 0.0674009 0.752983
2 0.422843 0.874684 0.0246561 0.0612587 0.752792
0 0.380898 0.727607 0.0190538 0.0402761 0.752678
0 0.366368 0.598735 0.0185841 0.05329 0.74391
0 0.47999 0.266651 0.0250239 0.0434909 0.741659
0 0.515154 0.322283 0.0457381 0.0433794 0.741298
0 0.593162 0.761541 0.0311008 0.0598663 0.74001
0 0.403513 0.591988 0.0225402 0.0482281 0.739877
0 0.747924 0.317073 0.0421713 0.0523113 0.73701
0 0.58879 0.592543 0.0302091 0.0601788 0.735771
2 0.553559 0.347641 0.0318976 0.045855 0.735184
0 0.753607 0.369678 0.0435557 0.0600736 0.734317
0 0.681489 0.342948 0.037076 0.0532061 0.73324
0 0.449895 0.823245 0.0261301 0.0464755 0.732936
0 0.590012 0.649053 0.030682 0.0587591 0.732836
0 0.480105 0.521712 0.0268255 0.0522204 0.732081
0 0.40798 0.423917 0.0227702 0.0435725 0.731971
0 0.933532 0.301453 0.0543615 0.0588402 0.730998
0 0.383956 0.59427 0.0192067 0.0513078 0.729515
0 0.669056 0.20541 0.0316887 0.045614 0.728127
0 0.345486 0.733106 0.0187856 0.043824 0.726659
0 0.929499 0.733858 0.0410638 0.0571088 0.722846
0 0.615492 0.421994 0.0386728 0.0516127 0.7226
0 0.406626 0.465529 0.0229554 0.0419193 0.722326
0 0.622312 0.588154 0.0383709 0.056763 0.72175
0 0.531116 0.829806 0.0255673 0.0622061 0.721236
0 0.833903 0.392672 0.0424076 0.0622003 0.720374
0 0.613792 0.372983 0.038973 0.050566 0.720059
0 0.513699 0.205749 0.0424455 0.0379328 0.719939
0 0.65138 0.409204 0.0361762 0.0537554 0.715166
2 0.361071 0.871494 0.0190163 0.0534966 0.714623
0 0.913508 0.48683 0.0381492 0.0626572 0.712856
0 0.381128 0.683676 0.0190839 0.0483586 0.712034
0 0.363479 0.729397 0.0189473 0.0393558 0.711922
0 0.575455 0.209069 0.0251194 0.0375546 0.709185
0 0.479943 0.385783 0.0249512 0.0472223 0.706823
0 0.52972 0.506296 0.0237095 0.0572876 0.706075
0 0.505704 0.771261 0.028324 0.0533715 0.703899
0 0.586295 0.485815 0.0285696 0.054367 0.703521
0 0.378135 0.32978 0.0180396 0.0319846 0.702511
0 0.905758 0.155581 0.0553215 0.0454414 0.701201
0 0.858261 0.762908 0.0465363 0.0648792 0.699911
0 0.950316 0.412231 0.0527264 0.0621679 0.699876
2 0.343602 0.868246 0.0177973 0.0492237 0.699389
0 0.349901 0.60255 0.0196857 0.0530534 0.698902
0 0.380496 0.774026 0.0196952 0.0444631 0.697732
0 0.363712 0.647704 0.0199165 0.048349 0.694018
0 0.80317 0.472326 0.0382217 0.0628871 0.693637
2 0.530777 0.890808 0.0269328 0.0596946 0.691883
0 0.812775 0.589887 0.0367477 0.0660045 0.690627
0 0.504794 0.829247 0.0290342 0.0589765 0.685315
0 0.845687 0.0848448 0.0316679 0.0461316 0.68475
0 0.574125 0.174215 0.0249612 0.0372888 0.683267
0 0.402909 0.383809 0.0341107 0.0397314 0.679163
0 0.579866 0.296829 0.025864 0.0417429 0.679149
0 0.664276 0.813865 0.0346072 0.0607294 0.678321
0 0.666251 0.162447 0.0300695 0.0461665 0.677885
0 0.606932 0.239784 0.0349911 0.0373789 0.676839
0 0.611959 0.327068 0.0382665 0.0477676 0.675173
0 0.581143 0.337161 0.0257565 0.0423585 0.674976
0 0.620919 0.533153 0.0357636 0.0572984 0.671844
0 0.550204 0.222833 0.0285692 0.0429127 0.671514
2 0.456158 0.245647 0.0178865 0.0382397 0.669958
0 0.47933 0.57011 0.0271542 0.0567055 0.666512
0 0.811123 0.238239 0.0370464 0.04455 0.666332
0 0.364939 0.306992 0.0170571 0.0319338 0.666139
0 0.617823 0.476581 0.0370579 0.0575713 0.665849
0 0.381875 0.29335 0.0167402 0.0374506 0.665422
0 0.455733 0.441764 0.023855 0.049662 0.663896
2 0.62866 0.886347 0.0344787 0.0604326 0.662699
0 0.587995 0.539162 0.0302524 0.0554424 0.659337
0 0.367991 0.557558 0.0176679 0.0400668 0.659179
0 0.740623 0.26616 0.0423222 0.0526134 0.654971
2 0.436626 0.222709 0.0243893 0.0371988 0.654173
0 0.578162 0.253456 0.0260651 0.0449407 0.65273
0 0.398917 0.821141 0.024814 0.0484581 0.652545
0 0.369026 0.518134 0.0173422 0.048995 0.647116
0 0.346829 0.653639 0.018085 0.0540624 0.646824
0 0.807805 0.531058 0.0372192 0.0617097 0.645787
0 0.430971 0.450867 0.0264399 0.0477426 0.642365
0 0.476355 0.82505 0.027157 0.0487266 0.641994
2 0.449214 0.869092 0.0244532 0.0464702 0.640451
0 0.896318 0.114908 0.057007 0.0445797 0.640227
0 0.505416 0.466357 0.0264151 0.050633 0.639029
0 0.818866 0.0994917 0.0328704 0.0419524 0.637829
0 0.899294 0.369425 0.0357922 0.0605854 0.636686
0 0.402547 0.34528 0.0359261 0.0403243 0.634444
0 0.531761 0.770005 0.0245118 0.0538189 0.632428
0 0.358625 0.41135 0.0178641 0.0378824 0.627682
2 0.958159 0.0581014 0.0624783 0.0446427 0.626464
0 0.367747 0.275487 0.0176395 0.033304 0.623926
0 0.515021 0.282346 0.04378 0.0443106 0.623135
2 0.986919 0.2292 0.0258789 0.0519575 0.622582
0 0.724186 0.130871 0.0380634 0.0497884 0.621797
0 0.604515 0.200005 0.0345047 0.0404605 0.621705
0 0.560193 0.826099 0.0318436 0.065367 0.620203
0 0.827664 0.337057 0.0390442 0.0547136 0.618476
0 0.814876 0.653737 0.0365737 0.0703318 0.618443
0 0.548773 0.186311 0.028019 0.0394818 0.618061
2 0.45608 0.212026 0.0160562 0.0369197 0.615904
2 0.5288 0.455555 0.0227647 0.0509676 0.611868
0 0.87276 0.21376 0.0357117 0.0509612 0.610635
2 0.397967 0.875151 0.0282347 0.059771 0.608271
0 0.815901 0.72042 0.034588 0.0764641 0.604106
0 0.383228 0.262499 0.0156833 0.031657 0.603646
0 0.380735 0.297962 0.0178205 0.0381822 0.602166
0 0.369966 0.245557 0.0170503 0.0262467 0.59805
0 0.386032 0.513128 0.0189893 0.0484661 0.597748
0 0.353959 0.483029 0.0172216 0.033566 0.597198
0 0.608938 0.273723 0.0354379 0.0291025 0.597075
0 0.387171 0.469873 0.0178553 0.0418994 0.589822
0 0.356668 0.447499 0.0180177 0.0391313 0.587023
0 0.647854 0.357297 0.0361092 0.0499293 0.585417
2 0.504345 0.372812 0.025283 0.0501913 0.580917
0 0.942955 0.357478 0.0534328 0.0607451 0.576821
0 0.883235 0.26541 0.0351097 0.0564784 0.57497
0 0.735915 0.2194 0.0412466 0.0439183 0.574297
0 0.882888 0.504961 0.037294 0.0610497 0.573471
0 0.458135 0.319471 0.0204279 0.0409709 0.573257
0 0.352273 0.525295 0.0178733 0.0427149 0.572335
0 0.373062 0.440717 0.0185514 0.0376151 0.572068
0 0.965224 0.531211 0.0569572 0.0678532 0.570343
0 0.375458 0.370753 0.0168362 0.0319471 0.570326
0 0.376203 0.364252 0.0175234 0.0368654 0.567895
2 0.983515 0.181214 0.0328501 0.0462614 0.567477
0 0.907327 0.427658 0.0386917 0.0594452 0.562449
0 0.389246 0.427246 0.0175241 0.0435022 0.561825
0 0.374874 0.402591 0.0163344 0.0384125 0.556291
0 0.406077 0.280752 0.0320544 0.0337179 0.555646
0 0.976369 0.138095 0.0461826 0.0440065 0.555626
2 0.74176 0.857317 0.0360792 0.0560797 0.549612
0 0.929388 0.746142 0.0407224 0.0654621 0.545077
0 0.379621 0.820936 0.0188256 0.0478726 0.544225
0 0.456655 0.397746 0.0225675 0.0477082 0.54247
0 0.38493 0.551645 0.0185091 0.0420612 0.542217
0 0.359464 0.376478 0.0167628 0.0350585 0.539391
0 0.401771 0.313464 0.0293323 0.0330272 0.53701
0 0.457932 0.356107 0.0218646 0.0430253 0.536949
2 0.572824 0.139391 0.0250257 0.0367191 0.534754
0 0.432321 0.405407 0.0261202 0.0458986 0.534186
0 0.516024 0.135715 0.0360943 0.0425916 0.532013
2 0.435696 0.257234 0.0237152 0.0370759 0.528802
2 0.503088 0.890565 0.0278659 0.0609851 0.527835
0 0.709176 0.285452 0.0340403 0.0529158 0.527623
0 0.63685 0.176015 0.033749 0.0394384 0.527346
2 0.527312 0.408305 0.0227743 0.0482723 0.520891
0 0.645397 0.3076 0.0359978 0.0494892 0.519258
0 0.641866 0.259503 0.0353804 0.047204 0.51235
0 0.593478 0.824717 0.0331845 0.0644107 0.510326
0 0.581699 0.825803 0.0564304 0.0657916 0.507155
2 0.433274 0.329496 0.0261596 0.038175 0.505609
0 0.370699 0.476762 0.0185957 0.0383129 0.504602
0 0.851715 0.277185 0.0335714 0.0609613 0.503427
0 0.970216 0.0974241 0.0563795 0.0427389 0.502512
