0 0.627816 0.759636 0.0377051 0.0610874 0.862835
0 0.767725 0.539217 0.0454267 0.0664699 0.859737
0 0.701548 0.744306 0.0407084 0.0689886 0.849274
0 0.505843 0.332965 0.0239971 0.0451633 0.841943
0 0.774067 0.660956 0.0477453 0.0697203 0.841851
0 0.70301 0.805825 0.0410427 0.0629561 0.841435
0 0.700067 0.682063 0.0409273 0.0687759 0.841409
0 0.776529 0.72653 0.0444791 0.0750599 0.840947
0 0.626748 0.701236 0.0379695 0.0619834 0.839961
0 0.816682 0.652135 0.0369665 0.0660808 0.834832
0 0.692645 0.502355 0.038413 0.0671347 0.833367
0 0.559692 0.656963 0.033402 0.0581504 0.832767
0 0.697678 0.621947 0.040687 0.0635754 0.83245
0 0.689833 0.446627 0.0381413 0.0599124 0.829775
0 0.45255 0.775031 0.0255957 0.0479944 0.827155
0 0.561725 0.712988 0.0349686 0.0577779 0.826918
0 0.738304 0.739283 0.0345139 0.0698014 0.826648
0 0.664133 0.754634 0.0349636 0.0651085 0.826035
0 0.554698 0.397207 0.0308208 0.054117 0.825975
0 0.55864 0.602302 0.0329534 0.0581909 0.825289
0 0.662629 0.693162 0.0351364 0.0660975 0.824719
0 0.426025 0.771896 0.0258939 0.0461109 0.824547
0 0.562123 0.76684 0.0350201 0.0568277 0.82243
0 0.590699 0.651558 0.0298519 0.0580713 0.821629
0 0.660516 0.63223 0.0360286 0.0622365 0.820467
0 0.840904 0.451685 0.0395622 0.0627017 0.820393
0 0.814075 0.589355 0.0380255 0.0709259 0.819375
0 0.426858 0.632104 0.0278505 0.0459771 0.81785
0 0.658529 0.575186 0.0367817 0.0637256 0.817116
0 0.925237 0.610518 0.0429186 0.0706479 0.817003
0 0.453031 0.675205 0.0248463 0.0493245 0.81637
0 0.505299 0.253895 0.0237718 0.0424655 0.816087
0 0.592842 0.707667 0.0291966 0.0594274 0.813913
0 0.45318 0.725267 0.0258036 0.0490666 0.812548
0 0.505966 0.515374 0.0252707 0.0519684 0.810314
0 0.62447 0.642626 0.0390622 0.0616206 0.810133
0 0.42787 0.585351 0.0277376 0.047075 0.808125
0 0.928341 0.68027 0.0451043 0.0792835 0.808065
0 0.593891 0.762237 0.0295085 0.0575433 0.807776
0 0.504615 0.827658 0.0271053 0.0566993 0.807485
0 0.478765 0.671771 0.0274782 0.0516359 0.807271
0 0.479546 0.723102 0.0279534 0.0501975 0.806866
0 0.426381 0.678481 0.0270439 0.0483887 0.806493
0 0.453344 0.626876 0.0237268 0.0490499 0.806265
0 0.426656 0.725684 0.0265413 0.045613 0.805687
0 0.809077 0.528744 0.0386174 0.0693231 0.805393
0 0.589383 0.595663 0.0297102 0.0614855 0.804241
0 0.50448 0.61577 0.0273124 0.051522 0.802896
0 0.505462 0.467723 0.0250226 0.0506277 0.801689
0 0.530187 0.663456 0.0256164 0.0570623 0.800853
0 0.556143 0.448419 0.0307333 0.0539539 0.799565
0 0.479883 0.428936 0.0267149 0.0483419 0.79885
0 0.479204 0.774078 0.0276125 0.0497889 0.798542
0 0.920209 0.547551 0.0399078 0.0675327 0.796631
0 0.763718 0.480955 0.0443405 0.0694488 0.7965
0 0.505098 0.66714 0.0276489 0.0531867 0.796112
0 0.478304 0.621695 0.0277708 0.0515967 0.794452
0 0.846054 0.511367 0.0405646 0.0677643 0.794145
0 0.423473 0.82192 0.0258293 0.0479189 0.792955
0 0.557651 0.549209 0.0314724 0.0578034 0.792685
0 0.561727 0.826191 0.0332997 0.0654263 0.791089
0 0.736543 0.675829 0.0346171 0.0672332 0.790441
0 0.479588 0.571114 0.0276898 0.0511357 0.789114
0 0.622713 0.584803 0.0381149 0.0592006 0.788692
0 0.738944 0.801005 0.0328321 0.0674133 0.785892
0 0.529738 0.558312 0.0237314 0.0548028 0.783911
0 0.506161 0.719223 0.0270451 0.0526252 0.783616
0 0.505506 0.565073 0.0266714 0.0520136 0.783565
0 0.477808 0.826373 0.0270517 0.0515399 0.783072
0 0.429484 0.494189 0.0265176 0.0483424 0.782561
0 0.529312 0.61078 0.0246672 0.0538934 0.781793
0 0.505022 0.42178 0.0244634 0.0501775 0.781501
0 0.454188 0.577897 0.024007 0.0506612 0.779685
0 0.777134 0.79311 0.0421825 0.0708325 0.778354
0 0.450887 0.825734 0.0256885 0.0490582 0.778311
0 0.531486 0.828174 0.0257012 0.0616096 0.777946
0 0.732819 0.618448 0.0334658 0.0631969 0.777019
0 0.52679 0.240405 0.0200778 0.0429295 0.776914
0 0.754414 0.369143 0.0430795 0.063963 0.775702
0 0.859274 0.704162 0.0436921 0.0748865 0.773548
0 0.951271 0.412416 0.055043 0.0651435 0.772986
0 0.653507 0.457835 0.0375561 0.0583685 0.772191
0 0.851859 0.573275 0.0418585 0.0698482 0.769469
0 0.428735 0.541113 0.0270704 0.0452181 0.769341
0 0.401652 0.679722 0.0239811 0.047143 0.768311
0 0.620848 0.528307 0.0371431 0.0588297 0.767242
0 0.529681 0.507869 0.0229673 0.0550107 0.767205
0 0.758779 0.422248 0.044367 0.0628824 0.76682
0 0.480978 0.384034 0.0249233 0.0496222 0.76591
0 0.907815 0.428666 0.0376324 0.0628306 0.765806
0 0.665152 0.810035 0.034337 0.0558093 0.763685
0 0.527989 0.409404 0.0225277 0.0502083 0.763558
0 0.656088 0.515918 0.0371606 0.0630299 0.763547
2 0.527497 0.279735 0.0204857 0.0438328 0.762347
0 0.68632 0.391824 0.0377262 0.0621421 0.762296
0 0.526754 0.201391 0.0186919 0.0417749 0.761303
0 0.505857 0.772038 0.0267156 0.0514729 0.760493
0 0.749835 0.316563 0.041543 0.0577846 0.757355
0 0.401807 0.725052 0.0231261 0.0428395 0.755783
2 0.52857 0.36319 0.0214727 0.0470948 0.75381
0 0.479978 0.473758 0.0269878 0.047581 0.75379
0 0.354143 0.481944 0.017985 0.034943 0.752469
0 0.480245 0.521441 0.0277742 0.0499472 0.74943
0 0.528449 0.320386 0.0211845 0.0438996 0.748279
0 0.695097 0.561499 0.0395468 0.0656124 0.747147
0 0.531555 0.717698 0.0253141 0.053825 0.746367
0 0.618554 0.474875 0.0369408 0.0538068 0.74634
0 0.401428 0.771045 0.0233088 0.0465602 0.744685
0 0.556969 0.498241 0.0303242 0.0522099 0.744334
0 0.576451 0.211258 0.0244203 0.0433413 0.743203
0 0.578683 0.251922 0.0258747 0.042056 0.743066
0 0.368569 0.555145 0.0178117 0.0378804 0.742333
1 0.799867 0.884324 0.016003 0.0394644 0.740802
0 0.580272 0.290167 0.0258907 0.0376878 0.738375
0 0.959017 0.468446 0.0561271 0.0665476 0.736336
0 0.405006 0.547807 0.0214539 0.0427205 0.735525
0 0.430857 0.449939 0.0265328 0.0455054 0.733599
0 0.36721 0.596224 0.0186149 0.0473552 0.732079
0 0.505658 0.293697 0.0239855 0.0449211 0.730506
0 0.771421 0.60004 0.0485039 0.0735399 0.72914
0 0.403847 0.589589 0.0222549 0.046236 0.729119
0 0.368366 0.273068 0.0172057 0.0351097 0.727525
1 0.738513 0.855905 0.0268627 0.0419375 0.72741
0 0.930312 0.741942 0.0443504 0.0625616 0.72715
0 0.976837 0.137896 0.0439905 0.0454426 0.726055
0 0.405879 0.505296 0.0213553 0.0465752 0.725309
0 0.804288 0.469786 0.0386602 0.0639085 0.725162
0 0.352039 0.520817 0.0180182 0.0445013 0.724506
0 0.588094 0.539226 0.0292286 0.0563342 0.721564
0 0.914376 0.486438 0.0358627 0.064122 0.719631
0 0.52677 0.133657 0.0169259 0.0386078 0.718717
0 0.365113 0.305698 0.0168595 0.0325572 0.713076
0 0.572443 0.104953 0.0220171 0.0342722 0.711895
0 0.741985 0.266316 0.038428 0.053587 0.710156
2 0.959977 0.0559661 0.0557564 0.0416482 0.70985
0 0.406685 0.463178 0.0222192 0.042639 0.707744
0 0.402113 0.635697 0.0236313 0.0452815 0.705249
0 0.729612 0.557612 0.0339883 0.0650997 0.70456
0 0.723248 0.440853 0.0325112 0.0630206 0.70232
1 0.706385 0.859277 0.0401786 0.0467291 0.701033
0 0.72754 0.495856 0.0328478 0.0682209 0.700503
0 0.369488 0.513777 0.0174077 0.046749 0.699806
0 0.6693 0.204552 0.031571 0.050066 0.698383
0 0.454755 0.531709 0.023332 0.0474107 0.696232
0 0.933002 0.298572 0.0516052 0.0577543 0.695504
0 0.816951 0.71709 0.0371845 0.0738423 0.695198
0 0.381999 0.293296 0.0161518 0.0356112 0.69227
0 0.583079 0.382927 0.0262753 0.0544381 0.689424
0 0.737624 0.220006 0.0399395 0.0478365 0.688074
0 0.651115 0.402147 0.0363811 0.0604377 0.687741
0 0.718856 0.386671 0.0325714 0.0599642 0.684129
0 0.531597 0.770695 0.0250463 0.0534674 0.682367
0 0.593536 0.822552 0.0305101 0.0632946 0.682307
0 0.834231 0.394777 0.0383842 0.067423 0.681413
2 0.505669 0.177258 0.0247852 0.0442766 0.68015
0 0.586367 0.485059 0.0280079 0.0563238 0.676609
0 0.39794 0.315291 0.0223805 0.0349613 0.675345
0 0.378031 0.328593 0.018391 0.0332201 0.673759
0 0.856617 0.636915 0.0436321 0.0703523 0.671294
0 0.715125 0.335062 0.0327179 0.0524313 0.669599
0 0.924015 0.250273 0.0527323 0.0573295 0.663399
0 0.615785 0.424263 0.0388255 0.0529166 0.663335
0 0.480124 0.266179 0.0251831 0.0428101 0.662175
0 0.456194 0.443352 0.0211858 0.0484217 0.660925
0 0.876177 0.442859 0.0341423 0.066934 0.657462
0 0.584449 0.435835 0.026218 0.0509958 0.654009
0 0.505767 0.214073 0.0245728 0.0437866 0.653597
0 0.682541 0.337465 0.0352899 0.0527493 0.65356
0 0.407901 0.42203 0.0225271 0.0409586 0.653336
0 0.364364 0.637598 0.0180064 0.0345734 0.653049
0 0.900014 0.370678 0.0346947 0.0642596 0.651838
0 0.614178 0.373507 0.0387251 0.0532384 0.650124
1 0.780912 0.888268 0.0226229 0.0368783 0.647283
1 0.739461 0.892458 0.0232502 0.0356466 0.645378
0 0.356785 0.448207 0.0176345 0.0363898 0.643597
2 0.479138 0.196025 0.0267708 0.0415303 0.640794
0 0.351218 0.559883 0.0179526 0.0352846 0.638002
0 0.48114 0.342205 0.0244608 0.0452045 0.637743
0 0.383648 0.258937 0.0157541 0.0376945 0.637434
0 0.407012 0.382314 0.0257256 0.0405051 0.637192
0 0.845228 0.226856 0.0341051 0.0570899 0.636427
0 0.386411 0.507645 0.0182355 0.046999 0.635288
0 0.370676 0.477836 0.0173727 0.0393078 0.634702
0 0.967943 0.527575 0.0557171 0.0646102 0.630321
0 0.553313 0.304157 0.0295944 0.0451239 0.629952
2 0.552483 0.261721 0.0287048 0.0468114 0.62918
2 0.503867 0.889458 0.0266135 0.0642616 0.629009
0 0.638336 0.177205 0.0328451 0.0475664 0.625209
0 0.384292 0.592827 0.0190739 0.0482865 0.623831
0 0.608693 0.24071 0.0341501 0.0470556 0.621952
0 0.9439 0.354873 0.0552351 0.0634025 0.616247
0 0.434142 0.364746 0.0266068 0.0369635 0.61361
0 0.852663 0.275741 0.0352799 0.0541833 0.610986
0 0.612505 0.325486 0.0380056 0.049309 0.608981
0 0.91353 0.202007 0.0527916 0.0513719 0.605444
0 0.551005 0.221542 0.0286518 0.0472981 0.602055
0 0.38592 0.550119 0.0181561 0.0399027 0.600631
0 0.881531 0.500173 0.0345573 0.0626772 0.598263
0 0.400255 0.282584 0.0225521 0.035255 0.596356
0 0.403211 0.347292 0.0340208 0.0364954 0.59607
2 0.531215 0.89099 0.0269901 0.0642421 0.594751
0 0.672771 0.248305 0.0318935 0.0470572 0.592819
0 0.480845 0.303987 0.0243602 0.0429912 0.588858
0 0.710118 0.285881 0.0327999 0.0515811 0.586444
0 0.581206 0.331878 0.0251777 0.0474642 0.581753
0 0.826914 0.334917 0.0358526 0.0610403 0.58153
1 0.592762 0.885832 0.0309017 0.0588837 0.580199
0 0.799711 0.413693 0.0392296 0.0638731 0.578854
0 0.648875 0.353172 0.0361219 0.0478952 0.573091
0 0.43695 0.255442 0.0242919 0.0351186 0.567105
0 0.370477 0.242129 0.0169488 0.0304392 0.566322
0 0.528882 0.457162 0.0228127 0.0505258 0.549256
0 0.724207 0.127953 0.0375407 0.052763 0.547065
2 0.479665 0.229877 0.0267389 0.0377205 0.544322
0 0.432826 0.405006 0.0268294 0.0450575 0.544315
0 0.884794 0.076583 0.0542385 0.0493294 0.542321
0 0.554174 0.3479 0.0309095 0.0500331 0.540568
0 0.982946 0.181958 0.0325493 0.0469609 0.539911
0 0.610851 0.282506 0.035206 0.0394752 0.535738
0 0.387775 0.4647 0.0170965 0.0402123 0.532983
0 0.362371 0.336811 0.0152798 0.0305835 0.532162
0 0.884243 0.264188 0.032917 0.0581708 0.530896
0 0.969685 0.0963396 0.0524029 0.0440238 0.529733
0 0.349761 0.599502 0.0186788 0.0465 0.528455
0 0.905581 0.157862 0.0546157 0.0487636 0.528407
2 0.457909 0.282416 0.0172634 0.0412216 0.527837
0 0.457992 0.395961 0.0225025 0.0486081 0.527166
0 0.678514 0.290408 0.0344957 0.050356 0.526439
0 0.399058 0.820843 0.024516 0.0490026 0.521901
0 0.376438 0.360876 0.0182435 0.0372353 0.521842
0 0.403312 0.219247 0.0187673 0.0352274 0.519479
0 0.550086 0.182836 0.0278951 0.0436773 0.51484
0 0.39065 0.422988 0.0181344 0.0393244 0.514664
0 0.629102 0.821065 0.0401911 0.0655312 0.508024
0 0.439891 0.188832 0.0269855 0.035515 0.507898
1 0.760398 0.890399 0.0181981 0.0356912 0.506057
0 0.378111 0.772685 0.0248786 0.0440038 0.504706
0 0.837429 0.182406 0.0359934 0.0458954 0.504464
0 0.847007 0.084115 0.0318841 0.048259 0.50427
1 0.780195 0.853198 0.0229087 0.0370675 0.502712
0 0.363439 0.689501 0.0176956 0.0384057 0.502341
0 0.458399 0.355832 0.0207168 0.0451512 0.5002
