0 0.517309 0.825198 0.0536521 0.0603537 0.878813
0 0.389302 0.818138 0.04086 0.049744 0.871869
0 0.587391 0.587616 0.0321291 0.0623146 0.855291
0 0.590385 0.700067 0.0330225 0.0572586 0.854353
0 0.924721 0.608469 0.0397686 0.068931 0.851539
0 0.698762 0.679561 0.0431366 0.0659991 0.849026
0 0.772877 0.657422 0.0490364 0.0698186 0.84219
0 0.591555 0.757447 0.0325588 0.0595157 0.838632
0 0.700381 0.740968 0.044139 0.0672312 0.837295
0 0.626123 0.75758 0.036314 0.0658719 0.836348
0 0.928997 0.674633 0.0413788 0.0710932 0.834787
0 0.34346 0.818292 0.0168146 0.0466806 0.83309
0 0.701884 0.802216 0.0453476 0.0626576 0.831661
0 0.920465 0.544054 0.0406111 0.0674616 0.831621
0 0.588497 0.645552 0.0323124 0.056799 0.8311
0 0.691787 0.499093 0.0398481 0.0634772 0.829694
0 0.517282 0.767261 0.0541304 0.0571463 0.829178
0 0.694343 0.558274 0.0411159 0.0641515 0.828974
0 0.696356 0.618949 0.0424428 0.0658191 0.827939
0 0.660206 0.691149 0.035073 0.0646986 0.826703
0 0.854261 0.633019 0.0431923 0.0674291 0.82548
0 0.560252 0.82001 0.0320945 0.0635581 0.825045
0 0.476871 0.769684 0.0278383 0.0532265 0.821891
0 0.773875 0.725423 0.0470839 0.0771545 0.821316
0 0.812202 0.586338 0.03797 0.0692892 0.820255
0 0.47751 0.718241 0.0274343 0.0498909 0.818307
0 0.661683 0.754558 0.0337355 0.066567 0.818274
0 0.553246 0.302015 0.0296001 0.0467829 0.818216
0 0.560038 0.759875 0.0316771 0.0573126 0.818115
0 0.426417 0.581659 0.0272202 0.0517773 0.814743
0 0.451885 0.624328 0.0258589 0.0508024 0.814045
0 0.815702 0.717167 0.0374177 0.0773745 0.812705
0 0.476359 0.822873 0.028093 0.0526231 0.811604
0 0.625126 0.696234 0.0358513 0.0633424 0.810482
0 0.658385 0.629789 0.0358148 0.0619419 0.808688
0 0.554426 0.445241 0.0312631 0.0546022 0.808535
0 0.557985 0.650897 0.0311825 0.0561965 0.808346
0 0.762638 0.476607 0.0427249 0.0698733 0.805489
0 0.451617 0.72078 0.0261954 0.04889 0.804552
0 0.478065 0.566273 0.0272753 0.0567682 0.801445
0 0.390399 0.768067 0.0414397 0.0483688 0.798199
0 0.621205 0.583295 0.0371637 0.0585566 0.798128
0 0.618631 0.525166 0.0373567 0.0631524 0.798095
0 0.923826 0.246843 0.0572784 0.0578005 0.796782
2 0.360257 0.868787 0.0194798 0.0535679 0.794905
0 0.59238 0.818001 0.032053 0.0627718 0.794428
0 0.427305 0.537531 0.027553 0.0440748 0.794147
0 0.622863 0.638851 0.03692 0.0591077 0.793799
2 0.389064 0.870969 0.0390927 0.057661 0.793775
0 0.360465 0.818336 0.0193823 0.0485101 0.792957
0 0.856705 0.701313 0.0454617 0.0757551 0.792669
0 0.51735 0.713845 0.0537 0.0560012 0.792275
0 0.815296 0.650338 0.0358122 0.0676289 0.791496
0 0.451828 0.672649 0.0257688 0.0507301 0.791016
0 0.553494 0.39368 0.0309624 0.0554934 0.786814
0 0.424598 0.675781 0.0278059 0.0502565 0.785267
0 0.766679 0.537214 0.0446638 0.0654169 0.784922
0 0.559234 0.705247 0.031249 0.056404 0.784704
0 0.423862 0.769148 0.0268245 0.0490437 0.784628
0 0.425217 0.628881 0.0276793 0.0492104 0.783301
0 0.427672 0.492594 0.0281746 0.0467394 0.780892
0 0.654687 0.518239 0.036659 0.0628422 0.77577
0 0.656631 0.576216 0.0368282 0.0562172 0.774307
0 0.452076 0.57641 0.0263272 0.0533493 0.773715
0 0.424627 0.722626 0.0277247 0.0470995 0.773107
0 0.688808 0.443522 0.0385647 0.0606407 0.772523
0 0.478434 0.519091 0.0263594 0.0486821 0.771449
0 0.477416 0.668023 0.0270358 0.0523392 0.769723
0 0.7305 0.55389 0.0331749 0.0599155 0.769408
0 0.47758 0.616612 0.0274123 0.0537291 0.769017
0 0.957726 0.466273 0.0598022 0.0792009 0.768202
0 0.911911 0.48307 0.0359512 0.0667132 0.767074
0 0.850097 0.570579 0.042049 0.0685001 0.767005
0 0.450197 0.769807 0.027902 0.0515134 0.766527
0 0.932797 0.302299 0.0558022 0.0685078 0.765545
0 0.516948 0.660306 0.0528612 0.0608178 0.765057
0 0.448355 0.820169 0.0285372 0.0492703 0.764881
0 0.55744 0.593941 0.0317209 0.0592519 0.762511
0 0.576676 0.24932 0.024284 0.0411327 0.760282
0 0.527667 0.312273 0.0257318 0.0475789 0.759846
0 0.844381 0.508683 0.0415367 0.0686532 0.759656
0 0.806729 0.526836 0.0395412 0.0677021 0.759524
0 0.582676 0.431001 0.0282496 0.055149 0.759369
0 0.552324 0.259602 0.0287222 0.0431751 0.752684
0 0.757482 0.420088 0.0423172 0.064211 0.749742
0 0.703288 0.869582 0.0478348 0.0737509 0.747275
0 0.422099 0.81923 0.0258983 0.0487539 0.746893
0 0.894124 0.685686 0.0327427 0.0682971 0.744897
0 0.736657 0.73743 0.0305685 0.0682957 0.744879
0 0.529578 0.600926 0.0273191 0.0574964 0.742107
0 0.770522 0.594915 0.0478037 0.0716895 0.742073
0 0.380217 0.290567 0.0167251 0.0360986 0.741979
0 0.557394 0.543872 0.0306082 0.0500773 0.739949
0 0.802769 0.467403 0.0410405 0.0637992 0.739614
0 0.586102 0.53225 0.0303579 0.05518 0.738997
0 0.479293 0.382514 0.0263371 0.047654 0.738448
0 0.616222 0.471423 0.0378605 0.050509 0.738132
0 0.839565 0.450358 0.0384462 0.0652201 0.73423
0 0.503987 0.324835 0.0244213 0.0460226 0.733751
0 0.556893 0.492796 0.0305846 0.0543641 0.731183
0 0.731992 0.612977 0.032072 0.0658888 0.728889
0 0.574686 0.209785 0.0239935 0.0422537 0.728276
0 0.504511 0.606167 0.0291314 0.0582759 0.728152
0 0.5273 0.357192 0.0251797 0.0495623 0.727047
0 0.526581 0.233049 0.0247921 0.0390318 0.726288
0 0.381937 0.260937 0.01628 0.0327571 0.725573
0 0.652415 0.464973 0.0363173 0.0505159 0.723196
0 0.914252 0.197374 0.0570568 0.0514696 0.721931
0 0.727391 0.494266 0.0336812 0.06765 0.720552
0 0.548484 0.148344 0.0251324 0.0365753 0.710317
0 0.361794 0.768013 0.0185743 0.0478288 0.709463
0 0.530203 0.55258 0.0266237 0.0549283 0.707386
0 0.739319 0.798857 0.032087 0.0624942 0.704993
0 0.55328 0.34665 0.0304728 0.0468123 0.70408
0 0.890629 0.624184 0.0338039 0.0698957 0.703704
0 0.36251 0.682848 0.0195825 0.0523721 0.702772
0 0.480125 0.193825 0.0216629 0.0375516 0.702164
0 0.504247 0.284701 0.0239447 0.0426683 0.700051
0 0.504831 0.505271 0.0277952 0.0613438 0.699987
0 0.573591 0.171998 0.0242146 0.038747 0.695381
0 0.48028 0.340803 0.0250904 0.0467782 0.694704
0 0.685873 0.388964 0.0378124 0.0613691 0.694155
0 0.454431 0.439931 0.0218742 0.0493744 0.693708
0 0.530107 0.500232 0.025968 0.0595713 0.693378
0 0.527197 0.422593 0.0262638 0.0934205 0.69245
0 0.504616 0.55756 0.028484 0.0561513 0.69236
0 0.579076 0.289591 0.0249485 0.0443945 0.690384
0 0.344318 0.76837 0.0182031 0.0467723 0.687762
0 0.747743 0.312654 0.0386986 0.0583618 0.684611
0 0.58458 0.479509 0.0284036 0.0513375 0.684549
0 0.428815 0.447907 0.0286705 0.0475388 0.684236
0 0.885739 0.559939 0.0352485 0.0712675 0.683737
0 0.525677 0.127958 0.0218299 0.0353555 0.680986
0 0.403375 0.542239 0.0221409 0.0401848 0.678739
0 0.480193 0.262703 0.023791 0.0428392 0.676397
0 0.391293 0.680158 0.0402193 0.0497167 0.675467
0 0.367504 0.51762 0.0179159 0.0465062 0.671105
0 0.503384 0.371127 0.02607 0.0537853 0.67033
0 0.525286 0.160904 0.0225888 0.0390568 0.669364
0 0.430434 0.404778 0.0276489 0.04795 0.659426
0 0.399841 0.281417 0.0252071 0.0358919 0.659215
0 0.663231 0.812918 0.0312757 0.0596234 0.658208
0 0.402278 0.584649 0.0224679 0.0529723 0.657095
0 0.366809 0.556652 0.0178441 0.0414001 0.657003
0 0.581034 0.379809 0.0270289 0.0527427 0.655771
0 0.570809 0.101621 0.022237 0.0368396 0.655333
0 0.549565 0.181889 0.0262566 0.0401209 0.653836
0 0.503565 0.245478 0.0242092 0.04285 0.652619
0 0.365936 0.271114 0.0171618 0.0359334 0.651036
0 0.870524 0.0756363 0.0284468 0.045776 0.650216
0 0.36864 0.47668 0.0187124 0.0415378 0.647961
0 0.548045 0.113111 0.0239235 0.0399158 0.647829
0 0.479963 0.226103 0.0227119 0.0391659 0.64392
0 0.527244 0.271757 0.0254622 0.0407008 0.642667
0 0.930705 0.73913 0.0405491 0.0678763 0.640086
0 0.525793 0.196702 0.0237339 0.0383565 0.638314
0 0.345208 0.682016 0.0175096 0.058382 0.636748
0 0.950627 0.404748 0.0545866 0.0589993 0.632716
0 0.362114 0.725506 0.0191931 0.0393322 0.632617
0 0.740828 0.262419 0.0400482 0.0553101 0.630594
0 0.735042 0.675064 0.0310646 0.0644507 0.626475
0 0.797823 0.410619 0.0408076 0.0658605 0.625263
0 0.448449 0.865984 0.0287455 0.0472101 0.6248
0 0.43314 0.326308 0.0280181 0.038903 0.624202
0 0.879102 0.495028 0.0347458 0.0666657 0.623012
0 0.47659 0.869477 0.0284165 0.0458539 0.622652
0 0.832957 0.390523 0.0369463 0.0665449 0.620037
0 0.650883 0.408012 0.0355646 0.055649 0.619242
0 0.480651 0.295422 0.0247902 0.0436904 0.617212
0 0.723247 0.438213 0.0310571 0.0607546 0.616804
0 0.826023 0.33081 0.035107 0.0621651 0.614172
2 0.663647 0.875372 0.0286746 0.0592476 0.609839
0 0.455369 0.395616 0.021564 0.0470895 0.608414
0 0.784919 0.29765 0.0364176 0.0567679 0.605358
0 0.943251 0.352911 0.0583451 0.0567763 0.603633
0 0.350615 0.521507 0.0181518 0.0455026 0.602927
2 0.560668 0.884678 0.0319014 0.0649753 0.597309
0 0.453973 0.486044 0.023238 0.0484439 0.596844
0 0.775042 0.793137 0.0401119 0.068228 0.594857
0 0.365248 0.598235 0.0194781 0.0494133 0.594691
0 0.403735 0.502886 0.0218088 0.0444213 0.593508
0 0.635548 0.171598 0.0322012 0.0523538 0.592733
0 0.363475 0.640037 0.018518 0.0431975 0.590722
2 0.517639 0.888673 0.0524401 0.0678036 0.589925
0 0.363316 0.303707 0.0160161 0.0312598 0.588599
0 0.899057 0.367297 0.0322914 0.0638462 0.578665
0 0.39408 0.315168 0.018152 0.0353419 0.575842
0 0.550779 0.221198 0.0272997 0.0432819 0.573625
0 0.40205 0.250452 0.0243931 0.0337991 0.572496
0 0.392108 0.632949 0.0404032 0.0488117 0.569582
0 0.477811 0.431049 0.0256246 0.0638542 0.565202
0 0.722661 0.128338 0.0377228 0.0517247 0.563996
0 0.433584 0.287549 0.0273178 0.0401216 0.56321
0 0.434856 0.251882 0.0265596 0.0378534 0.56092
0 0.360917 0.337741 0.015481 0.0360481 0.558629
0 0.503088 0.428088 0.0263052 0.0782625 0.555656
0 0.344638 0.728911 0.0175763 0.0359291 0.551873
0 0.62802 0.820601 0.0364111 0.0636052 0.551651
0 0.383451 0.588314 0.0193183 0.0546356 0.547788
0 0.977179 0.521683 0.035026 0.0644644 0.545755
0 0.8826 0.260487 0.0351909 0.0607111 0.544322
0 0.376868 0.326017 0.0172784 0.0314672 0.543024
0 0.852277 0.270978 0.0334121 0.0553739 0.539226
0 0.43674 0.217918 0.0240579 0.0351243 0.536804
2 0.629039 0.878947 0.0375107 0.0545645 0.536463
0 0.396287 0.72395 0.0308155 0.0420979 0.534328
0 0.791513 0.35401 0.0390774 0.0641004 0.53082
0 0.957783 0.0540122 0.0540917 0.0425052 0.529578
0 0.480595 0.160243 0.0208157 0.0378109 0.528752
0 0.349816 0.56142 0.0180823 0.0392815 0.527717
0 0.352193 0.482034 0.0172569 0.0392376 0.527238
0 0.384329 0.512008 0.0189471 0.050889 0.521245
0 0.976716 0.135436 0.0424427 0.0440371 0.518061
0 0.988003 0.227541 0.0233589 0.0511924 0.518014
0 0.895935 0.747543 0.0304756 0.0689872 0.509634
0 0.907111 0.422647 0.035725 0.0628986 0.509034
0 0.752993 0.364781 0.0407874 0.0626014 0.5072
0 0.680731 0.335983 0.0350593 0.0578823 0.506571
0 0.345994 0.657732 0.0182155 0.0628437 0.505814
0 0.671097 0.247467 0.0329868 0.0481155 0.505622
2 0.34306 0.86623 0.0161426 0.0498721 0.501733
0 0.385119 0.231531 0.0152363 0.0300702 0.500912
