0 0.626384 0.756479 0.0363189 0.0670352 0.863501
0 0.773181 0.657956 0.0484636 0.0707434 0.86267
0 0.625828 0.693595 0.0353449 0.0633503 0.854333
0 0.660954 0.690184 0.0358351 0.0658618 0.848973
0 0.929704 0.673691 0.0407956 0.068269 0.844797
0 0.925281 0.608991 0.0396465 0.0693083 0.84224
0 0.343533 0.817988 0.0175296 0.0468273 0.839268
0 0.690951 0.499944 0.0389588 0.0644463 0.837266
0 0.661908 0.754728 0.0340746 0.0662763 0.836878
0 0.700456 0.740267 0.0425596 0.0678314 0.835178
0 0.701757 0.80309 0.0446695 0.0653322 0.835136
0 0.774774 0.72518 0.0459524 0.0760492 0.833061
0 0.627417 0.820156 0.0367759 0.0642789 0.831924
0 0.592068 0.820424 0.0325855 0.0661509 0.827374
0 0.693982 0.558342 0.0389696 0.0597426 0.826815
0 0.476536 0.822046 0.0279089 0.0497308 0.826221
0 0.854504 0.632722 0.0432628 0.0679328 0.82135
0 0.558594 0.653733 0.0329603 0.0583257 0.817709
0 0.659931 0.630405 0.0346398 0.059677 0.815547
0 0.698706 0.678424 0.0404954 0.0650211 0.811844
0 0.696762 0.61753 0.039941 0.0669744 0.811202
0 0.478362 0.719462 0.0284421 0.052577 0.811138
0 0.505192 0.46312 0.0255694 0.0514227 0.810504
0 0.920081 0.544562 0.0407333 0.0670818 0.810193
0 0.557208 0.545173 0.0338284 0.0567567 0.804727
0 0.477285 0.618398 0.0282665 0.0523577 0.804207
0 0.62448 0.637942 0.0364241 0.0567183 0.80413
0 0.477637 0.668178 0.0282064 0.052627 0.803295
0 0.4781 0.770957 0.0277659 0.0497851 0.803056
0 0.811859 0.585188 0.0392281 0.0685991 0.802949
0 0.478204 0.566864 0.0280917 0.0543983 0.80161
0 0.762705 0.478181 0.0430901 0.0673025 0.801245
0 0.923106 0.246316 0.0566784 0.0542833 0.801122
0 0.451977 0.622883 0.0237144 0.0500502 0.798965
0 0.949242 0.405291 0.0535747 0.0601282 0.798866
0 0.815281 0.648941 0.0369604 0.0664274 0.796243
0 0.591345 0.701861 0.0315348 0.0583614 0.796122
0 0.55975 0.821525 0.0320919 0.0645144 0.79504
0 0.912535 0.484338 0.0372169 0.0646841 0.793343
0 0.452382 0.671216 0.024237 0.0516271 0.792845
0 0.559052 0.709742 0.0332956 0.0583552 0.792212
0 0.591817 0.757183 0.0317268 0.0619459 0.791744
0 0.767026 0.536948 0.0455005 0.064835 0.791252
0 0.479587 0.517371 0.0281916 0.0511015 0.790388
0 0.424666 0.771281 0.0280823 0.0454342 0.789018
0 0.504006 0.82393 0.0272076 0.05502 0.788371
0 0.480047 0.341575 0.025094 0.0413385 0.788127
0 0.528239 0.454849 0.0228876 0.0510299 0.786605
0 0.479829 0.381891 0.0265209 0.0475133 0.786459
0 0.528578 0.504192 0.0222645 0.0556848 0.786052
0 0.45263 0.721266 0.0251522 0.0504577 0.784516
0 0.556319 0.494585 0.0325227 0.0552632 0.784194
0 0.449352 0.820037 0.0258364 0.0467207 0.783623
0 0.957476 0.465282 0.0595024 0.0726719 0.783462
0 0.479908 0.264204 0.0238669 0.0423448 0.782056
0 0.42554 0.675343 0.0278303 0.0510078 0.781276
0 0.504783 0.415017 0.0244315 0.050841 0.781215
0 0.559946 0.762146 0.0328355 0.0575129 0.781087
0 0.554723 0.445743 0.0322738 0.0546443 0.780616
0 0.479408 0.425711 0.0277309 0.0493694 0.779569
0 0.91326 0.19927 0.0548711 0.0481702 0.778807
0 0.505585 0.510128 0.0266815 0.0535638 0.778067
0 0.84951 0.56847 0.0424031 0.0703757 0.777778
0 0.662608 0.815917 0.0319645 0.0638028 0.77771
0 0.727191 0.496126 0.0355357 0.0674534 0.775405
0 0.573356 0.170611 0.025921 0.0391448 0.775283
0 0.736914 0.735429 0.0342815 0.0701634 0.775227
0 0.479783 0.301964 0.0246124 0.0410135 0.775093
0 0.574392 0.210342 0.0249979 0.0425443 0.774878
0 0.576368 0.249722 0.0247402 0.0410571 0.774006
0 0.843725 0.506131 0.0416863 0.06849 0.773369
0 0.553535 0.395234 0.031406 0.0549629 0.771139
0 0.454814 0.439931 0.0221181 0.0483824 0.769742
0 0.729965 0.555445 0.0355681 0.0593225 0.768262
0 0.425522 0.724189 0.0282522 0.0480641 0.766802
0 0.931972 0.73887 0.0389727 0.0678394 0.76553
0 0.527316 0.406715 0.0223249 0.0525386 0.762883
0 0.731578 0.614147 0.0339108 0.0664428 0.761473
0 0.451749 0.771323 0.0253834 0.0480431 0.760306
0 0.856983 0.704314 0.0443607 0.0798228 0.759447
0 0.75774 0.421004 0.0425106 0.0635266 0.757204
0 0.479585 0.471652 0.0281088 0.0496599 0.7565
0 0.428427 0.493243 0.0271303 0.0477198 0.75632
0 0.36628 0.600132 0.0183441 0.0434034 0.755679
0 0.583608 0.431926 0.0273485 0.0530115 0.754808
0 0.55247 0.302124 0.0299339 0.0449787 0.754397
0 0.45611 0.394538 0.0215433 0.0477056 0.750666
0 0.52608 0.129081 0.0228232 0.0370277 0.750072
0 0.557717 0.59874 0.0336741 0.0599816 0.749603
0 0.360314 0.818751 0.0181725 0.047734 0.748919
0 0.525988 0.235381 0.023005 0.0426804 0.748879
0 0.933278 0.298206 0.0537007 0.060691 0.748323
0 0.504935 0.559726 0.027743 0.0568659 0.74807
0 0.839148 0.449344 0.0380027 0.0646207 0.746636
0 0.617163 0.473345 0.0393692 0.053423 0.745931
0 0.479777 0.226735 0.022753 0.0406212 0.744288
0 0.355446 0.446825 0.0181024 0.0386024 0.742531
0 0.548346 0.1444 0.0240235 0.0362174 0.741019
0 0.479957 0.193616 0.0216021 0.039924 0.740678
0 0.658869 0.581113 0.0350031 0.0506941 0.740302
0 0.740275 0.798671 0.036005 0.0647595 0.739616
0 0.688333 0.443602 0.0393181 0.0640538 0.737467
0 0.452808 0.573788 0.0249216 0.052439 0.737169
0 0.427549 0.535188 0.0266621 0.0417157 0.735906
0 0.362444 0.681371 0.0189755 0.0532025 0.733443
0 0.589856 0.647035 0.0308573 0.0636516 0.729839
0 0.345071 0.688978 0.0177365 0.0451512 0.729073
0 0.344245 0.768596 0.0184846 0.0470482 0.728888
0 0.423004 0.819202 0.0271231 0.0463181 0.72881
2 0.553289 0.346001 0.0313967 0.0478368 0.726939
0 0.400285 0.725622 0.0232588 0.0443575 0.726693
0 0.815966 0.71503 0.0380728 0.0797181 0.724617
0 0.770437 0.595136 0.0473708 0.0700656 0.7232
0 0.528427 0.555972 0.0230235 0.0585366 0.722167
0 0.80661 0.523947 0.0400257 0.0667966 0.721297
0 0.382058 0.261458 0.0160444 0.0352147 0.720636
0 0.530433 0.823615 0.0257708 0.0578121 0.720053
0 0.891012 0.622627 0.0340496 0.0713625 0.719829
0 0.525634 0.276651 0.025596 0.0417608 0.718671
0 0.456961 0.352811 0.0211121 0.043415 0.718205
0 0.941108 0.352627 0.0541908 0.0537318 0.717889
0 0.380484 0.291453 0.0162191 0.0356805 0.716972
0 0.570876 0.101778 0.023273 0.0359721 0.7159
0 0.903534 0.153275 0.055562 0.0489175 0.714195
0 0.619318 0.527653 0.0401718 0.0641239 0.714156
0 0.893572 0.111454 0.0564357 0.0451128 0.714104
0 0.571995 0.135355 0.0251217 0.0379896 0.710683
0 0.361762 0.769178 0.0186941 0.0472995 0.710239
0 0.350619 0.522958 0.0188876 0.043073 0.709495
0 0.753261 0.365584 0.0419819 0.0637137 0.709305
0 0.895534 0.688318 0.0342069 0.068239 0.708391
0 0.907556 0.423696 0.038087 0.065593 0.707975
0 0.429988 0.450313 0.0263035 0.0433856 0.707051
0 0.588072 0.591569 0.0285584 0.0589335 0.704924
0 0.393456 0.679709 0.0369366 0.0492074 0.701988
0 0.526136 0.198163 0.0234736 0.0389932 0.700211
0 0.885054 0.557917 0.0354748 0.0684808 0.69308
0 0.436702 0.219641 0.0236328 0.037591 0.691653
0 0.349922 0.563837 0.0190347 0.0415017 0.688537
0 0.368326 0.51945 0.017896 0.0444725 0.688042
0 0.585174 0.482149 0.0279415 0.0566468 0.686008
2 0.360974 0.868059 0.0186239 0.0496491 0.685719
0 0.615017 0.422506 0.0400259 0.0572551 0.682763
0 0.393735 0.315285 0.0173846 0.0337492 0.682712
0 0.527731 0.35963 0.0214929 0.0477571 0.682415
0 0.41021 0.346356 0.0194122 0.0386436 0.677741
0 0.356811 0.410374 0.0171966 0.0388343 0.677195
0 0.548218 0.110794 0.023344 0.0364501 0.676136
0 0.878944 0.496235 0.0353336 0.0687184 0.675377
0 0.348836 0.603915 0.0190512 0.0423944 0.675049
0 0.367788 0.559884 0.018216 0.0439629 0.674539
0 0.362322 0.726425 0.0188292 0.0383556 0.674149
2 0.453859 0.525709 0.0243271 0.0486429 0.672108
0 0.74796 0.314092 0.0397527 0.057219 0.670628
0 0.426901 0.580614 0.0269425 0.0539234 0.668465
2 0.389351 0.867388 0.0389079 0.0483243 0.668237
0 0.65559 0.519822 0.0365936 0.0655093 0.666976
0 0.516697 0.716485 0.051865 0.0553358 0.665381
2 0.627565 0.885634 0.0361011 0.072201 0.663523
0 0.650927 0.416568 0.036126 0.0711245 0.663136
0 0.802975 0.466895 0.0416369 0.0638936 0.661875
0 0.527661 0.316704 0.0223538 0.0441792 0.660693
0 0.586368 0.538174 0.027799 0.0565349 0.659648
0 0.976443 0.135387 0.0435139 0.0454097 0.658481
0 0.734167 0.672646 0.0332548 0.0635007 0.657662
0 0.369241 0.476983 0.0185755 0.0390546 0.65757
0 0.398152 0.770092 0.0256374 0.0443424 0.65757
0 0.425718 0.627813 0.0273637 0.0464977 0.653171
0 0.454388 0.483843 0.0230715 0.0474679 0.649264
0 0.723254 0.437541 0.0324829 0.0649003 0.645771
0 0.646995 0.358941 0.0347755 0.0551185 0.6456
0 0.51531 0.281006 0.0463547 0.0424869 0.64434
0 0.518995 0.661428 0.0445684 0.0588053 0.644257
0 0.366344 0.271481 0.0175019 0.0362035 0.643509
0 0.504616 0.769446 0.0277849 0.05239 0.641157
0 0.652753 0.466804 0.0359441 0.0474624 0.638561
0 0.549079 0.18017 0.0252476 0.0412639 0.637731
0 0.967952 0.0936695 0.0542591 0.0416734 0.634875
0 0.578512 0.28864 0.0242247 0.0410563 0.634492
0 0.344808 0.727648 0.0181824 0.0351977 0.633811
0 0.363329 0.638881 0.0181746 0.0374432 0.63006
0 0.50487 0.367796 0.0250417 0.0480665 0.629961
0 0.346151 0.646239 0.0176545 0.0447473 0.628682
0 0.957307 0.0538035 0.057148 0.0419761 0.626962
0 0.389941 0.771339 0.0405293 0.0460849 0.624621
0 0.526219 0.161941 0.0234659 0.0411634 0.623563
0 0.503224 0.24162 0.0238342 0.0411311 0.622191
0 0.395488 0.283284 0.0172329 0.0346181 0.618973
0 0.702357 0.873765 0.0477121 0.0807681 0.617173
0 0.352187 0.482345 0.017683 0.0373955 0.615298
0 0.376534 0.32649 0.0172071 0.0336066 0.611587
0 0.832923 0.391349 0.0373769 0.0664131 0.605894
0 0.509475 0.611396 0.0387104 0.0548844 0.605329
0 0.357788 0.373486 0.0163587 0.040902 0.603543
0 0.6222 0.586321 0.0393408 0.0538864 0.602993
0 0.857118 0.211997 0.0641216 0.0669503 0.602207
0 0.549856 0.219991 0.0269702 0.0447094 0.599474
2 0.92661 0.801635 0.0245419 0.0434328 0.59784
0 0.825454 0.332513 0.0345318 0.0606789 0.595559
0 0.343307 0.864169 0.0173308 0.0459913 0.594855
0 0.457519 0.316348 0.0201001 0.042391 0.593185
0 0.72246 0.125839 0.0385838 0.0508947 0.588637
0 0.401072 0.421346 0.0341752 0.0418994 0.5881
0 0.898251 0.749256 0.033072 0.0699769 0.583025
0 0.530142 0.767933 0.0254771 0.0528201 0.58011
2 0.661969 0.880794 0.0286186 0.0716141 0.578782
0 0.405548 0.460398 0.0226304 0.0419943 0.573491
0 0.899468 0.364615 0.0333239 0.0615565 0.572977
0 0.581843 0.380317 0.0263094 0.0531572 0.565301
0 0.52661 0.607589 0.02693 0.0569264 0.565073
0 0.551152 0.260003 0.028384 0.0437979 0.564107
0 0.873762 0.437351 0.0353817 0.0629569 0.561844
0 0.389674 0.818921 0.0406961 0.0481391 0.560771
0 0.435199 0.252947 0.0251038 0.0377205 0.560294
0 0.64467 0.306015 0.0356955 0.0517801 0.554286
1 0.422194 0.863077 0.0251971 0.0430172 0.553435
0 0.392024 0.632818 0.0412745 0.043866 0.553329
0 0.476067 0.870329 0.0280649 0.0511567 0.541863
0 0.856612 0.272117 0.0453142 0.0604496 0.537553
0 0.400613 0.381942 0.0361953 0.0380474 0.537093
0 0.777617 0.793345 0.0413983 0.0709317 0.536728
0 0.396283 0.505129 0.0383094 0.0453418 0.53618
2 0.530307 0.886449 0.0253943 0.0669881 0.534108
0 0.965538 0.524331 0.0562857 0.0660967 0.53402
2 0.457673 0.241612 0.01981 0.0383078 0.532427
0 0.3958 0.543637 0.038056 0.0385511 0.530286
0 0.407346 0.420798 0.0226052 0.0414482 0.528945
0 0.431294 0.404637 0.0263074 0.0493377 0.525807
0 0.981997 0.583901 0.0347809 0.0668219 0.524722
0 0.78877 0.106989 0.0330329 0.0455862 0.521604
0 0.670895 0.249691 0.0327778 0.051367 0.520271
0 0.508454 0.323265 0.0318512 0.0469411 0.518937
0 0.785502 0.30091 0.0369249 0.0564005 0.517335
0 0.98982 0.0519396 0.0201619 0.0429406 0.513515
0 0.406254 0.383039 0.0253775 0.0365561 0.51304
0 0.558882 0.886377 0.0314387 0.0659343 0.511622
0 0.3608 0.336315 0.0151456 0.0353391 0.500824
