0 0.66279 0.694192 0.0365951 0.0642681 0.864027
0 0.529786 0.829588 0.0264114 0.0618334 0.85134
0 0.625645 0.703581 0.0380051 0.0605743 0.851269
0 0.62708 0.761029 0.0376093 0.0609646 0.849353
0 0.773858 0.662092 0.0476938 0.0701591 0.847196
0 0.66414 0.75608 0.03685 0.0642692 0.845796
0 0.771211 0.600431 0.0479289 0.0689202 0.840128
0 0.480553 0.265775 0.0245634 0.0429016 0.837906
0 0.628096 0.822984 0.0382191 0.0644573 0.836786
0 0.775978 0.79112 0.0449512 0.0660483 0.83422
0 0.815772 0.653268 0.0379304 0.0657273 0.833928
0 0.768293 0.54171 0.0459112 0.0663461 0.831482
0 0.551913 0.263957 0.0308632 0.0412324 0.83148
0 0.504003 0.828343 0.0261819 0.0573143 0.828996
0 0.971705 0.589703 0.0547314 0.069399 0.827506
0 0.452031 0.773824 0.0269715 0.0476183 0.825507
0 0.775486 0.727743 0.0460968 0.0760175 0.825293
0 0.424899 0.772654 0.0255045 0.0454798 0.824431
0 0.452831 0.676324 0.0249435 0.0485238 0.822872
0 0.654699 0.46806 0.0377928 0.0603576 0.819336
0 0.506196 0.719598 0.0269339 0.0546382 0.818473
0 0.477582 0.826427 0.0270527 0.0522842 0.816912
0 0.929189 0.676919 0.0405492 0.0736038 0.816501
0 0.660714 0.633204 0.0375719 0.0642872 0.816416
0 0.658985 0.576155 0.0384821 0.0573763 0.816245
0 0.390399 0.821997 0.040177 0.0472885 0.815854
0 0.664618 0.816821 0.036434 0.0611455 0.815611
0 0.391552 0.773432 0.0409451 0.045495 0.815385
0 0.656842 0.522124 0.0381819 0.0567765 0.815218
0 0.81833 0.779472 0.0402256 0.0692056 0.815076
0 0.558289 0.602176 0.0325468 0.0565194 0.814816
0 0.651266 0.410644 0.0360047 0.0571985 0.814103
0 0.813116 0.59163 0.03899 0.0642211 0.813231
0 0.573986 0.139357 0.0266531 0.0365783 0.812264
0 0.620655 0.533314 0.0375042 0.0592257 0.811363
0 0.560318 0.710322 0.0349491 0.0577251 0.809727
0 0.47881 0.671493 0.0279398 0.0520103 0.809279
0 0.561083 0.765002 0.0347994 0.0595775 0.808015
0 0.426809 0.63381 0.0266086 0.0454786 0.807046
0 0.558965 0.656443 0.0331261 0.0571751 0.806796
0 0.758473 0.424151 0.0440268 0.0576396 0.806257
0 0.455208 0.532001 0.0257143 0.0491541 0.80614
0 0.480292 0.522829 0.0268658 0.0498231 0.805701
0 0.592328 0.706723 0.0306757 0.0582805 0.805552
0 0.557994 0.550139 0.0321954 0.0560238 0.805469
0 0.50464 0.614324 0.026601 0.0536843 0.805284
0 0.943044 0.357721 0.0552169 0.0576563 0.805085
0 0.426012 0.680107 0.0258666 0.0487509 0.804531
0 0.479521 0.72253 0.0279884 0.0512098 0.804316
0 0.478332 0.621522 0.0283411 0.0523023 0.803837
0 0.428078 0.586568 0.0270445 0.0479009 0.803478
0 0.479139 0.773084 0.0277811 0.0498876 0.802944
0 0.590229 0.651973 0.0307426 0.0563558 0.802527
0 0.480469 0.304318 0.0244884 0.0408812 0.8022
0 0.480477 0.344893 0.0237337 0.0429672 0.802187
0 0.553308 0.305191 0.0318505 0.0456182 0.801918
0 0.738083 0.805591 0.0314505 0.0631397 0.801575
0 0.392422 0.681546 0.0409129 0.0512769 0.800026
0 0.45284 0.627985 0.0242106 0.0478447 0.799565
0 0.455035 0.48748 0.0240957 0.048651 0.799313
0 0.528923 0.611052 0.0245649 0.0531809 0.799166
0 0.479417 0.476227 0.0264709 0.049378 0.798926
0 0.453119 0.724719 0.026438 0.0482912 0.797808
0 0.588705 0.59652 0.0301537 0.0601232 0.797565
0 0.454509 0.579116 0.0257328 0.0526696 0.796362
0 0.622521 0.591489 0.0383041 0.0610251 0.796186
0 0.479689 0.571267 0.027284 0.0537862 0.795868
0 0.504752 0.666816 0.0268483 0.0557765 0.795068
0 0.505801 0.772184 0.0271502 0.0518971 0.793017
0 0.934409 0.302525 0.0557279 0.0581693 0.792106
0 0.425794 0.727635 0.025504 0.0456512 0.791349
0 0.392028 0.728567 0.0409819 0.0434853 0.790636
0 0.703467 0.809882 0.0414484 0.0657748 0.790448
0 0.623805 0.650006 0.0385937 0.0553013 0.790204
0 0.529533 0.663833 0.0253593 0.05839 0.789025
0 0.50556 0.466518 0.0265408 0.0506874 0.787026
0 0.530805 0.717328 0.0243404 0.0549165 0.785013
0 0.618296 0.474734 0.0365584 0.0619055 0.784713
0 0.809605 0.533472 0.0385623 0.0634488 0.783832
0 0.559821 0.826113 0.0334319 0.0648682 0.783785
0 0.555583 0.449049 0.0326174 0.0536654 0.783436
0 0.557219 0.499184 0.0322057 0.0533648 0.7832
0 0.904292 0.160395 0.0553261 0.0469082 0.782631
0 0.924763 0.609834 0.0375812 0.0688221 0.78246
0 0.478889 0.431436 0.0257351 0.048462 0.780395
0 0.764176 0.481934 0.0431228 0.069696 0.780204
0 0.554131 0.399379 0.032874 0.0543809 0.779866
0 0.695754 0.561929 0.0377066 0.0615734 0.777685
0 0.506684 0.513259 0.0272951 0.0520605 0.777248
0 0.696739 0.338689 0.0672122 0.0569374 0.777017
0 0.550293 0.224738 0.029211 0.042101 0.775518
0 0.51411 0.243053 0.0425539 0.0398214 0.77443
0 0.702144 0.745315 0.0396826 0.0682127 0.772286
0 0.932061 0.743951 0.0421803 0.0732619 0.772226
0 0.973782 0.654118 0.0524281 0.0700027 0.771398
0 0.428792 0.54122 0.0269859 0.0475449 0.770336
0 0.593523 0.763146 0.0306549 0.0597371 0.769248
0 0.50577 0.561926 0.0269651 0.0549675 0.76875
0 0.433034 0.368478 0.0253348 0.0409362 0.768205
0 0.528541 0.459173 0.0218493 0.0538314 0.76802
0 0.857848 0.701604 0.0439072 0.0737229 0.766759
0 0.587999 0.53868 0.0290263 0.0602011 0.766532
0 0.479671 0.388246 0.0242724 0.0483573 0.765691
0 0.950115 0.410949 0.0541534 0.0577922 0.764824
0 0.799791 0.414359 0.0408084 0.058182 0.763381
0 0.592796 0.824875 0.0334154 0.0648016 0.763187
0 0.924178 0.253227 0.0538776 0.0530479 0.762652
0 0.529624 0.558336 0.0235889 0.0552502 0.762533
0 0.449697 0.824786 0.0262353 0.047142 0.762479
0 0.616332 0.419804 0.0363531 0.0503689 0.762116
0 0.553929 0.351322 0.0331337 0.0499517 0.761745
0 0.530971 0.770372 0.0249489 0.053518 0.76117
0 0.967949 0.528362 0.0586419 0.0689416 0.761101
0 0.7481 0.318505 0.0421875 0.0554828 0.760535
0 0.914486 0.205335 0.0558241 0.0483813 0.759751
0 0.455413 0.441658 0.0231593 0.0481112 0.758289
0 0.513879 0.205563 0.0413694 0.0382851 0.754637
0 0.42197 0.823326 0.0229587 0.0461267 0.754447
0 0.363063 0.730162 0.0187958 0.0407606 0.754243
0 0.692729 0.503143 0.0382805 0.0658367 0.751155
0 0.700745 0.391994 0.0674456 0.0585373 0.748356
0 0.804508 0.473169 0.0400155 0.067023 0.747965
0 0.429502 0.496013 0.0267889 0.0466532 0.747526
0 0.885892 0.0739378 0.0544404 0.0499582 0.746063
0 0.607776 0.240835 0.0348797 0.047285 0.743507
0 0.855228 0.634987 0.0425984 0.0696302 0.741811
0 0.753522 0.370596 0.0437456 0.060079 0.736057
0 0.529713 0.508194 0.0218375 0.0545025 0.735441
0 0.513281 0.170118 0.0416044 0.0379303 0.735184
0 0.737133 0.742144 0.0328557 0.0684958 0.735034
0 0.934327 0.804626 0.0413352 0.0627224 0.734725
0 0.35641 0.448809 0.018111 0.0394791 0.73289
0 0.895645 0.117081 0.0554531 0.0463632 0.732713
0 0.614775 0.375345 0.0355915 0.044985 0.731209
0 0.586739 0.484858 0.0286305 0.0567559 0.726271
0 0.576302 0.210577 0.026656 0.0376986 0.726024
0 0.396467 0.548731 0.0386966 0.0426242 0.7244
0 0.636743 0.176704 0.034096 0.0472897 0.724384
0 0.584958 0.43511 0.0283709 0.0553594 0.723335
0 0.612408 0.333237 0.0367861 0.0449214 0.720656
0 0.40265 0.347367 0.0378938 0.0405841 0.714728
0 0.345433 0.731983 0.0187602 0.0400632 0.713305
0 0.705273 0.862776 0.0415678 0.0500957 0.712765
0 0.639944 0.22104 0.0346665 0.0481011 0.708858
0 0.344079 0.819521 0.0176262 0.0463308 0.708603
0 0.642172 0.263336 0.0342107 0.0426498 0.708131
0 0.580857 0.295859 0.0257096 0.0454227 0.708091
0 0.40744 0.278818 0.0366752 0.0381071 0.708017
0 0.345975 0.691661 0.0183806 0.0415925 0.707028
0 0.393199 0.63611 0.0413667 0.043472 0.706874
0 0.527262 0.41151 0.0213979 0.0497778 0.706636
0 0.727262 0.496379 0.0341122 0.0661891 0.705951
0 0.361213 0.820932 0.018614 0.0469919 0.703773
0 0.514722 0.322755 0.0453881 0.0436 0.702243
0 0.578365 0.253082 0.0257145 0.0406976 0.701697
0 0.433501 0.331061 0.0245319 0.0401027 0.700885
0 0.648173 0.359386 0.036235 0.0520534 0.699724
2 0.960048 0.0561984 0.0578171 0.0418719 0.698854
0 0.58384 0.385148 0.0272023 0.0507624 0.696953
0 0.404865 0.310151 0.0375299 0.0344432 0.696327
0 0.975274 0.715172 0.0494526 0.0675277 0.695594
0 0.645502 0.307736 0.0352988 0.0506542 0.692885
0 0.430772 0.452694 0.0261307 0.041785 0.692805
0 0.861642 0.508211 0.0730617 0.0706165 0.688212
0 0.859471 0.765429 0.0420628 0.067952 0.687092
0 0.847794 0.180082 0.0569946 0.0552921 0.686271
0 0.395319 0.591658 0.0402444 0.0492214 0.684479
0 0.397237 0.509212 0.0392537 0.0463231 0.684297
0 0.960334 0.468537 0.0565016 0.0669561 0.681832
0 0.582167 0.337445 0.0250622 0.045415 0.681457
0 0.572789 0.105813 0.0258632 0.0363856 0.678697
0 0.548895 0.186431 0.0282204 0.0404778 0.677234
0 0.738826 0.868661 0.0292679 0.0707422 0.676802
0 0.365042 0.307022 0.0166199 0.0314206 0.676578
0 0.921079 0.547008 0.041615 0.0702268 0.673322
0 0.363065 0.689221 0.018907 0.0454734 0.672831
0 0.69215 0.289193 0.0642811 0.048661 0.669165
0 0.345234 0.77024 0.0190736 0.0460036 0.668374
0 0.793905 0.360434 0.0411304 0.0572552 0.666688
0 0.689578 0.44609 0.0374342 0.0578682 0.664596
0 0.480634 0.230349 0.0246272 0.0365056 0.663654
0 0.362001 0.773561 0.0177774 0.0441753 0.660145
0 0.435133 0.290044 0.0228615 0.0398454 0.657436
0 0.367221 0.597775 0.0191531 0.0494496 0.656279
0 0.851693 0.571642 0.042374 0.0701198 0.654636
0 0.366679 0.278135 0.0175098 0.0312954 0.653523
0 0.605451 0.194865 0.0337415 0.0460095 0.652517
0 0.856717 0.450726 0.0710612 0.0646196 0.651895
0 0.89049 0.629959 0.0342697 0.067463 0.64718
0 0.729495 0.556625 0.0344685 0.0631278 0.645525
0 0.73674 0.222929 0.0406893 0.0456916 0.642666
0 0.521088 0.365922 0.0331091 0.0460647 0.641358
0 0.352407 0.521512 0.0186702 0.0527933 0.637855
0 0.776826 0.864803 0.0469517 0.0899738 0.637651
0 0.457765 0.320184 0.0209677 0.0382443 0.637216
0 0.349683 0.606036 0.0199275 0.0435578 0.634888
0 0.841844 0.138052 0.0598155 0.0383106 0.634487
0 0.458244 0.211209 0.0214898 0.0354327 0.63247
0 0.725655 0.133945 0.037785 0.047307 0.632311
0 0.700285 0.681544 0.0393263 0.0715851 0.628984
0 0.35815 0.412503 0.0170833 0.038259 0.627718
0 0.816681 0.716576 0.038523 0.0725771 0.622517
0 0.525949 0.366633 0.0234334 0.0470916 0.622382
0 0.381532 0.295411 0.0178353 0.0371654 0.620408
0 0.514664 0.282759 0.0437775 0.0407833 0.620093
0 0.575162 0.17406 0.0264337 0.0367573 0.61946
0 0.457528 0.3565 0.0227126 0.0424657 0.616665
0 0.363528 0.645881 0.0193768 0.0478832 0.614609
0 0.70269 0.445582 0.0649716 0.056952 0.614372
0 0.353844 0.484183 0.0178031 0.036665 0.612501
0 0.697845 0.620092 0.0382885 0.0629766 0.612199
0 0.988969 0.40148 0.0218452 0.055784 0.609432
0 0.456451 0.398856 0.0227846 0.0468774 0.608236
0 0.402063 0.385054 0.037574 0.04095 0.604646
1 0.476353 0.875283 0.0270147 0.0523556 0.602936
0 0.664514 0.871141 0.0365017 0.0506551 0.600648
0 0.984627 0.34746 0.0306473 0.0597899 0.596011
2 0.558517 0.887113 0.0328272 0.0505715 0.595512
0 0.59152 0.881947 0.0342629 0.0465187 0.589154
0 0.731335 0.179138 0.0398143 0.0464087 0.589046
0 0.687108 0.243714 0.0602884 0.0479991 0.58266
1 0.503258 0.88205 0.0257427 0.0502535 0.580358
0 0.734909 0.677664 0.0342096 0.0714111 0.578516
0 0.431843 0.408605 0.0251207 0.0443772 0.575196
0 0.856431 0.227117 0.0578396 0.0542102 0.57437
0 0.436271 0.254772 0.0221426 0.0377405 0.573004
0 0.504518 0.419051 0.0260615 0.0501693 0.571294
0 0.886878 0.565589 0.0340339 0.0688864 0.570673
0 0.844252 0.392763 0.0597118 0.06408 0.570626
0 0.901429 0.369131 0.0372268 0.055788 0.568687
0 0.398281 0.466729 0.0384866 0.0414297 0.566896
0 0.893766 0.6941 0.0327856 0.0695023 0.566162
0 0.675648 0.247026 0.0371239 0.0480466 0.565302
0 0.79738 0.148024 0.0333999 0.0440498 0.563337
0 0.78837 0.306011 0.0420707 0.0562711 0.561169
0 0.547329 0.115751 0.0268358 0.0424728 0.558453
0 0.980157 0.288494 0.0390324 0.0654562 0.552099
1 0.389996 0.875688 0.0394771 0.0570346 0.546596
0 0.369858 0.250307 0.0175037 0.0298237 0.544219
0 0.400143 0.426433 0.0392648 0.0434577 0.543452
0 0.83416 0.0924585 0.0605709 0.048604 0.542769
0 0.713504 0.619653 0.0696757 0.0647553 0.539837
2 0.361203 0.87216 0.0189711 0.0538408 0.538908
0 0.685089 0.199663 0.0609223 0.0470263 0.53767
0 0.37027 0.479144 0.0178749 0.0384962 0.536537
1 0.448585 0.873738 0.024834 0.0478965 0.531009
0 0.513677 0.13963 0.0411372 0.0376946 0.527711
0 0.992774 0.456364 0.0144522 0.0645037 0.526766
0 0.908622 0.425512 0.0376866 0.0629715 0.524597
0 0.384823 0.255202 0.0160427 0.0304417 0.523861
0 0.627561 0.87737 0.0375915 0.0502533 0.520768
0 0.438262 0.221116 0.0212498 0.0358476 0.520717
0 0.873808 0.325928 0.0593175 0.0641571 0.519823
0 0.383305 0.262107 0.0165056 0.0364601 0.519741
0 0.917513 0.4864 0.0437729 0.0683085 0.516178
0 0.732433 0.616346 0.0331041 0.0638675 0.506708
0 0.846708 0.45121 0.0514263 0.0619635 0.500625
0 0.36874 0.559227 0.0189265 0.041163 0.500329
