2 0.660405 0.278334 0.0556223 0.0934822 0.857336
2 0.976708 0.291553 0.0465841 0.108048 0.855429
2 0.974224 0.178041 0.0515522 0.114376 0.854188
2 0.661036 0.351495 0.0581834 0.0783299 0.839688
2 0.976796 0.396821 0.0464075 0.0971693 0.824581
2 0.925489 0.398403 0.0554798 0.0980634 0.810546
2 0.610699 0.366537 0.0407622 0.0690832 0.80698
2 0.610247 0.295871 0.0437761 0.0743881 0.802009
2 0.197902 0.42249 0.0273776 0.0356577 0.796531
2 0.659844 0.426613 0.0530874 0.0765883 0.781386
2 0.231657 0.391885 0.0394479 0.0345024 0.746414
2 0.266551 0.428567 0.0334476 0.0384081 0.742876
2 0.92457 0.295605 0.0540176 0.111118 0.720268
2 0.231097 0.427575 0.0386988 0.0381204 0.714546
2 0.267117 0.393465 0.0325335 0.0318279 0.711558
2 0.46659 0.257558 0.0366693 0.0526419 0.702752
2 0.464939 0.307387 0.0343706 0.0523564 0.699467
2 0.169239 0.421795 0.0276011 0.0349115 0.689666
2 0.198027 0.387186 0.0270448 0.0349663 0.655039
2 0.197638 0.446424 0.0269734 0.0138514 0.636178
2 0.467164 0.208104 0.0355816 0.0545032 0.635125
2 0.615547 0.432282 0.0328672 0.0644531 0.629621
2 0.403858 0.257093 0.0329966 0.0429097 0.628194
2 0.435015 0.225781 0.0231322 0.0465946 0.626695
2 0.864303 0.429889 0.066943 0.0465956 0.625709
2 0.462242 0.355685 0.0288802 0.0485478 0.617304
2 0.436838 0.405399 0.0243995 0.0461452 0.615743
2 0.434434 0.272041 0.0237208 0.0494271 0.588894
2 0.435439 0.359397 0.0253439 0.046532 0.580955
2 0.434328 0.31803 0.0255418 0.0489672 0.556911
1 0.171679 0.38586 0.0229948 0.0343968 0.556589
2 0.403136 0.291194 0.0329236 0.045232 0.51926
2 0.568364 0.326088 0.0461527 0.0515975 0.507231
