1 0.380642 0.227542 0.021534 0.0475641 0.888347
1 0.491521 0.336586 0.038088 0.0379318 0.881091
1 0.549293 0.297456 0.0391804 0.0407566 0.879451
1 0.450659 0.256408 0.0418614 0.0420729 0.879384
1 0.451081 0.297851 0.0420153 0.0417531 0.878983
1 0.490725 0.25588 0.0387459 0.0416063 0.875487
1 0.491059 0.296926 0.0383579 0.0414685 0.873913
1 0.384179 0.311789 0.0200936 0.0470228 0.873468
1 0.520001 0.336652 0.0195566 0.0394938 0.872994
2 0.636532 0.0384005 0.0398729 0.0455733 0.87296
1 0.492158 0.374504 0.0379639 0.0387706 0.872693
1 0.451678 0.37471 0.0433813 0.0391597 0.87073
1 0.520111 0.212947 0.0207432 0.0419338 0.869937
1 0.451098 0.33694 0.0428021 0.0385408 0.869082
1 0.548922 0.336997 0.0388552 0.0387407 0.868457
1 0.519877 0.375212 0.0193003 0.038538 0.866175
1 0.519981 0.296623 0.0201256 0.0407575 0.865044
1 0.549748 0.256174 0.0399795 0.0428816 0.864821
1 0.38227 0.270007 0.0210362 0.0446708 0.864814
1 0.450128 0.213956 0.0415928 0.0415741 0.864743
2 0.379347 0.184166 0.0212035 0.0465275 0.864597
1 0.790012 0.440942 0.0727642 0.061858 0.862637
1 0.550212 0.213401 0.0404667 0.0424095 0.861911
1 0.548534 0.376772 0.0390185 0.0419653 0.856939
1 0.490477 0.213373 0.0394739 0.041988 0.855509
1 0.520047 0.255597 0.0203375 0.0423953 0.85142
1 0.402074 0.263561 0.0211116 0.045945 0.851343
1 0.451641 0.414051 0.0440309 0.0443195 0.850556
2 0.52032 0.0822008 0.0212853 0.0446792 0.848714
1 0.784876 0.499418 0.0720001 0.0567015 0.84732
1 0.794281 0.386488 0.0727188 0.0488792 0.846759
1 0.25346 0.544361 0.0627026 0.0556851 0.846446
1 0.492334 0.41404 0.038434 0.0438353 0.846086
1 0.780287 0.556331 0.0718108 0.0583958 0.84413
2 0.605551 0.0350273 0.0208359 0.04174 0.84324
2 0.520124 0.127124 0.0212269 0.0417154 0.840496
1 0.520003 0.41318 0.0192923 0.0420022 0.839604
1 0.550884 0.170411 0.0408697 0.0434089 0.837798
2 0.44908 0.17195 0.041151 0.0408634 0.837604
1 0.257804 0.595705 0.0587987 0.0467028 0.836969
1 0.0680959 0.642113 0.0628803 0.0593774 0.834463
2 0.604545 0.0814169 0.0208691 0.0464273 0.8342
1 0.0746476 0.69911 0.0626682 0.0575103 0.831655
1 0.54821 0.414889 0.0390491 0.0402253 0.831143
2 0.541912 0.0357152 0.0212534 0.0419934 0.830756
1 0.581367 0.170312 0.0214907 0.0434052 0.830382
2 0.584201 0.0351137 0.0201197 0.0411625 0.830324
1 0.403341 0.305659 0.0208416 0.0467577 0.827472
1 0.360716 0.233405 0.0217952 0.0498944 0.826568
2 0.563072 0.0354 0.0203421 0.0411137 0.82512
2 0.378045 0.139006 0.0217451 0.049293 0.825065
2 0.582767 0.126859 0.021159 0.0426086 0.823612
1 0.21847 0.595297 0.0313902 0.0507203 0.822263
2 0.583594 0.081722 0.0208922 0.045329 0.821182
2 0.448324 0.128603 0.0407106 0.0448127 0.818877
2 0.499145 0.0359724 0.0207654 0.0414746 0.817046
1 0.57923 0.297859 0.0217985 0.04004 0.815838
2 0.499462 0.0823878 0.0214096 0.0442511 0.813848
1 0.25185 0.488169 0.0602518 0.057033 0.813738
1 0.261875 0.643249 0.0547427 0.0484196 0.808904
2 0.356729 0.143356 0.0222034 0.0506576 0.805565
2 0.447552 0.0827753 0.0414886 0.0441096 0.805455
2 0.520405 0.0357519 0.0210208 0.0412086 0.805235
2 0.541514 0.0823194 0.0211216 0.04539 0.805112
1 0.401973 0.221156 0.0233052 0.0474791 0.805082
1 0.362792 0.275514 0.0215903 0.0475447 0.804753
1 0.36477 0.317671 0.0217967 0.0495694 0.802063
2 0.354919 0.0955587 0.0226182 0.0538088 0.801012
2 0.49955 0.127536 0.0215262 0.0421329 0.800824
1 0.579999 0.213962 0.0213589 0.043321 0.800079
2 0.447113 0.0367861 0.0413465 0.0423742 0.798677
1 0.385948 0.352869 0.0204644 0.0454211 0.797564
2 0.374297 0.0453439 0.0222607 0.0478986 0.796437
1 0.963169 0.72837 0.0712349 0.0602081 0.795118
2 0.37644 0.0912777 0.0223272 0.0508843 0.79401
2 0.60371 0.127065 0.0212811 0.0441537 0.793894
1 0.125645 0.645063 0.0645004 0.0570965 0.792544
1 0.579666 0.336077 0.0231423 0.036899 0.790445
1 0.38774 0.391516 0.0206526 0.0404977 0.789435
2 0.54099 0.126776 0.0209381 0.0420691 0.789266
2 0.358238 0.187935 0.0222715 0.0472365 0.788101
2 0.478704 0.127969 0.0210806 0.0427222 0.785994
2 0.667567 0.0437465 0.0219511 0.0493407 0.784796
1 0.13219 0.701933 0.0640991 0.0555732 0.783112
1 0.579732 0.256942 0.0209658 0.0443009 0.781343
2 0.47842 0.0825357 0.0212849 0.0445376 0.779751
2 0.562405 0.0820109 0.0212761 0.0453944 0.779663
2 0.635352 0.0856795 0.0398095 0.0500808 0.778703
2 0.352342 0.047494 0.0228882 0.0470485 0.77866
1 0.184636 0.543392 0.0327996 0.055503 0.776762
2 0.562187 0.126828 0.021493 0.0428245 0.776266
1 0.211652 0.541874 0.0281325 0.058145 0.775215
1 0.421006 0.301074 0.0168048 0.0442492 0.774358
1 0.190195 0.596244 0.0327158 0.058891 0.770618
1 0.421357 0.341195 0.0158564 0.0421632 0.768048
1 0.366514 0.359103 0.0206218 0.0458269 0.767106
1 0.223255 0.64351 0.0298339 0.0493927 0.763135
2 0.634124 0.130386 0.0394174 0.0465339 0.755052
2 0.408117 0.131811 0.0402011 0.0475106 0.750756
2 0.689489 0.0479776 0.0225447 0.0514664 0.748304
1 0.207149 0.487382 0.0277275 0.0572855 0.747365
1 0.77185 0.659091 0.0626848 0.0532693 0.741384
1 0.420768 0.259286 0.0175745 0.0440462 0.739976
1 0.58244 0.393048 0.0294876 0.0748207 0.735494
2 0.406771 0.0849992 0.040592 0.0484724 0.73514
2 0.47842 0.0361509 0.0203892 0.0419872 0.731881
1 0.253718 0.429172 0.0501925 0.0631017 0.728388
1 0.602683 0.171025 0.0221033 0.0446251 0.72467
2 0.664878 0.138984 0.0222362 0.0476587 0.713253
2 0.408842 0.177932 0.0382788 0.0464608 0.708494
1 0.776323 0.608664 0.0695478 0.0478979 0.707479
2 0.487723 0.171167 0.0369391 0.0416504 0.701791
2 0.4403 0.0364966 0.0289072 0.0409371 0.69936
2 0.395845 0.0398671 0.0216826 0.0442367 0.696842
1 0.633876 0.175268 0.0389134 0.0474801 0.694992
2 0.405437 0.0396879 0.0412307 0.0433023 0.690972
1 0.520071 0.170262 0.0212786 0.0412866 0.690775
1 0.404226 0.345924 0.0181477 0.0443374 0.689809
1 0.177338 0.460808 0.0317085 0.107418 0.683382
1 0.182006 0.492582 0.0303428 0.0564992 0.663831
2 0.687705 0.0954426 0.0226387 0.0521675 0.656178
2 0.666327 0.0924886 0.0221741 0.0517545 0.655743
1 0.673927 0.184584 0.0426878 0.0495127 0.649842
1 0.406089 0.383914 0.0185772 0.0430054 0.649403
1 0.227253 0.68908 0.0295551 0.0449904 0.649069
2 0.415386 0.0381654 0.0206154 0.0423522 0.647551
1 0.119727 0.585404 0.0634716 0.0570623 0.646257
1 0.417062 0.380964 0.0247631 0.0417433 0.63772
1 0.838558 0.381971 0.0192613 0.0665529 0.632149
1 0.835543 0.441349 0.0222515 0.0689021 0.619909
1 0.901999 0.724158 0.0695591 0.0626453 0.616997
1 0.0594868 0.584304 0.0645453 0.0607451 0.616609
1 0.420797 0.381602 0.0170396 0.0423182 0.608573
1 0.367666 0.398253 0.0200192 0.0427252 0.607578
1 0.203454 0.432295 0.0288321 0.0583193 0.606494
1 0.419786 0.218245 0.0170712 0.0448548 0.584504
1 0.630978 0.307402 0.0354482 0.0478702 0.583431
1 0.419619 0.420066 0.0205784 0.0441402 0.577999
1 0.413376 0.383161 0.0312214 0.0433786 0.573385
2 0.685821 0.141554 0.021723 0.0509137 0.572553
1 0.217144 0.392686 0.0236212 0.0269299 0.5668
1 0.601376 0.216524 0.0221614 0.0416007 0.562765
2 0.980519 0.0477095 0.0388348 0.0825912 0.555944
1 0.331044 0.284514 0.0123267 0.0651889 0.548715
1 0.968023 0.6677 0.0639533 0.0626384 0.54768
1 0.824406 0.555219 0.0285747 0.0597015 0.546507
1 0.31928 0.314922 0.0136441 0.0731679 0.545793
1 0.969419 0.249537 0.0594371 0.0396604 0.542053
1 0.388685 0.428539 0.021862 0.0404499 0.537528
1 0.294314 0.207855 0.0113005 0.0764822 0.535661
1 0.633096 0.21964 0.0381129 0.0494854 0.531312
1 0.413851 0.420154 0.0302468 0.0424999 0.525943
1 0.757739 0.16865 0.0203427 0.106862 0.510352
1 0.829875 0.49969 0.0287025 0.0572957 0.505458
1 0.283116 0.355658 0.0130914 0.0621591 0.502402
