0 0.773494 0.468653 0.0625751 0.0597366 0.911038
1 0.741862 0.0983566 0.0526973 0.054491 0.907638
1 0.722039 0.590871 0.0657398 0.0644088 0.904258
1 0.709646 0.407964 0.0626284 0.0615509 0.899898
1 0.801765 0.796904 0.0638431 0.0757096 0.896712
1 0.69265 0.143116 0.0564962 0.0508089 0.896316
1 0.738355 0.0517308 0.0514155 0.0532071 0.89531
1 0.731666 0.72268 0.0704872 0.0695087 0.893759
1 0.794269 0.152292 0.0509828 0.0535538 0.893627
0 0.778159 0.529059 0.0635839 0.0621845 0.893178
1 0.705241 0.349904 0.0601976 0.0596877 0.892438
1 0.745814 0.14638 0.0526627 0.0536424 0.891848
1 0.702098 0.295393 0.0589413 0.0546214 0.89174
0 0.792339 0.721402 0.065378 0.0687087 0.891356
1 0.688956 0.0460811 0.0509476 0.0504393 0.890952
1 0.860156 0.798235 0.0627226 0.075796 0.890397
0 0.854629 0.722344 0.061674 0.0675966 0.889888
1 0.717466 0.527253 0.0635685 0.0628866 0.888056
0 0.783561 0.591094 0.0640903 0.0649384 0.887254
2 0.753845 0.245349 0.0594145 0.0547574 0.887026
1 0.737514 0.797856 0.0727492 0.0792004 0.884974
1 0.833194 0.110341 0.042358 0.0529552 0.884966
1 0.78983 0.105036 0.0509649 0.0558049 0.884705
2 0.765004 0.353108 0.0637551 0.058427 0.88331
1 0.698663 0.242418 0.0559225 0.0539547 0.88237
0 0.850428 0.656292 0.057148 0.0642765 0.88209
1 0.830736 0.0639164 0.0476658 0.0507542 0.880281
1 0.690404 0.0941643 0.0542075 0.0518717 0.879001
1 0.713708 0.466801 0.0626226 0.0602225 0.878045
0 0.788481 0.655461 0.0654514 0.0623522 0.876311
2 0.760396 0.298114 0.0627354 0.0557691 0.874293
1 0.78135 0.0191171 0.0472772 0.0374659 0.873535
1 0.785631 0.0580719 0.0504564 0.0532514 0.87353
1 0.827674 0.0230345 0.0486496 0.0434204 0.87303
2 0.749724 0.195005 0.0558159 0.0506089 0.871598
1 0.695195 0.192061 0.0552817 0.0492691 0.864018
1 0.735351 0.0163296 0.0494688 0.0323738 0.858221
0 0.768585 0.410089 0.0625656 0.0579069 0.858051
1 0.725005 0.655094 0.066075 0.063102 0.852475
0 0.840772 0.592155 0.0536585 0.0648245 0.850218
1 0.947924 0.938759 0.104151 0.0969021 0.847171
2 0.805693 0.2487 0.0546494 0.0556823 0.845111
1 0.837903 0.157941 0.0419792 0.0516636 0.842529
2 0.813824 0.302059 0.053124 0.0565131 0.840073
2 0.801133 0.198714 0.0536033 0.0510138 0.839189
0 0.83652 0.530169 0.0547474 0.0636834 0.838362
2 0.894331 0.594674 0.0557661 0.0634575 0.832736
2 0.819447 0.357419 0.0541065 0.0580815 0.831704
2 0.867524 0.358996 0.0492687 0.0566609 0.809372
1 0.909868 0.796748 0.0481746 0.0725556 0.803387
2 0.862748 0.305794 0.0523289 0.0540896 0.801354
1 0.687587 0.0125208 0.0492864 0.0248759 0.795975
2 0.878662 0.471975 0.0483845 0.0632448 0.78849
2 0.899994 0.658805 0.0526388 0.0651665 0.769298
2 0.886331 0.533968 0.0507221 0.0607758 0.758836
0 0.830563 0.470144 0.0548668 0.0607377 0.741158
0 0.82289 0.411879 0.048833 0.0553099 0.676749
2 0.872147 0.413073 0.0496227 0.0529687 0.67586
1 0.906637 0.72474 0.0498527 0.0665376 0.584708
2 0.855779 0.251216 0.0520073 0.0517531 0.570787
1 0.643655 0.478843 0.0162853 0.0697957 0.559929
2 0.634766 0.597516 0.0151663 0.0562627 0.549679
2 0.63592 0.645296 0.0140656 0.0542562 0.507521
0 0.561057 0.842634 0.019615 0.052741 0.503033
