1 0.755215 0.333026 0.0386127 0.0232323 0.86069
1 0.743161 0.259182 0.0350234 0.0204019 0.853366
1 0.749524 0.294823 0.0379089 0.0212196 0.846803
1 0.678079 0.614274 0.0521249 0.0303963 0.834794
1 0.708779 0.338316 0.0572795 0.0249347 0.833824
1 0.746416 0.276669 0.0371202 0.0211332 0.833543
1 0.67957 0.646155 0.0493465 0.032327 0.82663
1 0.752291 0.313134 0.0379291 0.0230093 0.825486
1 0.740558 0.241194 0.0340311 0.0198875 0.823084
1 0.758127 0.352956 0.0400704 0.022843 0.818886
1 0.687735 0.750626 0.0544267 0.0352215 0.815258
1 0.666771 0.47442 0.046421 0.0252546 0.814094
1 0.669026 0.499987 0.0470526 0.0263046 0.813351
1 0.662356 0.405803 0.0442242 0.0240866 0.806142
1 0.517567 0.341122 0.05324 0.022161 0.805385
1 0.67633 0.583131 0.0530684 0.0310141 0.804534
1 0.168262 0.456431 0.0346794 0.0225765 0.80412
1 0.517801 0.323172 0.0524436 0.0219161 0.803528
1 0.657947 0.343788 0.0430241 0.0238455 0.802095
1 0.71082 0.358391 0.0582148 0.0247871 0.80079
1 0.706426 0.299703 0.0520162 0.023583 0.800703
1 0.476871 0.346014 0.0296392 0.0201131 0.800677
1 0.671571 0.526475 0.0490221 0.0269693 0.800036
1 0.682165 0.678569 0.0502307 0.0315659 0.796375
1 0.659189 0.363464 0.0449541 0.0233934 0.794802
1 0.656398 0.324739 0.0415445 0.0219972 0.788906
1 0.66066 0.38428 0.0440147 0.0233379 0.784206
1 0.397054 0.392223 0.0515906 0.0227779 0.780547
1 0.65336 0.287903 0.0399678 0.0228482 0.779989
1 0.51859 0.304534 0.0525284 0.0228553 0.778584
1 0.706198 0.318242 0.0573242 0.025085 0.777484
1 0.683565 0.713503 0.0524231 0.0344141 0.775991
1 0.654761 0.306008 0.039551 0.0226239 0.768853
1 0.207213 0.342623 0.0307379 0.0193696 0.766458
1 0.650418 0.253414 0.0418207 0.0230615 0.760123
1 0.673903 0.553396 0.0502008 0.0284984 0.759428
1 0.663996 0.450838 0.0477697 0.0249674 0.75621
0 0.98358 0.660716 0.0307656 0.0232812 0.75599
2 0.391372 0.434745 0.0545646 0.0244946 0.755457
1 0.570574 0.336924 0.0441669 0.0202106 0.754504
1 0.663203 0.428056 0.0457176 0.0261766 0.753505
1 0.518874 0.288212 0.0516575 0.0219393 0.753469
1 0.761399 0.374167 0.0403831 0.0236383 0.74927
1 0.400106 0.373019 0.0517176 0.0214231 0.746217
1 0.567893 0.299726 0.0469642 0.0211187 0.746121
1 0.65215 0.26991 0.0413833 0.0210313 0.745413
1 0.980484 0.486513 0.033548 0.0196037 0.740505
1 0.715992 0.400323 0.06122 0.0262131 0.739723
1 0.615335 0.320606 0.0390653 0.0184813 0.737401
1 0.698295 0.246924 0.0551393 0.020828 0.736184
1 0.701656 0.263152 0.0528094 0.0217556 0.735174
1 0.703142 0.281783 0.0553451 0.0230226 0.72956
1 0.93612 0.421341 0.0246829 0.020125 0.72822
1 0.479344 0.310335 0.0278955 0.0208351 0.72381
1 0.94715 0.455051 0.0256989 0.0194363 0.723024
1 0.20445 0.645907 0.0572311 0.030536 0.719899
1 0.230333 0.374497 0.0498525 0.02337 0.718537
1 0.188022 0.397334 0.0328853 0.0213579 0.717629
1 0.477378 0.32738 0.0302494 0.0216021 0.717378
1 0.68496 0.265615 0.026855 0.0217593 0.716363
1 0.201155 0.360284 0.0309555 0.0207258 0.713793
1 0.713349 0.379128 0.0595941 0.0266261 0.712952
1 0.61463 0.304042 0.0390405 0.018103 0.712553
1 0.571425 0.355984 0.0436952 0.0202358 0.708013
1 0.567479 0.281496 0.0458879 0.0218797 0.707768
1 0.963179 0.435361 0.029262 0.0202645 0.698672
1 0.952835 0.47559 0.0263465 0.0216032 0.697279
1 0.174664 0.436239 0.0351339 0.0235703 0.696679
1 0.568348 0.317516 0.0467921 0.0204353 0.695517
1 0.206386 0.452942 0.0535015 0.0245708 0.69284
2 0.699816 0.920343 0.0543707 0.0397463 0.691472
1 0.195354 0.674929 0.054244 0.0308533 0.688873
1 0.764773 0.396197 0.0415259 0.0239078 0.683326
1 0.941553 0.437737 0.0247084 0.0190954 0.680172
1 0.613845 0.286664 0.0395751 0.0204719 0.677134
1 0.976604 0.470024 0.033082 0.017992 0.676919
1 0.480227 0.292198 0.0269029 0.0204067 0.675968
1 0.1941 0.378488 0.0325722 0.0209815 0.675229
2 0.615768 0.356801 0.040706 0.0192381 0.65023
0 0.979983 0.638423 0.0332202 0.0246359 0.646356
1 0.208748 0.432244 0.0437413 0.0241926 0.644832
1 0.21671 0.590913 0.0511202 0.0278864 0.624405
1 0.683405 0.301365 0.01989 0.0234327 0.624013
1 0.181512 0.415958 0.033895 0.0226692 0.617481
1 0.616185 0.337605 0.0392214 0.0187166 0.612664
1 0.235796 0.356897 0.0510967 0.0223679 0.608695
1 0.453052 0.331191 0.0175669 0.0207719 0.606046
1 0.410509 0.301012 0.051574 0.0217356 0.604947
1 0.394659 0.413075 0.0524598 0.0234281 0.604556
1 0.572532 0.395691 0.0410145 0.0211848 0.601571
1 0.405815 0.336666 0.0521747 0.0218623 0.594674
1 0.696441 0.282952 0.0463197 0.0219907 0.587238
1 0.786113 0.521174 0.046823 0.0286906 0.580082
1 0.247584 0.469927 0.0432809 0.0263035 0.578417
1 0.708485 0.262061 0.0415926 0.0208229 0.577891
1 0.572726 0.375745 0.0419335 0.0209689 0.571194
1 0.520014 0.400494 0.0630274 0.0233862 0.571125
1 0.40243 0.354602 0.0516365 0.0227869 0.563655
1 0.958332 0.419837 0.0297694 0.0189161 0.562971
1 0.474809 0.383835 0.0300242 0.0233671 0.56291
1 0.209751 0.617891 0.0564965 0.0296754 0.549039
1 0.969436 0.453199 0.0282622 0.019652 0.540751
1 0.247566 0.320704 0.0485402 0.0200416 0.538322
1 0.957237 0.488707 0.0251004 0.0191717 0.518409
1 0.768982 0.419195 0.0414897 0.0245012 0.503821
1 0.251556 0.304602 0.0488554 0.0204146 0.500821
