1 0.592458 0.310944 0.0715201 0.0561227 0.899432
1 0.534378 0.961251 0.042309 0.0771259 0.896318
1 0.592977 0.367795 0.0719169 0.0539526 0.895443
1 0.492691 0.961938 0.0428963 0.0755756 0.893554
2 0.598017 0.809888 0.0838915 0.0647021 0.892748
1 0.649427 0.369575 0.0364797 0.0556015 0.89106
2 0.598653 0.883689 0.0851186 0.0709528 0.890001
1 0.592624 0.255428 0.0714049 0.0541068 0.888964
1 0.695891 0.610243 0.0442644 0.0629917 0.888028
2 0.596831 0.740683 0.0811569 0.0607853 0.886051
1 0.648658 0.313581 0.0365803 0.0573525 0.884401
1 0.536454 0.374406 0.0368424 0.0531065 0.881754
1 0.647751 0.258081 0.0363565 0.056415 0.876777
1 0.536118 0.430851 0.0376154 0.0582405 0.875474
1 0.345725 0.321737 0.0432176 0.0524416 0.875374
2 0.595782 0.674614 0.0787989 0.0588473 0.874994
1 0.500454 0.27988 0.0342786 0.0535117 0.874813
2 0.597611 0.96175 0.0826195 0.0765006 0.874467
1 0.647193 0.203521 0.0365193 0.0543333 0.871061
2 0.258837 0.810387 0.0794426 0.0713003 0.870946
1 0.536596 0.318612 0.036902 0.0566127 0.869945
1 0.592596 0.201571 0.0713573 0.0517103 0.869576
1 0.691817 0.486971 0.0406309 0.0609016 0.868445
2 0.654004 0.546177 0.0379147 0.0595853 0.868371
2 0.659623 0.809856 0.0371961 0.0684535 0.867712
1 0.500204 0.333841 0.0344988 0.053418 0.866165
1 0.592685 0.148177 0.0710016 0.058857 0.865954
2 0.318303 0.877769 0.0482121 0.0693199 0.865688
2 0.655181 0.60998 0.0376034 0.0622765 0.864698
1 0.296805 0.262892 0.0627441 0.0546178 0.86404
1 0.499514 0.388107 0.0354105 0.0531934 0.863945
2 0.289406 0.372636 0.0662589 0.054414 0.863871
2 0.65244 0.484984 0.0373558 0.0580555 0.863724
2 0.732226 0.490831 0.0389349 0.0607328 0.861432
1 0.724683 0.323568 0.0373531 0.0544578 0.86094
2 0.594436 0.545474 0.0766931 0.0585757 0.860071
1 0.704642 0.884048 0.0490235 0.0755623 0.858798
1 0.298265 0.211332 0.0637675 0.0491208 0.857361
1 0.593338 0.424472 0.0737141 0.0548829 0.85668
2 0.656518 0.674915 0.0374362 0.0597525 0.855035
1 0.293364 0.318001 0.0638859 0.0554948 0.854809
1 0.646129 0.150003 0.0368676 0.0534163 0.853657
1 0.501148 0.226797 0.0344851 0.0515305 0.852202
1 0.536796 0.263699 0.0369566 0.0565671 0.847454
1 0.688391 0.370797 0.0376342 0.0569797 0.847193
2 0.729413 0.432047 0.0394213 0.0549878 0.84431
1 0.389549 0.231268 0.0372611 0.0526706 0.843742
2 0.657937 0.740944 0.0368071 0.0641094 0.843238
1 0.683257 0.148596 0.039303 0.0550858 0.841716
1 0.726853 0.378483 0.0386402 0.053667 0.841628
1 0.684081 0.20373 0.0381312 0.0558773 0.840806
1 0.723108 0.26903 0.0369487 0.0550022 0.84075
1 0.537588 0.211138 0.037795 0.0533003 0.840032
1 0.68646 0.314178 0.0372791 0.0592514 0.839311
2 0.491638 0.885319 0.0399239 0.0732502 0.838569
2 0.661279 0.882377 0.0411065 0.0712772 0.836467
2 0.734054 0.552952 0.0382463 0.0604549 0.833321
2 0.494326 0.558872 0.0347228 0.058528 0.833248
2 0.650734 0.425407 0.0372485 0.0553248 0.832677
1 0.757415 0.3659 0.0212974 0.0534103 0.830068
2 0.138063 0.619336 0.0362227 0.0654786 0.830061
1 0.722057 0.21333 0.0373221 0.0552958 0.828863
2 0.264525 0.740842 0.0755906 0.0658167 0.82673
2 0.778309 0.826224 0.0306074 0.0593638 0.826275
1 0.317263 0.940463 0.0477404 0.0536561 0.825987
2 0.323342 0.739317 0.0467279 0.0642368 0.823405
1 0.694004 0.547932 0.0424018 0.0588248 0.822975
2 0.736256 0.614829 0.0387692 0.0625509 0.822859
1 0.685209 0.259208 0.0374239 0.0582612 0.822601
2 0.492627 0.683385 0.0345058 0.0603076 0.821616
2 0.4961 0.501427 0.0358355 0.057068 0.820582
2 0.143988 0.559013 0.0336937 0.0609438 0.820228
1 0.594079 0.484124 0.0753654 0.0567942 0.820099
2 0.180754 0.55017 0.0440292 0.0604467 0.818855
1 0.184779 0.492247 0.0407134 0.0551153 0.817889
2 0.533809 0.550487 0.0404782 0.0617224 0.816309
2 0.252767 0.879002 0.0848165 0.0673527 0.815554
1 0.534745 0.489381 0.0398611 0.0567641 0.814884
1 0.390954 0.179973 0.0373739 0.047762 0.814631
1 0.348303 0.26909 0.0411349 0.056401 0.813581
1 0.235262 0.324317 0.0359579 0.0561006 0.81311
2 0.493293 0.620061 0.0339181 0.0594907 0.811812
1 0.350363 0.215126 0.0414903 0.0553232 0.810114
2 0.775663 0.764183 0.0290385 0.0611174 0.808448
1 0.221498 0.494072 0.0336111 0.0557422 0.806564
2 0.149847 0.501746 0.0341597 0.0605598 0.805837
2 0.739408 0.679262 0.0389079 0.0668943 0.80461
1 0.189867 0.435631 0.0417961 0.0553886 0.804474
1 0.454625 0.961566 0.0309005 0.0709076 0.804232
1 0.720817 0.159118 0.0371797 0.0531651 0.798609
2 0.226169 0.433925 0.036753 0.0582441 0.790361
2 0.74587 0.877513 0.0348332 0.0549223 0.785462
2 0.362363 0.745571 0.0350777 0.0637153 0.782143
2 0.175443 0.613208 0.0455486 0.0660251 0.778658
1 0.240679 0.269487 0.0395415 0.0541654 0.776066
2 0.361135 0.811586 0.0357189 0.0617517 0.773398
1 0.244198 0.215618 0.0402783 0.0543024 0.77155
1 0.299753 0.161512 0.0662863 0.0460891 0.770954
1 0.387889 0.284152 0.0380035 0.0541873 0.770756
2 0.132302 0.684298 0.0338822 0.0687665 0.766696
2 0.269968 0.674771 0.0731395 0.0673872 0.766691
2 0.492435 0.747287 0.0351935 0.0634348 0.759061
1 0.501201 0.174941 0.0341238 0.0558587 0.755617
2 0.366685 0.68012 0.0339863 0.0625663 0.755421
2 0.34359 0.375585 0.0463819 0.0557037 0.751737
2 0.779161 0.884617 0.0288558 0.0496363 0.750551
2 0.320115 0.807446 0.0478595 0.0695466 0.749338
1 0.697701 0.676072 0.0457203 0.0647844 0.748752
1 0.759016 0.418942 0.0207822 0.0522452 0.747189
2 0.491889 0.814168 0.0369055 0.0654555 0.744552
1 0.168742 0.678056 0.0464729 0.066623 0.743054
2 0.662508 0.961031 0.0435518 0.0779206 0.741939
2 0.742379 0.747461 0.0379036 0.0672297 0.741477
2 0.595346 0.609955 0.0775526 0.0594218 0.737087
2 0.217575 0.551667 0.0345736 0.0596846 0.73021
1 0.754739 0.313259 0.020847 0.055081 0.726035
2 0.208497 0.675513 0.0401236 0.0649288 0.715377
1 0.7535 0.264458 0.019863 0.0483039 0.707904
2 0.371864 0.619558 0.0369553 0.0620393 0.705594
1 0.690249 0.425527 0.0394921 0.0558459 0.704965
2 0.532883 0.743716 0.040814 0.0631905 0.703833
0 0.702271 0.810377 0.0497496 0.0687052 0.699824
2 0.154098 0.442973 0.033522 0.0626642 0.699707
2 0.21314 0.612818 0.0379213 0.0642848 0.69896
2 0.532846 0.884164 0.0428465 0.0734008 0.693843
2 0.744413 0.815521 0.0353807 0.0662693 0.690282
1 0.192687 0.227711 0.0673857 0.0628448 0.683666
2 0.386678 0.388822 0.0412137 0.056114 0.679144
2 0.362542 0.878511 0.0390799 0.0652339 0.673796
0 0.1223 0.809473 0.037219 0.0635118 0.662983
1 0.169141 0.337824 0.0342653 0.0544365 0.657878
1 0.352231 0.163425 0.040642 0.050604 0.648936
2 0.593854 0.48424 0.0753788 0.0554113 0.639771
1 0.363508 0.943358 0.042989 0.0495358 0.63935
1 0.70028 0.742772 0.0474232 0.0671176 0.637605
1 0.46242 0.479219 0.0306326 0.057512 0.635609
1 0.246302 0.163997 0.0374127 0.0475518 0.632359
2 0.340905 0.430704 0.0472816 0.0551304 0.631463
1 0.761752 0.474008 0.0212033 0.0526551 0.629114
1 0.194621 0.380498 0.0426596 0.0533322 0.616346
1 0.498211 0.443151 0.0356788 0.0596541 0.61399
1 0.537914 0.157992 0.0411655 0.0617429 0.613119
2 0.375949 0.558507 0.0355952 0.0631581 0.612898
2 0.328271 0.674768 0.0484446 0.0656589 0.612393
1 0.454282 0.89335 0.0319057 0.0666553 0.607861
2 0.382091 0.490556 0.0396688 0.0694536 0.603976
1 0.764258 0.527511 0.0221868 0.0538241 0.596936
1 0.189111 0.27743 0.0653105 0.0605559 0.587558
2 0.272269 0.610336 0.0766914 0.0641481 0.578804
2 0.163032 0.38854 0.0325382 0.0538718 0.577611
2 0.183965 0.740395 0.0750407 0.0653181 0.566944
1 0.387364 0.334623 0.0396508 0.0511064 0.563744
2 0.532745 0.812038 0.0416411 0.0667039 0.556192
2 0.172367 0.876716 0.0823796 0.0671254 0.554665
1 0.460728 0.536569 0.0297733 0.0579135 0.552546
2 0.533485 0.613792 0.0393435 0.061584 0.545982
2 0.533017 0.677935 0.0405003 0.060887 0.531531
2 0.498046 0.443694 0.0368068 0.0587859 0.521551
1 0.172995 0.284289 0.0352201 0.0544578 0.507599
2 0.282419 0.428822 0.074575 0.0579562 0.50619
