1 0.393925 0.599751 0.0214675 0.0364691 0.876823
1 0.283832 0.548134 0.0448092 0.0314031 0.873398
2 0.266202 0.701867 0.0509346 0.0344725 0.873186
2 0.26247 0.735463 0.0508869 0.0344207 0.872199
2 0.875725 0.506823 0.0321137 0.0392722 0.870742
1 0.277369 0.608109 0.0458895 0.0306601 0.865812
1 0.418318 0.543779 0.0226567 0.0420086 0.864394
0 0.206945 0.839907 0.0383004 0.0373113 0.864021
2 0.84813 0.614412 0.0581199 0.0427961 0.863714
1 0.371443 0.606678 0.0259558 0.0364635 0.86341
2 0.839753 0.534353 0.055666 0.0401108 0.861802
1 0.274479 0.637874 0.0463487 0.0310004 0.859545
1 0.373457 0.577335 0.0260252 0.0306091 0.859299
2 0.258582 0.769675 0.0515901 0.0355945 0.856112
2 0.853227 0.656292 0.0608036 0.0415101 0.854212
1 0.395534 0.570336 0.0209149 0.0324065 0.853643
2 0.270851 0.668481 0.0487537 0.032135 0.853445
1 0.369202 0.6382 0.0261349 0.0350373 0.852552
0 0.203507 0.876346 0.0392031 0.0391521 0.851998
2 0.214892 0.771314 0.0414311 0.0379603 0.849859
1 0.457889 0.504562 0.0183552 0.047971 0.849481
1 0.456426 0.543618 0.0197937 0.0464328 0.847899
2 0.834971 0.495602 0.0538727 0.0390066 0.846542
2 0.211195 0.805865 0.0405073 0.0361127 0.843731
1 0.391858 0.629925 0.02173 0.0361283 0.843601
1 0.416868 0.575079 0.022707 0.0427681 0.841093
2 0.872077 0.468359 0.0302479 0.039752 0.84098
1 0.351972 0.554886 0.0239023 0.0340687 0.83997
1 0.345783 0.644308 0.0238904 0.03398 0.83853
2 0.885413 0.583879 0.0329472 0.0411179 0.838367
0 0.164112 0.797135 0.0246822 0.027285 0.836681
1 0.380054 0.488831 0.0232636 0.0322263 0.834912
2 0.661533 0.586359 0.0379995 0.0492145 0.83375
1 0.241597 0.609255 0.0294044 0.03179 0.833317
0 0.296617 0.844293 0.0457816 0.0378688 0.832979
1 0.347833 0.614106 0.0243449 0.0336425 0.83255
2 0.66799 0.744316 0.039525 0.054069 0.83216
2 0.84425 0.574064 0.0548809 0.0388379 0.832003
2 0.551645 0.540014 0.0515018 0.0475774 0.831115
2 0.220145 0.736138 0.0395311 0.0350349 0.830798
2 0.340881 0.704853 0.0250103 0.0327839 0.829916
2 0.660002 0.537183 0.0346571 0.0469284 0.829414
1 0.355019 0.524466 0.0233708 0.0334901 0.828417
0 0.251028 0.839796 0.0516724 0.0358829 0.828301
0 0.160986 0.820925 0.0253567 0.0279597 0.828013
0 0.247281 0.875776 0.051561 0.0395339 0.827895
1 0.349825 0.584744 0.0241146 0.0326361 0.827105
2 0.823262 0.386699 0.0546398 0.0353954 0.824749
0 0.168075 0.773297 0.0243541 0.0259878 0.823693
1 0.368068 0.668438 0.0297777 0.0341873 0.823008
1 0.444895 0.407613 0.0165001 0.0477377 0.822963
2 0.658366 0.490616 0.0335759 0.0470811 0.821639
1 0.550481 0.640653 0.0550199 0.0567291 0.820275
1 0.238139 0.639584 0.0292467 0.0310148 0.819273
1 0.381493 0.462496 0.022802 0.0333266 0.819243
1 0.357741 0.497393 0.022877 0.0326376 0.818654
2 0.670237 0.801646 0.0430776 0.0574573 0.816552
1 0.320051 0.587022 0.0381281 0.0303067 0.816262
1 0.28735 0.518923 0.0441744 0.0318818 0.815899
0 0.300551 0.808396 0.0444794 0.036385 0.815856
1 0.244884 0.57927 0.0307074 0.032 0.814759
2 0.82744 0.421982 0.0548921 0.0362588 0.814615
0 0.551038 0.743568 0.0548702 0.0578761 0.814609
2 0.675071 0.921776 0.0466976 0.0606358 0.813175
2 0.813872 0.287023 0.0511698 0.0363268 0.809165
1 0.420228 0.513138 0.0224928 0.041875 0.807429
2 0.851171 0.298663 0.0284992 0.0355472 0.806911
1 0.475222 0.535956 0.0198799 0.0469565 0.806465
1 0.317464 0.618116 0.0392524 0.0339632 0.804553
1 0.2907 0.489475 0.0422596 0.0305239 0.804379
1 0.47714 0.450197 0.0179123 0.0459041 0.80373
2 0.673138 0.861479 0.0462652 0.0663116 0.802973
2 0.890447 0.624172 0.0340134 0.0435967 0.801307
1 0.377307 0.517729 0.0241022 0.0346936 0.800364
2 0.810805 0.253946 0.04999 0.0353666 0.798911
1 0.441525 0.496308 0.0171679 0.038087 0.798855
1 0.293137 0.462713 0.0411433 0.0277243 0.798778
1 0.247989 0.549656 0.0302381 0.0318502 0.797851
1 0.397264 0.540364 0.0202966 0.0329408 0.797417
1 0.375331 0.547195 0.0254191 0.0347222 0.796606
1 0.415585 0.605584 0.0238957 0.0408864 0.796605
2 0.227011 0.702398 0.0343389 0.0343696 0.793808
0 0.175631 0.727348 0.0236338 0.0262611 0.79321
0 0.15378 0.871739 0.026098 0.0303791 0.793088
2 0.433159 0.650682 0.0206875 0.0534242 0.791395
2 0.881181 0.544469 0.0334539 0.0384069 0.787914
2 0.410498 0.708297 0.022348 0.0454129 0.787062
2 0.862877 0.39808 0.0284824 0.0369731 0.786137
1 0.359487 0.469287 0.0226593 0.0335784 0.785509
0 0.179028 0.703595 0.0247623 0.0254736 0.785252
1 0.472751 0.582701 0.0193741 0.0515585 0.784978
1 0.611171 0.692172 0.0646953 0.0539383 0.784535
2 0.338376 0.736144 0.0246628 0.0371528 0.784043
0 0.198951 0.9133 0.039911 0.0382704 0.783128
2 0.832072 0.457564 0.0526211 0.0368433 0.782857
0 0.149267 0.897761 0.0262709 0.0298321 0.78141
1 0.437913 0.560333 0.0181761 0.0414205 0.780777
0 0.244612 0.913459 0.0490555 0.0392003 0.780025
1 0.252094 0.520121 0.0290177 0.0328439 0.779119
1 0.463119 0.386879 0.018031 0.0497846 0.778455
1 0.422273 0.482982 0.0227118 0.0435849 0.777848
0 0.890643 0.983662 0.0675666 0.0326758 0.775389
1 0.43954 0.524757 0.0180706 0.0450542 0.774743
1 0.475926 0.491847 0.0185986 0.0455575 0.772775
1 0.322852 0.557312 0.0368505 0.0290249 0.772457
2 0.183734 0.810663 0.0162459 0.0284018 0.771665
1 0.479133 0.409172 0.0180126 0.0444123 0.768376
0 0.304039 0.773455 0.0447657 0.036768 0.767795
1 0.817238 0.318483 0.0526243 0.0333903 0.767768
2 0.412184 0.671262 0.0233534 0.0466039 0.767649
1 0.461814 0.419467 0.0183605 0.0517073 0.766614
0 0.157754 0.845461 0.0251914 0.0289283 0.765762
2 0.452095 0.640664 0.0192754 0.0504737 0.763726
0 0.75154 0.917823 0.0420407 0.0592554 0.762715
0 0.192552 0.951428 0.0386697 0.0418476 0.762399
1 0.442526 0.467364 0.0166958 0.0383406 0.762125
0 0.924953 0.896 0.0379139 0.053202 0.760147
1 0.480076 0.371823 0.0174976 0.0478279 0.760029
1 0.2805 0.578312 0.0443467 0.0326435 0.758576
0 0.932371 0.947355 0.0353511 0.0540721 0.75793
2 0.655478 0.401819 0.0326147 0.0445714 0.756517
2 0.674218 0.975385 0.0460907 0.0492309 0.756173
1 0.423825 0.450347 0.0233787 0.0433142 0.756019
0 0.141956 0.95098 0.0264125 0.0326281 0.755856
1 0.446523 0.37366 0.0171929 0.0542897 0.755084
2 0.663 0.636657 0.0392285 0.0514566 0.753222
2 0.407943 0.743023 0.0226377 0.0447751 0.752877
0 0.241849 0.952508 0.0463345 0.0440595 0.752542
2 0.450897 0.680958 0.0194639 0.0488376 0.750804
1 0.4537 0.600631 0.0199457 0.0492134 0.746697
1 0.256327 0.492015 0.0273778 0.0293081 0.745416
1 0.443769 0.437897 0.0167034 0.0433384 0.74402
0 0.145695 0.923201 0.0264648 0.0295586 0.743799
0 0.294111 0.879554 0.0468566 0.0384777 0.743632
2 0.808063 0.223465 0.0482839 0.0311244 0.740833
0 0.550273 0.691905 0.0553624 0.0555348 0.739785
2 0.552114 0.493599 0.0503924 0.0462095 0.736421
1 0.424742 0.43164 0.02208 0.0559403 0.736158
1 0.399353 0.5108 0.0197255 0.0339859 0.735375
2 0.848029 0.266758 0.0285464 0.0333445 0.735112
0 0.186168 0.985462 0.0337887 0.0290761 0.73493
2 0.43155 0.688801 0.0195454 0.0489348 0.734702
2 0.901865 0.709998 0.0333656 0.0441544 0.733319
2 0.65672 0.445481 0.0319617 0.0448899 0.733294
2 0.665106 0.690657 0.0395766 0.0556942 0.731762
2 0.392708 0.687158 0.0162867 0.0365169 0.731158
2 0.254114 0.805193 0.0516366 0.0354747 0.730213
0 0.329052 0.841413 0.0236513 0.037779 0.721143
0 0.0713488 0.992528 0.0317371 0.0149449 0.717948
2 0.434507 0.619927 0.0200411 0.0514559 0.717813
0 0.0594104 0.888595 0.0386365 0.0294507 0.717168
1 0.463667 0.357062 0.0183832 0.0527133 0.715575
0 0.172721 0.751443 0.0241106 0.0267015 0.712388
1 0.459161 0.483715 0.0178702 0.0443043 0.711392
1 0.325991 0.529451 0.0362558 0.0308664 0.708466
1 0.436683 0.589602 0.0193224 0.0434189 0.707991
2 0.65446 0.358254 0.032667 0.0424682 0.7078
2 0.867473 0.43213 0.0290442 0.0349037 0.707182
1 0.40212 0.454658 0.0201337 0.0370462 0.706864
1 0.460363 0.454513 0.0180142 0.045029 0.705829
2 0.231528 0.67047 0.0339786 0.0312295 0.705744
0 0.858765 0.699486 0.0594883 0.0448569 0.704234
0 0.885949 0.942447 0.0690403 0.0534515 0.703883
0 0.0721133 0.83558 0.0278191 0.0273903 0.701351
0 0.0376834 0.991888 0.0445604 0.0162248 0.698923
0 0.137263 0.979911 0.0274666 0.0332241 0.697882
1 0.328848 0.500683 0.035839 0.0328483 0.697707
2 0.820206 0.351437 0.0521215 0.0363208 0.694528
0 0.043785 0.970422 0.0419289 0.0299013 0.6942
0 0.0662191 0.861218 0.0337453 0.0282068 0.691256
2 0.799008 0.532926 0.0316212 0.0380195 0.689624
2 0.795668 0.495279 0.0303348 0.0360449 0.68725
2 0.180244 0.837808 0.0171576 0.0308753 0.683832
2 0.89642 0.666396 0.0328972 0.0465788 0.683622
1 0.25855 0.4649 0.0273646 0.0285961 0.68097
1 0.454867 0.577983 0.0199333 0.0446071 0.676789
0 0.0818734 0.785951 0.0262767 0.0249009 0.674998
1 0.426633 0.396443 0.0216957 0.0503223 0.673724
1 0.855569 0.331157 0.0280389 0.0336783 0.671364
0 0.913118 0.799432 0.0358217 0.0489698 0.669462
0 0.754744 0.972133 0.0435461 0.0557343 0.668746
1 0.331054 0.472522 0.0355338 0.0302173 0.668006
2 0.406539 0.776413 0.0235326 0.040199 0.655146
1 0.481268 0.33274 0.0162212 0.0453248 0.653463
0 0.231643 0.986741 0.0560137 0.0265187 0.652352
2 0.82228 0.938595 0.0661207 0.0519251 0.651042
1 0.401275 0.482639 0.0194038 0.0322855 0.649967
2 0.859285 0.364537 0.0286942 0.0343626 0.649375
0 0.27149 0.987509 0.0292167 0.0249824 0.648014
2 0.331945 0.804741 0.0245612 0.0383264 0.645437
2 0.806429 0.614191 0.0314039 0.041571 0.644143
1 0.366231 0.731285 0.0377257 0.040599 0.642328
0 0.0860439 0.761413 0.0250072 0.027947 0.640489
0 0.390031 0.758107 0.0147741 0.0411724 0.637752
0 0.121452 0.785776 0.0551692 0.0261738 0.629082
2 0.130869 0.646738 0.0298743 0.0222821 0.628654
0 0.0925466 0.971159 0.0614267 0.0309785 0.62755
2 0.43035 0.722318 0.0193937 0.0433868 0.626251
0 0.467084 0.78185 0.0223969 0.0581609 0.618502
1 0.396195 0.563343 0.0206235 0.0309793 0.618474
1 0.653319 0.27726 0.0343756 0.0404476 0.616689
0 0.879856 0.890729 0.063369 0.0529531 0.611477
0 0.108986 0.861942 0.0593889 0.0282127 0.610533
1 0.391785 0.660277 0.0206008 0.0370943 0.606551
2 0.33548 0.77073 0.0235241 0.0368115 0.605006
0 0.468098 0.728604 0.0224402 0.0535222 0.604579
0 0.182424 0.681326 0.0240426 0.0243377 0.60258
2 0.863919 0.745512 0.0584711 0.0483621 0.601103
2 0.551616 0.798893 0.0531004 0.0527131 0.590083
0 0.0978817 0.99174 0.0371384 0.0165195 0.579203
0 0.10423 0.889998 0.057771 0.0290059 0.578818
1 0.26132 0.437329 0.0287817 0.028603 0.577002
0 0.0508972 0.943058 0.0401834 0.0288812 0.575907
0 0.116782 0.810959 0.0572944 0.0274875 0.573353
2 0.55112 0.588411 0.0516546 0.0492602 0.565213
2 0.392619 0.721335 0.0142609 0.039758 0.563852
1 0.555412 0.100272 0.0456669 0.105546 0.563113
1 0.315005 0.648763 0.0399683 0.0302835 0.558589
2 0.309592 0.707763 0.0430073 0.0325579 0.55798
0 0.469865 0.677762 0.0218353 0.0495723 0.557495
2 0.29564 0.43595 0.0403001 0.026498 0.557005
0 0.296569 0.917583 0.0352203 0.0394637 0.556455
0 0.0896642 0.991966 0.0555851 0.0160673 0.548276
2 0.802769 0.573132 0.0323006 0.0393305 0.542462
0 0.0971238 0.943074 0.0600002 0.0300922 0.537741
2 0.874626 0.840156 0.0607647 0.0509728 0.536175
0 0.120961 0.714775 0.0316892 0.0244932 0.533276
0 0.122675 0.761773 0.0528993 0.0264041 0.53249
0 0.781083 0.929524 0.0209541 0.0533149 0.529162
2 0.186333 0.784126 0.0171292 0.0300991 0.528854
0 0.113695 0.836489 0.0587232 0.0277625 0.524216
0 0.938062 0.985752 0.0336945 0.0284954 0.522715
0 0.784026 0.978125 0.0198085 0.0437495 0.518131
2 0.769394 0.777994 0.0222065 0.0518915 0.514747
0 0.0959643 0.714708 0.023031 0.0240054 0.514713
2 0.177028 0.861955 0.0178298 0.0262864 0.513149
0 0.153656 0.646773 0.0300379 0.0224477 0.51304
2 0.426895 0.79911 0.0189675 0.0411889 0.509299
1 0.382 0.431442 0.0227646 0.0374377 0.507862
0 0.15155 0.668635 0.0272298 0.0233379 0.503446
