2 0.414975 0.711509 0.0804161 0.123356 0.907065
2 0.33292 0.709343 0.0812597 0.132002 0.900591
2 0.779851 0.704201 0.0800146 0.124355 0.88477
2 0.779651 0.83347 0.0809784 0.12356 0.865593
2 0.507279 0.717952 0.0995073 0.129344 0.864806
2 0.333961 0.838159 0.0796372 0.118495 0.861382
2 0.414235 0.836016 0.0800354 0.11484 0.855667
1 0.609561 0.960712 0.0981028 0.0750738 0.835662
1 0.886159 0.853369 0.118266 0.130724 0.830511
1 0.507574 0.962552 0.0974902 0.0748962 0.827744
1 0.50831 0.852587 0.0995691 0.134457 0.816363
2 0.700959 0.705381 0.076223 0.125526 0.812014
1 0.974259 0.959605 0.0513596 0.0752777 0.811551
1 0.884924 0.961812 0.115203 0.0750793 0.754095
1 0.508324 0.882473 0.100012 0.190235 0.736281
1 0.974672 0.853628 0.0506553 0.133507 0.686853
2 0.702363 0.837441 0.0691674 0.124492 0.684745
1 0.886122 0.825308 0.116492 0.074619 0.619524
