1 0.779667 0.735235 0.0698901 0.0481236 0.901306
1 0.775678 0.684244 0.0690285 0.0487775 0.896513
1 0.718005 0.843546 0.0695666 0.0516656 0.892697
1 0.84373 0.630675 0.0787941 0.0509056 0.889709
1 0.714341 0.790708 0.0736324 0.0528009 0.88733
1 0.772794 0.634338 0.0674029 0.0470388 0.881342
1 0.848465 0.682222 0.0796512 0.0499204 0.881159
1 0.704196 0.63642 0.0696259 0.0448556 0.879948
1 0.852607 0.735307 0.0791939 0.05161 0.879945
1 0.784891 0.789115 0.0687103 0.0507588 0.877586
1 0.707075 0.685456 0.0690886 0.0480537 0.877297
1 0.710158 0.736758 0.0708933 0.0482272 0.873448
1 0.855655 0.789612 0.0740703 0.053369 0.872714
1 0.838199 0.580649 0.0748135 0.0490381 0.871695
0 0.0439198 0.824248 0.0606124 0.0486768 0.866598
1 0.701397 0.589988 0.0693562 0.0471876 0.865635
0 0.0589879 0.732461 0.055217 0.0451495 0.855473
1 0.768095 0.585666 0.0665028 0.0447977 0.849412
1 0.788104 0.848485 0.0700438 0.0603714 0.848923
0 0.0908302 0.524476 0.0553608 0.0452698 0.84376
1 0.69878 0.543511 0.0691671 0.0413199 0.838228
0 0.0858135 0.562552 0.0523487 0.0416744 0.831467
2 0.387757 0.689028 0.0315717 0.0227999 0.82018
1 0.833519 0.53172 0.0766721 0.0484737 0.814702
2 0.356859 0.690465 0.0306903 0.022284 0.797394
0 0.0514328 0.778699 0.0598295 0.0480799 0.780964
2 0.386921 0.711468 0.0302959 0.0233166 0.780442
0 0.0142729 0.778854 0.0285458 0.0496412 0.771248
2 0.42197 0.686911 0.0375291 0.023689 0.752283
0 0.0738179 0.647073 0.0525849 0.0465215 0.751151
2 0.356514 0.712635 0.03007 0.0232854 0.744595
0 0.018642 0.732745 0.037284 0.0488067 0.740613
0 0.0109253 0.826035 0.0218505 0.048823 0.739805
1 0.288266 0.715245 0.0165411 0.0223236 0.731477
1 0.828668 0.486341 0.0717877 0.0452614 0.727826
2 0.288135 0.693852 0.0151073 0.0190674 0.722459
0 0.0804494 0.603014 0.0517217 0.0452108 0.697925
1 0.30943 0.714509 0.0261643 0.0220785 0.683061
2 0.309039 0.693653 0.0262409 0.0197452 0.681272
0 0.0221132 0.689714 0.0441878 0.0421557 0.68124
0 0.0252683 0.647146 0.0492277 0.0464595 0.659297
0 0.00623171 0.872228 0.0124634 0.0478383 0.631032
1 0.692339 0.414123 0.0636069 0.0484547 0.615799
0 0.116443 0.729721 0.0699013 0.0473572 0.604909
1 0.69661 0.50162 0.0679584 0.0445749 0.584888
0 0.136081 0.598456 0.0685446 0.0462401 0.564192
2 0.332907 0.691832 0.0205474 0.020634 0.536072
0 0.332263 0.713287 0.0196047 0.0224096 0.531945
1 0.72089 0.87855 0.065318 0.0201719 0.525113
0 0.0679672 0.689888 0.0542294 0.0428493 0.523609
