2 0.645326 0.573317 0.0879867 0.0598998 0.902506
2 0.437057 0.637295 0.102139 0.0638643 0.902341
2 0.647932 0.637116 0.0904112 0.0636205 0.902042
2 0.642316 0.512083 0.0866994 0.0577924 0.901144
2 0.438215 0.574034 0.0988804 0.059659 0.89703
2 0.234211 0.44622 0.0997238 0.0598539 0.888246
2 0.649944 0.700408 0.0898162 0.0606938 0.887535
2 0.438581 0.51255 0.0974991 0.0593038 0.885724
2 0.436907 0.70491 0.103853 0.0676435 0.885341
2 0.439753 0.452842 0.0954803 0.0552954 0.881782
2 0.738567 0.577575 0.103238 0.0629398 0.880614
2 0.221432 0.631602 0.103512 0.0665592 0.880405
2 0.899861 0.574278 0.0487488 0.0596441 0.879786
1 0.845544 0.694338 0.0918967 0.0580401 0.877878
2 0.226689 0.567536 0.100787 0.0615089 0.877868
2 0.230004 0.506222 0.101391 0.0596669 0.876436
2 0.743398 0.638563 0.103971 0.0593579 0.873973
2 0.23851 0.387336 0.101651 0.0560193 0.871845
2 0.441462 0.395066 0.0922766 0.0525663 0.870557
2 0.248373 0.279746 0.0962239 0.0526716 0.870102
2 0.442284 0.33946 0.0905548 0.0526093 0.869935
2 0.730558 0.462472 0.099346 0.0562648 0.868558
2 0.640118 0.454032 0.0841005 0.0581434 0.867086
2 0.734372 0.51821 0.100839 0.058512 0.866945
2 0.747537 0.697242 0.106611 0.0612089 0.866799
2 0.254101 0.226373 0.0947167 0.050191 0.865597
1 0.974607 0.463997 0.0507863 0.0541032 0.860354
2 0.817673 0.404639 0.0851695 0.0530667 0.859561
1 0.970466 0.410124 0.0590671 0.0511732 0.858485
2 0.339209 0.452093 0.10109 0.0573119 0.858401
2 0.834969 0.574822 0.0896386 0.0596913 0.856905
2 0.893214 0.516323 0.0489008 0.0543879 0.85651
2 0.44269 0.285367 0.0895037 0.0491871 0.856093
2 0.914557 0.693431 0.0504753 0.0643722 0.853477
2 0.243599 0.332647 0.0995778 0.0519703 0.85136
2 0.443907 0.187779 0.0861078 0.0454232 0.849914
2 0.982561 0.576957 0.0348789 0.0593825 0.849866
2 0.443385 0.234671 0.0875196 0.0434104 0.84091
2 0.217388 0.698962 0.10431 0.0650051 0.840156
2 0.907069 0.632862 0.0503013 0.0555383 0.839909
2 0.830207 0.515558 0.0875498 0.056199 0.838346
2 0.885919 0.461286 0.047344 0.0545049 0.834905
2 0.324038 0.190604 0.0381653 0.0455306 0.834425
1 0.963397 0.311762 0.0732066 0.045877 0.833321
2 0.873159 0.35718 0.0467535 0.050038 0.829465
2 0.651375 0.768278 0.0891455 0.0716989 0.827885
2 0.370051 0.193009 0.0566265 0.0488141 0.826956
2 0.368572 0.24141 0.0568781 0.0486419 0.825469
2 0.367344 0.290473 0.0561835 0.051202 0.823839
2 0.934351 0.488614 0.0482357 0.0544777 0.822028
2 0.88017 0.407801 0.0499336 0.0531416 0.820759
2 0.919317 0.381276 0.0471722 0.0523149 0.818572
2 0.32673 0.144648 0.0366862 0.0435797 0.817767
2 0.357251 0.509497 0.0604793 0.0547926 0.8176
2 0.328841 0.101084 0.0361532 0.0408461 0.816999
2 0.927765 0.43418 0.0473164 0.0540937 0.814578
1 0.966943 0.359576 0.0661137 0.0489858 0.812242
2 0.867096 0.30779 0.0450817 0.0522595 0.808841
2 0.985956 0.634272 0.0280878 0.0542168 0.80489
2 0.321496 0.238614 0.03967 0.049432 0.804577
2 0.942624 0.544642 0.0484434 0.0543923 0.802443
2 0.906517 0.282469 0.0425083 0.0531573 0.802145
2 0.354849 0.571982 0.0635254 0.0665462 0.79858
2 0.912283 0.332184 0.0459694 0.0506914 0.798234
2 0.318855 0.288699 0.0421054 0.0496799 0.797103
2 0.127481 0.627811 0.0828079 0.0639598 0.791924
2 0.68528 0.210891 0.0374804 0.0422385 0.790046
2 0.690229 0.255134 0.0428483 0.0460468 0.785686
2 0.264124 0.087671 0.0888429 0.0400019 0.783662
2 0.436372 0.773752 0.106592 0.066584 0.782823
2 0.726358 0.408841 0.097838 0.0537329 0.781502
2 0.342171 0.395435 0.100148 0.0562896 0.779615
2 0.626722 0.200848 0.0795055 0.0386803 0.77625
1 0.139454 0.497275 0.0851064 0.05996 0.773597
2 0.722463 0.356257 0.0954465 0.053186 0.771407
2 0.806291 0.303949 0.0833138 0.0466472 0.770263
2 0.987993 0.689462 0.0240141 0.0553191 0.766399
1 0.124209 0.693562 0.0829108 0.0637868 0.764346
1 0.54534 0.560557 0.10947 0.0651566 0.760253
1 0.840383 0.635002 0.0911703 0.0588489 0.758303
1 0.181046 0.122918 0.0732477 0.0430167 0.750232
1 0.849241 0.745119 0.0869882 0.0373985 0.738567
1 0.133478 0.561876 0.0848491 0.0644505 0.732618
1 0.544532 0.485066 0.107404 0.0415199 0.731902
2 0.0597479 0.370663 0.0318443 0.0832643 0.73132
1 0.116892 0.765565 0.0828419 0.0749985 0.727011
1 0.546296 0.616466 0.109928 0.0425958 0.721925
1 0.978334 0.517888 0.043332 0.0554774 0.720246
2 0.036258 0.554187 0.0304103 0.0760404 0.719061
2 0.256959 0.176418 0.0938842 0.0463672 0.710746
2 0.0431421 0.490719 0.035709 0.0759466 0.700366
2 0.261398 0.129421 0.0916737 0.0412743 0.688182
2 0.694971 0.303492 0.0465233 0.048836 0.685746
1 0.546323 0.626367 0.110303 0.0629277 0.680834
2 0.365637 0.34206 0.0572023 0.051953 0.673818
2 0.052101 0.429852 0.0307096 0.0816308 0.668287
1 0.017076 0.736051 0.034152 0.146771 0.66416
1 0.145725 0.437603 0.0800373 0.0562752 0.6561
2 0.293048 0.701898 0.0462746 0.0705907 0.653354
2 0.628327 0.243675 0.0796692 0.0433942 0.649022
2 0.812017 0.351821 0.0833529 0.0537438 0.648639
1 0.811734 0.352004 0.0858274 0.0518316 0.646604
1 0.634458 0.342774 0.0821879 0.052827 0.644784
2 0.94538 0.589561 0.0464781 0.0421386 0.640746
2 0.637565 0.397325 0.0821808 0.0539704 0.632566
2 0.315927 0.340462 0.0404185 0.0510796 0.627278
2 0.301553 0.574711 0.0454788 0.0684863 0.624583
2 0.349405 0.702161 0.0691875 0.0687337 0.622843
2 0.0910103 0.157311 0.0303452 0.0588857 0.610244
2 0.752405 0.765215 0.11452 0.0773568 0.592981
1 0.158817 0.323599 0.0802246 0.0533512 0.571083
2 0.297315 0.636442 0.041691 0.0574938 0.566226
1 0.816974 0.404292 0.0861655 0.0522398 0.565945
2 0.304953 0.510975 0.0458573 0.0596888 0.563105
2 0.740656 0.304781 0.0514455 0.051099 0.547444
2 0.631703 0.290687 0.08141 0.0523764 0.542545
2 0.1529 0.380091 0.0817682 0.0556576 0.541026
2 0.752579 0.748742 0.112057 0.0448616 0.537335
2 0.35251 0.637734 0.0667123 0.0584935 0.532897
1 0.823858 0.458821 0.0876463 0.0551952 0.532624
2 0.823818 0.458701 0.0867451 0.055209 0.519428
2 0.0683059 0.312195 0.0311063 0.0691746 0.516239
