2 0.740501 0.28829 0.170353 0.0990291 0.9098
2 0.743879 0.186413 0.17088 0.101245 0.901868
2 0.738797 0.390561 0.167707 0.0975553 0.883026
2 0.746306 0.0844744 0.169572 0.097381 0.879913
0 0.619279 0.387125 0.0772443 0.0954748 0.849935
2 0.630624 0.0186537 0.0746229 0.0373075 0.84301
2 0.620653 0.287727 0.0728781 0.0966906 0.835714
2 0.626722 0.0885678 0.0737475 0.0976651 0.828463
2 0.0236129 0.11641 0.0470106 0.195473 0.786742
2 0.229839 0.137441 0.261273 0.182221 0.786421
2 0.736247 0.491437 0.167261 0.101523 0.762548
1 0.578005 0.187652 0.0202968 0.0956475 0.759946
2 0.735636 0.592306 0.16476 0.103888 0.748467
2 0.0199403 0.307148 0.0398806 0.18682 0.67188
2 0.754017 0.0156436 0.166449 0.0312872 0.664321
2 0.128981 0.504341 0.197273 0.192074 0.662266
1 0.580009 0.0894567 0.0234491 0.0996978 0.658276
1 0.623322 0.188988 0.0727503 0.095924 0.6547
2 0.774741 0.592728 0.0871145 0.102524 0.603089
2 0.221835 0.0199169 0.23917 0.0398339 0.513656
