2 0.733803 0.550967 0.163125 0.116722 0.90755
2 0.744583 0.432609 0.161561 0.11681 0.898563
2 0.954411 0.55698 0.0905841 0.129468 0.877605
2 0.958942 0.418062 0.0821152 0.134449 0.859724
1 0.864284 0.555627 0.108958 0.129756 0.856612
1 0.377156 0.378716 0.0474669 0.0838528 0.841964
2 0.950194 0.688377 0.0943868 0.125163 0.837131
1 0.874386 0.423351 0.110108 0.128648 0.823326
2 0.106401 0.368313 0.0487239 0.0626337 0.818257
2 0.172788 0.360182 0.0601588 0.062431 0.808943
2 0.0966604 0.484076 0.052279 0.0584142 0.807981
2 0.641243 0.44385 0.063664 0.107025 0.806431
2 0.965829 0.285214 0.0679451 0.13795 0.796094
2 0.7024 0.658284 0.207686 0.0953727 0.792586
1 0.90798 0.0604694 0.125318 0.120939 0.787592
1 0.897392 0.168564 0.125139 0.146558 0.770775
2 0.158218 0.545681 0.0626834 0.0626073 0.770277
1 0.887819 0.293199 0.118075 0.143337 0.756724
1 0.975491 0.134866 0.0488771 0.174415 0.750165
2 0.110584 0.31211 0.0499223 0.0647248 0.742298
1 0.384597 0.296733 0.0502369 0.0864688 0.737994
2 0.16698 0.422583 0.0620351 0.0610763 0.737493
1 0.290349 0.250949 0.03167 0.076393 0.685719
1 0.583588 0.173813 0.0361948 0.0992283 0.685408
2 0.091147 0.541509 0.0552323 0.0585339 0.684236
2 0.412449 0.374131 0.0335137 0.0901296 0.676552
1 0.393507 0.21887 0.0507947 0.0893574 0.667836
2 0.430353 0.457514 0.0822994 0.0936313 0.666883
1 0.615329 0.166758 0.034728 0.103157 0.663943
2 0.754072 0.316034 0.161724 0.138484 0.663241
1 0.67708 0.127594 0.0502961 0.142295 0.652756
2 0.453065 0.281949 0.0423799 0.092533 0.647971
2 0.420221 0.290714 0.0335175 0.0893753 0.645418
1 0.650073 0.335869 0.0660303 0.109766 0.636789
1 0.980104 0.0478323 0.0397923 0.0956646 0.612284
2 0.564148 0.552217 0.0822649 0.0950057 0.603667
2 0.176694 0.300005 0.0577266 0.0609055 0.588051
1 0.264189 0.466514 0.0218241 0.0699035 0.572308
1 0.434374 0.12341 0.0340679 0.0966041 0.570558
2 0.101494 0.426596 0.0513952 0.0615655 0.565064
1 0.371761 0.46624 0.0476644 0.0934383 0.564767
1 0.587679 0.0826338 0.0469499 0.0977213 0.551395
1 0.888274 0.0597125 0.0847243 0.119091 0.541727
2 0.506707 0.454476 0.086302 0.0972008 0.5343
