1 0.674495 0.403699 0.0587368 0.0429727 0.895513
1 0.372641 0.638495 0.0624372 0.036773 0.892447
1 0.374629 0.49807 0.0601727 0.0461896 0.891989
1 0.373116 0.595735 0.0618377 0.0473172 0.890485
1 0.61422 0.442675 0.0595486 0.0440904 0.890483
2 0.44476 0.549979 0.0802936 0.047456 0.888154
1 0.379119 0.358448 0.0620071 0.0430079 0.886682
1 0.724311 0.535691 0.0345791 0.0435473 0.886604
1 0.377418 0.404669 0.0591769 0.0439663 0.885875
1 0.613458 0.486194 0.0610706 0.0437105 0.885138
1 0.724079 0.492224 0.0345453 0.0442003 0.883223
1 0.373563 0.546527 0.0610588 0.0478646 0.881303
2 0.675158 0.533312 0.0595051 0.0442846 0.8801
1 0.375658 0.451773 0.0591959 0.0439559 0.880012
1 0.613568 0.315615 0.0569651 0.0437718 0.878841
1 0.614425 0.39963 0.0587275 0.0434828 0.876903
2 0.676074 0.36071 0.0633416 0.0424655 0.874347
1 0.613073 0.272755 0.0571421 0.0416513 0.87292
1 0.61339 0.231212 0.0567059 0.0420122 0.871277
2 0.443275 0.597499 0.0774973 0.044762 0.869765
2 0.561958 0.311156 0.0471947 0.0420251 0.867386
1 0.675246 0.57811 0.0582762 0.0423898 0.867168
1 0.613908 0.357666 0.0577445 0.0443464 0.863364
2 0.6763 0.318812 0.0643261 0.0413433 0.861749
1 0.723594 0.448577 0.0354328 0.0443817 0.86
2 0.67536 0.489218 0.059783 0.0442581 0.859645
1 0.723553 0.579504 0.0349674 0.0425653 0.858896
2 0.56184 0.26922 0.0464537 0.0433659 0.858819
2 0.561871 0.35409 0.0468866 0.0455128 0.857684
2 0.559045 0.483684 0.0448234 0.0445988 0.853906
2 0.562009 0.22661 0.0464191 0.0412544 0.851979
1 0.517925 0.0977298 0.0497484 0.0428648 0.850689
2 0.445426 0.410782 0.0754103 0.0445045 0.850472
2 0.445884 0.456501 0.0791601 0.0445695 0.848316
2 0.561424 0.397483 0.0459327 0.0418903 0.846586
2 0.675235 0.276844 0.0649498 0.0411389 0.846254
2 0.445228 0.502634 0.0800673 0.0460662 0.844327
2 0.557343 0.614558 0.045562 0.0455111 0.843864
1 0.723725 0.405925 0.038236 0.0390941 0.843584
1 0.516243 0.412136 0.0423265 0.044631 0.841742
2 0.55826 0.569624 0.0450584 0.0440519 0.841231
2 0.204089 0.793734 0.0392532 0.0552304 0.839375
1 0.517237 0.274784 0.0414441 0.0431941 0.838745
1 0.447777 0.364415 0.0717718 0.0457819 0.836846
1 0.767195 0.43032 0.0433517 0.0429097 0.836572
2 0.558496 0.526795 0.0443661 0.0429647 0.832686
1 0.516167 0.365937 0.0428586 0.0452242 0.832499
2 0.673606 0.23496 0.0621879 0.0411022 0.83097
2 0.769505 0.513383 0.0469227 0.038071 0.830507
1 0.817415 0.43288 0.0529129 0.0375895 0.830366
2 0.770357 0.552911 0.0491608 0.0383678 0.827777
2 0.560118 0.440047 0.0450881 0.042298 0.827712
2 0.899539 0.859656 0.0850143 0.0633438 0.826936
1 0.817733 0.473613 0.0527033 0.0385 0.821314
2 0.555416 0.656105 0.0440765 0.0366252 0.820623
2 0.435604 0.640625 0.0588972 0.0382026 0.819193
1 0.516238 0.318833 0.0421831 0.0450256 0.817712
1 0.517406 0.142681 0.0485699 0.0429902 0.817165
1 0.513735 0.459035 0.04545 0.0479139 0.816034
1 0.325085 0.638692 0.0328281 0.0337335 0.815199
2 0.770232 0.593265 0.0488825 0.0407639 0.813272
1 0.517819 0.230385 0.0412998 0.0447743 0.806669
2 0.889213 0.518964 0.0361393 0.0415046 0.804909
1 0.512237 0.507932 0.0478167 0.0523964 0.804287
2 0.768163 0.473051 0.0443626 0.0396901 0.803583
2 0.204762 0.736179 0.0389793 0.0583661 0.80162
2 0.511822 0.604829 0.04396 0.0515783 0.799065
2 0.67495 0.445849 0.0589439 0.042573 0.796635
1 0.325721 0.598267 0.032775 0.0468987 0.795765
1 0.326358 0.551194 0.0327485 0.0525107 0.792374
1 0.51789 0.186454 0.0442186 0.04449 0.785378
2 0.203208 0.847495 0.0390427 0.0486411 0.783412
1 0.32789 0.502917 0.0318959 0.0506461 0.78106
2 0.511782 0.555656 0.0458338 0.05159 0.779218
2 0.819543 0.514068 0.052804 0.038295 0.774743
2 0.821104 0.553666 0.0510701 0.0375098 0.772423
2 0.061116 0.735189 0.0424465 0.0613981 0.769829
1 0.723424 0.617741 0.0343036 0.0322772 0.767115
2 0.889774 0.560988 0.0377247 0.0384391 0.760812
1 0.873726 0.474684 0.0538164 0.0378727 0.746709
2 0.859148 0.556398 0.0238112 0.0377455 0.736314
2 0.859831 0.595495 0.0229225 0.0392773 0.731582
1 0.612929 0.529593 0.0629477 0.0455937 0.716651
2 0.0616753 0.79906 0.0363692 0.0599568 0.714111
1 0.598011 0.617774 0.0325065 0.0458548 0.71394
1 0.328479 0.456577 0.0321129 0.0479297 0.706065
2 0.821568 0.595068 0.0515215 0.0414335 0.678028
2 0.131831 0.793424 0.106744 0.0620073 0.6535
2 0.13343 0.73287 0.10365 0.0611477 0.645055
2 0.156884 0.846896 0.0543372 0.0484177 0.637644
2 0.310199 0.366971 0.0737764 0.0480856 0.635272
2 0.8907 0.601982 0.0379959 0.041106 0.63202
2 0.675069 0.61973 0.0581775 0.0398998 0.59886
2 0.857687 0.516792 0.0214813 0.0381806 0.572062
1 0.630406 0.61898 0.0276718 0.0449448 0.568757
2 0.514968 0.650885 0.0342136 0.0433676 0.567022
1 0.630393 0.575369 0.0280867 0.0444834 0.55726
1 0.599424 0.573533 0.0357018 0.0446019 0.552236
1 0.48364 0.300901 0.0153656 0.0734891 0.513563
1 0.483335 0.24659 0.0136676 0.0606131 0.505683
