2 0.53865 0.521707 0.0786585 0.0557354 0.899922
2 0.952255 0.171465 0.0533813 0.0722025 0.898539
2 0.540876 0.409935 0.0800824 0.0570601 0.897632
2 0.953235 0.243944 0.054413 0.0762926 0.893145
2 0.541724 0.354617 0.0801245 0.0583952 0.887681
2 0.954015 0.318532 0.0556486 0.0743352 0.88701
2 0.864559 0.254392 0.124892 0.0832081 0.886152
2 0.8652 0.324955 0.124493 0.0783879 0.885382
2 0.539913 0.465089 0.0793978 0.0559974 0.882174
2 0.951026 0.101219 0.0526117 0.0698511 0.880813
2 0.864708 0.397629 0.122314 0.0743189 0.880265
2 0.862764 0.183617 0.122924 0.0877228 0.87929
2 0.86247 0.116071 0.121867 0.0878942 0.875681
2 0.953958 0.393172 0.0548025 0.0737359 0.875032
2 0.424804 0.462647 0.05163 0.0475707 0.87299
2 0.543214 0.298956 0.0804581 0.0588803 0.872853
2 0.949087 0.0349939 0.0524706 0.0642727 0.866392
2 0.750017 0.453759 0.0982616 0.067543 0.864555
2 0.158683 0.540737 0.0455293 0.033212 0.859334
2 0.746543 0.519809 0.102169 0.0611543 0.855809
2 0.157676 0.570468 0.045125 0.0311639 0.854444
2 0.466636 0.511661 0.0322371 0.0494769 0.848901
2 0.467155 0.459107 0.0315213 0.0488823 0.844211
2 0.863449 0.468967 0.118776 0.0688809 0.843708
2 0.424239 0.51249 0.0512616 0.0480126 0.841655
2 0.750118 0.387178 0.101004 0.0674366 0.835652
2 0.75006 0.260672 0.100147 0.0688242 0.833558
2 0.954289 0.468258 0.0536133 0.0666003 0.827248
2 0.68415 0.27854 0.0336992 0.0581316 0.820948
2 0.312281 0.515773 0.049369 0.0441728 0.818727
2 0.684565 0.396052 0.034318 0.0583365 0.816678
2 0.683907 0.337251 0.0320086 0.0587772 0.815008
2 0.423395 0.563978 0.0508844 0.0480344 0.812793
2 0.861532 0.0491054 0.121512 0.0800801 0.810329
2 0.159181 0.509724 0.0455502 0.0335401 0.807421
2 0.465762 0.565302 0.0330063 0.0506103 0.799175
2 0.641146 0.529498 0.0497126 0.0385775 0.792325
2 0.536612 0.57816 0.0738333 0.0533235 0.790419
2 0.885404 0.0472843 0.0735596 0.0759544 0.787355
2 0.749642 0.323709 0.101546 0.0700671 0.762308
2 0.829343 0.0602926 0.0566261 0.0677521 0.755229
2 0.254818 0.518655 0.0389765 0.0289744 0.72353
2 0.991409 0.480919 0.0171815 0.0393105 0.721699
2 0.157361 0.600638 0.0437066 0.0301027 0.720775
2 0.312523 0.470332 0.050268 0.0426325 0.72051
2 0.318218 0.56177 0.0356281 0.0444471 0.718613
2 0.254302 0.546104 0.0385969 0.0279649 0.716222
2 0.988033 0.0359836 0.0239342 0.0456312 0.703848
2 0.383103 0.430955 0.033572 0.0364913 0.703317
2 0.990253 0.325176 0.0194948 0.0583557 0.698785
2 0.597704 0.57443 0.0327541 0.0435329 0.696397
2 0.642358 0.303433 0.0486103 0.0556136 0.69611
2 0.597882 0.521661 0.034992 0.054217 0.685868
2 0.641994 0.357933 0.0495924 0.0550539 0.668056
2 0.684742 0.455634 0.0333242 0.0593335 0.666997
2 0.598163 0.463543 0.0350792 0.0572941 0.662739
2 0.600498 0.29443 0.0341319 0.0555595 0.658408
2 0.3828 0.471993 0.0321735 0.0424262 0.645521
2 0.352674 0.469356 0.0283195 0.0440203 0.64141
0 0.25392 0.574816 0.0381071 0.0294406 0.627207
2 0.9905 0.392186 0.0190001 0.0746872 0.623883
2 0.989759 0.244311 0.020481 0.0697472 0.617275
2 0.988459 0.105496 0.0230818 0.0476341 0.615961
2 0.352805 0.513827 0.0276339 0.04653 0.608482
2 0.422676 0.616384 0.0497616 0.0482727 0.57689
2 0.989285 0.177181 0.0214303 0.0532948 0.576231
2 0.641343 0.468889 0.0504971 0.0585757 0.569925
2 0.599376 0.350214 0.0342217 0.0548441 0.559707
2 0.382702 0.518631 0.03101 0.0435605 0.555446
2 0.59863 0.40604 0.0345547 0.0552322 0.541976
2 0.4641 0.61828 0.0333382 0.0504935 0.538422
2 0.625915 0.357998 0.0829397 0.0564642 0.536545
2 0.352168 0.429289 0.027838 0.0354129 0.511881
