2 0.713425 0.569301 0.0821727 0.0737399 0.878339
2 0.460767 0.492291 0.0637025 0.0686901 0.862079
2 0.703348 0.498072 0.0770756 0.068231 0.854743
1 0.463964 0.426362 0.0582113 0.0685063 0.848833
1 0.763076 0.502053 0.0572544 0.0686959 0.847646
1 0.748894 0.439238 0.0635369 0.0604597 0.847559
1 0.73822 0.38203 0.0606533 0.0583347 0.839523
1 0.685452 0.377325 0.0620161 0.0610943 0.829837
2 0.583612 0.56704 0.180283 0.0792029 0.823244
1 0.693142 0.432824 0.0709883 0.0561163 0.822609
1 0.72802 0.328375 0.058283 0.0493484 0.813111
1 0.404291 0.439177 0.0664856 0.0895593 0.764696
1 0.681033 0.271888 0.0286214 0.0453443 0.733179
1 0.574398 0.309354 0.0195267 0.0235914 0.683997
2 0.548556 0.492032 0.110757 0.0708753 0.664222
1 0.607431 0.228297 0.0395683 0.0600367 0.659049
1 0.717157 0.26606 0.0503914 0.0710408 0.656793
1 0.528278 0.282494 0.0186925 0.0185497 0.637156
1 0.461417 0.569887 0.0631949 0.0783821 0.625311
1 0.619209 0.312519 0.0195404 0.0221229 0.621796
1 0.675894 0.239732 0.0253388 0.0527099 0.612933
1 0.707148 0.224061 0.0454712 0.0513048 0.607881
1 0.581772 0.270026 0.0118909 0.0187103 0.60738
1 0.657227 0.255089 0.0182395 0.0440616 0.605054
1 0.582645 0.244437 0.013899 0.03121 0.590185
1 0.527452 0.303557 0.0209635 0.0226308 0.576327
1 0.507105 0.3008 0.0215263 0.0212225 0.571967
1 0.574823 0.288164 0.0179954 0.0189276 0.568798
1 0.772589 0.572987 0.0537147 0.0722781 0.566087
1 0.590605 0.289481 0.0143776 0.0192047 0.555418
2 0.554962 0.566518 0.122947 0.0811323 0.554271
1 0.637582 0.313133 0.0185232 0.0213169 0.54691
1 0.55167 0.307114 0.0277891 0.0244662 0.54654
1 0.676472 0.330598 0.0579385 0.0387454 0.517137
1 0.370941 0.345547 0.0169265 0.0508332 0.504675
1 0.640624 0.180519 0.030697 0.0537348 0.503994
0 0.247343 0.55753 0.0176872 0.026354 0.503949
