2 0.313971 0.4488 0.0752915 0.0671284 0.747233
2 0.726384 0.439366 0.276594 0.109235 0.713365
1 0.563489 0.793011 0.0356445 0.0737162 0.703171
1 0.528147 0.789685 0.0323403 0.0773067 0.68342
1 0.901846 0.617706 0.037487 0.0792908 0.631058
1 0.939722 0.617604 0.0362554 0.0793631 0.629147
1 0.563279 0.774705 0.0349339 0.0503307 0.620138
1 0.939803 0.437619 0.0384636 0.0802764 0.611309
2 0.292972 0.622534 0.128788 0.0878851 0.580349
1 0.551281 0.279125 0.0342199 0.0777772 0.545698
2 0.709267 0.079514 0.312991 0.131449 0.523073
