1 0.742585 0.613771 0.0621446 0.0943938 0.860684
1 0.68183 0.50426 0.0451627 0.0891389 0.848842
1 0.269409 0.510805 0.128477 0.174484 0.843307
1 0.460184 0.54882 0.103318 0.140855 0.838117
1 0.119398 0.818497 0.152445 0.113857 0.820278
1 0.128093 0.501971 0.147402 0.174325 0.81612
1 0.727631 0.420695 0.0611748 0.0968689 0.81609
1 0.449546 0.0558601 0.0905544 0.106813 0.809882
1 0.747604 0.704356 0.0622993 0.0862804 0.805075
1 0.963514 0.780285 0.0390556 0.0555736 0.800952
0 0.369365 0.695808 0.0826311 0.145491 0.800649
1 0.454272 0.296318 0.0988229 0.13941 0.790958
0 0.371449 0.541181 0.0717954 0.152401 0.789946
1 0.869891 0.784212 0.0254469 0.0492404 0.782486
2 0.958188 0.719839 0.0388855 0.0623113 0.766877
2 0.949971 0.653012 0.037376 0.0622485 0.757194
1 0.120928 0.672964 0.153359 0.181417 0.743581
1 0.783387 0.524829 0.0402004 0.082507 0.7307
1 0.663663 0.228129 0.0448874 0.0862309 0.724573
1 0.721503 0.331651 0.0602741 0.0894596 0.719437
1 0.623933 0.290838 0.0500708 0.098724 0.718586
2 0.875036 0.574689 0.0283306 0.0737357 0.717083
1 0.676493 0.411646 0.0452539 0.0985305 0.71577
1 0.893759 0.785757 0.0263046 0.0507995 0.707235
1 0.264838 0.680946 0.127133 0.165353 0.70355
1 0.789657 0.616374 0.0390931 0.0926814 0.702165
1 0.617587 0.200594 0.0478409 0.103529 0.691627
1 0.653334 0.804583 0.0505562 0.0789056 0.689549
1 0.762017 0.795106 0.0455589 0.0698989 0.67937
1 0.132608 0.337585 0.145826 0.17171 0.676216
1 0.464198 0.689464 0.104075 0.135624 0.672617
1 0.541127 0.565794 0.0583861 0.128559 0.665293
1 0.629663 0.392807 0.0513699 0.105178 0.662361
0 0.878319 0.393656 0.0235161 0.0682078 0.660562
0 0.904034 0.649948 0.0231915 0.0666626 0.650246
1 0.634564 0.490485 0.0496191 0.101525 0.642995
1 0.542438 0.0951104 0.09369 0.0999892 0.617798
1 0.457694 0.421285 0.101092 0.131493 0.607212
0 0.910576 0.71803 0.0239845 0.0632991 0.602931
1 0.698973 0.801493 0.045678 0.0742857 0.602602
2 0.944755 0.590407 0.0372425 0.0587189 0.586399
1 0.842126 0.787095 0.0297155 0.0528361 0.560973
2 0.936417 0.526424 0.0371281 0.0662897 0.537458
1 0.554812 0.806417 0.0671206 0.0742562 0.52005
