2 0.350641 0.623013 0.218533 0.170018 0.863085
1 0.778921 0.798117 0.0919787 0.172889 0.839424
1 0.653038 0.273764 0.106432 0.155875 0.838651
2 0.330727 0.295345 0.106299 0.146614 0.82496
1 0.535008 0.123951 0.120547 0.164719 0.821791
1 0.435657 0.142658 0.0900194 0.153026 0.817547
1 0.337498 0.147532 0.107187 0.151669 0.814017
2 0.543007 0.445148 0.120595 0.174326 0.794479
2 0.0964005 0.928936 0.19272 0.142129 0.791277
2 0.656729 0.441786 0.114781 0.174687 0.768743
2 0.600486 0.618405 0.246089 0.175414 0.762126
2 0.428825 0.290214 0.0937688 0.150068 0.757179
1 0.246446 0.300574 0.0602554 0.147328 0.726759
2 0.766885 0.266878 0.112177 0.14893 0.712853
2 0.380532 0.450536 0.162067 0.176065 0.657432
2 0.774574 0.617147 0.0875231 0.181614 0.635993
1 0.536149 0.28095 0.132427 0.154584 0.626547
2 0.60344 0.796566 0.249709 0.172434 0.621479
2 0.401867 0.454596 0.11552 0.168556 0.544897
1 0.221996 0.452919 0.0640623 0.159043 0.525648
