2 0.62618 0.729577 0.295008 0.140087 0.887055
2 0.879602 0.356143 0.0715706 0.0980675 0.886424
2 0.62464 0.958376 0.305015 0.0832475 0.874414
2 0.62857 0.854194 0.304462 0.13865 0.87313
2 0.868741 0.267163 0.0678928 0.0958963 0.868822
2 0.622421 0.607485 0.285557 0.155356 0.866862
2 0.310288 0.939858 0.267774 0.120109 0.864967
2 0.888995 0.451833 0.0703445 0.103753 0.862875
2 0.861063 0.185796 0.0634983 0.0849909 0.861499
2 0.954294 0.274679 0.0914127 0.102327 0.856215
2 0.913427 0.655118 0.0812538 0.109887 0.855545
2 0.959978 0.361524 0.0800434 0.10222 0.848896
2 0.964978 0.455424 0.0700445 0.108525 0.845033
2 0.948204 0.190641 0.102504 0.0992454 0.842669
2 0.285327 0.555012 0.335666 0.149414 0.838148
2 0.262881 0.80853 0.370394 0.14414 0.83541
2 0.900292 0.548547 0.076096 0.107639 0.831021
2 0.271677 0.674225 0.35489 0.148381 0.828557
2 0.796705 0.375916 0.10488 0.0985321 0.826351
2 0.805136 0.478382 0.105475 0.111764 0.821548
2 0.581765 0.173409 0.186997 0.124429 0.81732
2 0.775349 0.105987 0.0977882 0.0699558 0.817241
1 0.0396517 0.950652 0.0793034 0.0986954 0.80696
2 0.579619 0.0825703 0.186847 0.123995 0.799356
2 0.781845 0.189708 0.0967796 0.0738399 0.785134
2 0.97173 0.555653 0.0563316 0.112516 0.784593
2 0.0461027 0.809462 0.0922053 0.147057 0.780551
2 0.699483 0.214777 0.0790434 0.112629 0.777254
2 0.291622 0.438443 0.327212 0.137622 0.776321
2 0.789403 0.281293 0.100479 0.0982433 0.762064
2 0.700827 0.13843 0.0626011 0.0947531 0.760621
2 0.854163 0.119644 0.0649067 0.0782119 0.730627
2 0.619737 0.389989 0.26692 0.160523 0.717345
2 0.923974 0.766138 0.0841141 0.111805 0.713362
2 0.942957 0.118852 0.113634 0.091905 0.704507
2 0.621506 0.495311 0.274011 0.153545 0.678445
2 0.818904 0.66888 0.113602 0.066508 0.678347
2 0.296906 0.334633 0.314909 0.132799 0.668983
2 0.976138 0.654617 0.0477234 0.111098 0.656785
2 0.617638 0.271924 0.260501 0.142759 0.655335
2 0.198772 0.212289 0.081525 0.1048 0.652552
2 0.696493 0.0684405 0.0623835 0.0725282 0.652083
2 0.703115 0.304313 0.0812977 0.128056 0.604993
2 0.188081 0.31829 0.0908088 0.0981597 0.595331
2 0.053117 0.65898 0.106234 0.144315 0.578545
2 0.828954 0.785627 0.113087 0.0702501 0.559095
2 0.61802 0.330044 0.261734 0.243757 0.557202
2 0.744393 0.876124 0.0659766 0.121257 0.532338
2 0.0684272 0.42917 0.135812 0.0976395 0.510402
