2 0.22906 0.486723 0.075648 0.0923321 0.91285
1 0.434456 0.420855 0.0543777 0.0921705 0.906371
2 0.147978 0.482758 0.0775143 0.0914755 0.88878
2 0.30415 0.495308 0.0688199 0.0832653 0.888111
1 0.152161 0.381956 0.0788357 0.102281 0.888013
2 0.372674 0.500955 0.0618562 0.0817315 0.883825
2 0.593716 0.613744 0.0423444 0.0689681 0.882396
1 0.373673 0.41081 0.0615391 0.0940164 0.877869
1 0.230935 0.389079 0.0746748 0.106869 0.872334
2 0.433632 0.506607 0.0527464 0.0741289 0.869833
1 0.30544 0.397052 0.0709557 0.0976277 0.868989
2 0.48758 0.511588 0.0497444 0.0809601 0.864998
1 0.487486 0.426603 0.0484698 0.0877611 0.858236
2 0.594538 0.540457 0.0422989 0.0685767 0.852783
2 0.814539 0.574742 0.0264702 0.0525472 0.850301
1 0.594372 0.466111 0.0412969 0.0767879 0.84959
2 0.4864 0.595568 0.0478872 0.0823274 0.848007
1 0.778618 0.512709 0.0420607 0.0624994 0.829866
2 0.778264 0.574721 0.0416912 0.0572085 0.829008
2 0.91869 0.579633 0.0280029 0.0372385 0.828511
2 0.813591 0.619662 0.0262422 0.0304296 0.798872
2 0.84196 0.577317 0.0272276 0.0526161 0.79676
2 0.433874 0.56655 0.0518037 0.0359273 0.792761
2 0.918294 0.617645 0.0285522 0.0339874 0.792655
1 0.956614 0.580218 0.046043 0.0351337 0.775856
2 0.558773 0.536091 0.0280426 0.0747223 0.757336
1 0.529548 0.458054 0.0337831 0.0830915 0.752575
2 0.841396 0.620602 0.0288895 0.0270561 0.748878
2 0.892819 0.58002 0.0222778 0.0477409 0.737121
2 0.868908 0.579994 0.0252808 0.0494996 0.735745
2 0.892749 0.621685 0.0217453 0.0287738 0.733605
2 0.715615 0.600015 0.0328885 0.02768 0.730902
2 0.716293 0.551688 0.032786 0.0602402 0.725176
1 0.560535 0.460152 0.0262529 0.0782352 0.715467
1 0.557513 0.61139 0.0302763 0.068885 0.688918
2 0.678658 0.598404 0.0385998 0.0279957 0.674461
2 0.656762 0.547236 0.0822657 0.0680429 0.660434
2 0.372522 0.56012 0.0641043 0.0300611 0.657425
1 0.951216 0.616348 0.0362415 0.0342519 0.648058
2 0.744061 0.599274 0.0219793 0.0286308 0.604665
1 0.963109 0.581421 0.0411255 0.0339357 0.588067
2 0.529269 0.533301 0.0327638 0.0775447 0.573934
2 0.636841 0.615365 0.0413623 0.0671199 0.544261
1 0.526331 0.608171 0.0341148 0.0710054 0.540912
2 0.678883 0.547874 0.0373489 0.0650932 0.539626
1 0.969618 0.581638 0.0283924 0.0346531 0.536023
2 0.744338 0.555766 0.0204784 0.0546161 0.523231
1 0.745481 0.491965 0.0220504 0.0680676 0.510573
1 0.814522 0.515659 0.025759 0.061988 0.509808
