1 0.222379 0.55883 0.0479441 0.0235405 0.769553
1 0.231875 0.317955 0.0465002 0.0255543 0.760284
1 0.231036 0.337795 0.0457542 0.0239095 0.71402
1 0.233698 0.28022 0.0467937 0.025009 0.706993
1 0.232601 0.29932 0.0466757 0.0242467 0.688987
1 0.435582 0.637703 0.043284 0.0265184 0.679001
1 0.230041 0.356476 0.0443422 0.0229607 0.667873
1 0.222908 0.538456 0.048413 0.0239425 0.641956
1 0.189178 0.209317 0.0526771 0.0395096 0.613103
1 0.224046 0.517792 0.0484244 0.0229464 0.607003
1 0.234385 0.262378 0.0462469 0.0248905 0.605342
1 0.436032 0.660748 0.0425153 0.0198513 0.59206
1 0.393265 0.636463 0.0402646 0.0289866 0.564011
1 0.228726 0.375386 0.0443025 0.0216812 0.553454
1 0.435563 0.613124 0.0448526 0.0239557 0.553121
1 0.435015 0.447341 0.0481373 0.0251315 0.54869
1 0.696247 0.275334 0.0515553 0.026593 0.547317
1 0.435221 0.470226 0.0474343 0.0230564 0.52611
1 0.391363 0.590531 0.0388746 0.0263954 0.521345
1 0.628778 0.209405 0.0751823 0.0267278 0.518337
