1 0.741445 0.733275 0.101307 0.0670293 0.873572
1 0.750573 0.870809 0.103106 0.0691289 0.872559
1 0.737895 0.665872 0.0996182 0.0710139 0.841897
1 0.826337 0.952617 0.0492205 0.0947663 0.82013
1 0.74499 0.801308 0.103237 0.0676382 0.817628
1 0.756344 0.953011 0.115159 0.0939773 0.810811
1 0.665812 0.741968 0.0520477 0.0666811 0.806024
1 0.538054 0.462609 0.023127 0.0663429 0.789118
1 0.541792 0.56224 0.0237674 0.0658394 0.78851
1 0.669222 0.807432 0.0555624 0.0647956 0.786381
1 0.819363 0.867694 0.0454747 0.0707647 0.784329
1 0.540258 0.511223 0.0232385 0.0667879 0.780657
1 0.561608 0.960567 0.044278 0.0788661 0.77082
1 0.543387 0.615437 0.0223797 0.0672454 0.769664
1 0.536713 0.413185 0.0215933 0.0638834 0.767867
1 0.535676 0.365512 0.0209808 0.0631404 0.748281
1 0.534075 0.319468 0.0206884 0.0656303 0.732563
1 0.563874 0.384692 0.0342806 0.0794144 0.720562
1 0.533265 0.271442 0.0205694 0.0628002 0.719423
1 0.562118 0.332792 0.0340313 0.0809373 0.717111
1 0.532215 0.225085 0.021266 0.0644266 0.704327
1 0.559505 0.887455 0.0433557 0.069741 0.664403
1 0.80055 0.420264 0.0801039 0.166749 0.654791
1 0.65486 0.955562 0.0530603 0.0888762 0.617549
1 0.560742 0.283637 0.0342576 0.0848196 0.60589
1 0.53172 0.17976 0.0214361 0.0706287 0.585301
1 0.565645 0.435361 0.0341922 0.0803075 0.577136
1 0.543854 0.671675 0.022619 0.0680888 0.519751
