2 0.298155 0.64066 0.0586733 0.0424882 0.896861
2 0.300154 0.470313 0.0552948 0.0391143 0.890895
1 0.301435 0.388941 0.0555793 0.0398186 0.888243
2 0.297725 0.682677 0.058255 0.0413731 0.886402
1 0.593883 0.469055 0.0212158 0.0243205 0.886032
1 0.301653 0.347086 0.0554621 0.0396958 0.882078
2 0.29888 0.5982 0.0576279 0.0406903 0.879132
2 0.299145 0.512561 0.0566432 0.0412033 0.879113
1 0.687848 0.625789 0.0187887 0.0305211 0.876581
2 0.298841 0.555684 0.0573755 0.0412063 0.875349
1 0.687857 0.65787 0.0190954 0.0344937 0.87359
2 0.297674 0.727621 0.0579505 0.0472928 0.873028
1 0.300685 0.430248 0.0563858 0.0380496 0.872069
1 0.244495 0.388708 0.0510366 0.0393109 0.869222
1 0.687722 0.595137 0.0194224 0.0292439 0.868393
1 0.244523 0.345587 0.0505176 0.0428842 0.864818
1 0.594199 0.493242 0.0207094 0.0247978 0.864699
1 0.30195 0.306276 0.0544883 0.0395496 0.86423
2 0.244103 0.470201 0.0500029 0.0389026 0.864041
2 0.243547 0.512487 0.0500521 0.0411837 0.863289
2 0.242835 0.641038 0.0511556 0.04296 0.860569
1 0.344239 0.266824 0.0282143 0.0405708 0.859773
1 0.302803 0.264782 0.0529988 0.0406344 0.85429
2 0.24287 0.598578 0.0513382 0.0417958 0.852966
1 0.593797 0.444764 0.0212879 0.0251629 0.851974
1 0.343698 0.349889 0.0275301 0.0374019 0.85022
2 0.243165 0.555727 0.0505729 0.0420614 0.848143
2 0.341605 0.47065 0.0245702 0.0382589 0.847341
2 0.34223 0.639146 0.0288262 0.0412359 0.846302
2 0.342755 0.555082 0.0286484 0.0401634 0.845495
1 0.449573 0.797268 0.044128 0.0485016 0.84476
1 0.371189 0.432708 0.028515 0.0395825 0.842982
1 0.344214 0.308646 0.028017 0.0404936 0.842661
1 0.343091 0.389955 0.0264189 0.0399485 0.842611
2 0.342447 0.597144 0.0291355 0.0409733 0.841072
2 0.341701 0.725092 0.0284158 0.0448245 0.840933
1 0.372085 0.351129 0.0286507 0.0369682 0.838387
1 0.139003 0.407143 0.0143164 0.0403011 0.836226
2 0.342433 0.512328 0.0271957 0.0404804 0.835225
1 0.138599 0.444761 0.0138099 0.0390825 0.835221
1 0.578042 0.469505 0.0119333 0.0241276 0.835109
2 0.759453 0.564121 0.0144401 0.0296461 0.834572
2 0.341736 0.681335 0.0275857 0.0406268 0.832367
1 0.342492 0.430922 0.0255072 0.0384568 0.827341
1 0.80343 0.484403 0.0112211 0.0274295 0.825966
1 0.792845 0.456443 0.0112056 0.0287073 0.825385
1 0.758323 0.423857 0.0120186 0.0315137 0.825126
1 0.373 0.310616 0.0289233 0.0397813 0.820826
1 0.244045 0.429374 0.0505083 0.0384263 0.82073
1 0.688098 0.567143 0.0191873 0.0266714 0.820457
2 0.371234 0.555605 0.0256693 0.0400668 0.819958
2 0.242777 0.683951 0.0507217 0.0435648 0.81577
1 0.803519 0.379056 0.0126261 0.0267862 0.815012
1 0.758118 0.39589 0.011989 0.0303861 0.814104
1 0.3719 0.390996 0.0284487 0.0413923 0.813919
1 0.79294 0.483479 0.0104878 0.0274384 0.808749
2 0.371916 0.513696 0.0255483 0.0398836 0.8069
2 0.784329 0.620199 0.0122725 0.0286732 0.806647
1 0.792657 0.429443 0.0115788 0.0291147 0.805653
1 0.121813 0.483702 0.0203943 0.0359982 0.802753
2 0.772774 0.564349 0.012146 0.0292361 0.802719
1 0.121966 0.446896 0.0202705 0.039071 0.798361
2 0.784455 0.564407 0.0122456 0.0285303 0.798055
1 0.0884654 0.665011 0.0208398 0.0368706 0.79735
1 0.594038 0.517942 0.0205114 0.0250036 0.797259
2 0.759162 0.621783 0.014481 0.0290371 0.795803
2 0.372118 0.472811 0.0261308 0.0372767 0.795579
1 0.089737 0.452134 0.0220104 0.0362716 0.793179
2 0.759195 0.593626 0.0147387 0.0293504 0.792832
1 0.618311 0.493129 0.0295677 0.0240229 0.792207
1 0.758025 0.452214 0.0120091 0.0288497 0.788929
2 0.369788 0.681037 0.0267292 0.0406449 0.786537
2 0.370316 0.597557 0.0268916 0.0406784 0.785534
1 0.0884863 0.629321 0.0209176 0.0366314 0.784253
1 0.244893 0.304177 0.0512887 0.0364705 0.783478
1 0.803572 0.431277 0.0115448 0.0282762 0.783147
1 0.0899775 0.487846 0.0203691 0.0360686 0.781343
1 0.153269 0.405336 0.0162328 0.0414247 0.780301
2 0.7726 0.621395 0.0122637 0.0295255 0.778759
2 0.772811 0.593147 0.0122114 0.0294295 0.778438
2 0.369234 0.722603 0.0262803 0.0415392 0.776569
2 0.370832 0.639502 0.0276004 0.04043 0.774473
2 0.0487301 0.624948 0.024226 0.0333496 0.77391
1 0.0890705 0.594019 0.0204659 0.0371321 0.772771
1 0.618284 0.469034 0.0293403 0.0242549 0.771978
1 0.618196 0.444163 0.0286319 0.0238874 0.771109
1 0.245558 0.263713 0.0523247 0.0419368 0.76939
1 0.153111 0.444355 0.0168575 0.0376461 0.76903
1 0.769398 0.454181 0.0116118 0.0284404 0.76856
1 0.770352 0.481671 0.0123969 0.0263068 0.767073
1 0.138135 0.482361 0.0133481 0.037242 0.767027
1 0.375792 0.268986 0.0320184 0.0417373 0.76452
2 0.0483451 0.592398 0.0227863 0.0331685 0.764387
2 0.759995 0.534939 0.0134687 0.0288762 0.762065
2 0.784276 0.5924 0.0123449 0.0283013 0.760767
1 0.189475 0.436763 0.0286467 0.0407639 0.760706
1 0.803344 0.458174 0.0109373 0.0286894 0.758246
2 0.77287 0.535856 0.012262 0.0292902 0.757949
1 0.769836 0.369716 0.0123322 0.0300543 0.757622
1 0.0893139 0.55852 0.0203598 0.0357241 0.755765
2 0.672196 0.690545 0.0148368 0.0298466 0.754074
2 0.759607 0.651909 0.014526 0.031685 0.75353
1 0.578356 0.49366 0.0113842 0.0253384 0.753342
1 0.014303 0.560268 0.0181726 0.0318433 0.753093
1 0.769631 0.398636 0.0111344 0.0312895 0.752217
2 0.799347 0.564614 0.0179037 0.0279336 0.750645
1 0.710097 0.624637 0.0243198 0.0300757 0.750501
2 0.793617 0.509537 0.0105659 0.0270969 0.748979
2 0.671575 0.62667 0.0147868 0.0300139 0.747479
1 0.782024 0.482193 0.0113649 0.0278329 0.746602
1 0.781316 0.455168 0.0124346 0.0283357 0.745986
2 0.711961 0.423286 0.0780481 0.0303542 0.743135
1 0.639293 0.493399 0.0139391 0.0240913 0.743087
1 0.734917 0.594342 0.0265693 0.0301246 0.742822
1 0.803198 0.405303 0.012232 0.028438 0.742454
1 0.014698 0.496916 0.0179992 0.0337637 0.742087
2 0.671404 0.596642 0.0152085 0.0283922 0.74199
1 0.0143862 0.592149 0.0176672 0.0319983 0.739845
1 0.711952 0.594618 0.0217675 0.03076 0.739279
1 0.139563 0.369817 0.0146774 0.0366806 0.738323
1 0.758388 0.479737 0.0124063 0.0279029 0.738099
2 0.734218 0.653991 0.026425 0.0326121 0.73702
1 0.0141318 0.528406 0.0184103 0.03224 0.736506
1 0.710674 0.684419 0.0229698 0.0280787 0.735364
2 0.799265 0.592453 0.0189772 0.0276503 0.735234
2 0.784413 0.648703 0.0123151 0.0314826 0.734986
1 0.769427 0.426202 0.011204 0.0308437 0.734674
2 0.772552 0.651441 0.0123981 0.0321888 0.734507
1 0.710392 0.655097 0.0228859 0.032668 0.733593
1 0.78106 0.373181 0.0124756 0.0289945 0.73308
1 0.792275 0.375937 0.0113909 0.0276578 0.731059
1 0.639595 0.469402 0.0148386 0.0243473 0.726264
2 0.122535 0.556204 0.0164189 0.0380445 0.726204
2 0.712299 0.394215 0.0792216 0.0303259 0.725432
1 0.122039 0.409304 0.0201745 0.0394382 0.724135
1 0.0875256 0.739151 0.0210277 0.0304871 0.720069
1 0.0900924 0.522724 0.019911 0.0357915 0.718424
1 0.410187 0.40539 0.0122453 0.0183719 0.713993
1 0.639752 0.445286 0.0157943 0.0245988 0.713405
1 0.75803 0.36705 0.0117157 0.0288186 0.710894
2 0.7844 0.536282 0.0121565 0.0281878 0.705291
1 0.781141 0.401712 0.012744 0.0319938 0.702921
2 0.758854 0.683055 0.0150494 0.0302567 0.701634
2 0.771949 0.681934 0.0123323 0.0308908 0.695288
2 0.530252 0.636097 0.0123351 0.0226052 0.693129
2 0.542007 0.635972 0.0114143 0.021417 0.692774
1 0.0882575 0.702301 0.0210211 0.0376121 0.692468
1 0.012787 0.688755 0.0140622 0.0325679 0.691474
1 0.792466 0.402894 0.0115004 0.030508 0.691302
2 0.783241 0.680281 0.0132118 0.0327544 0.691039
1 0.639649 0.517783 0.0138014 0.024335 0.690978
2 0.671397 0.568286 0.0153334 0.0282773 0.690555
2 0.0489307 0.658266 0.0246654 0.0340896 0.68962
1 0.186562 0.765061 0.0296634 0.0330935 0.684693
1 0.411557 0.807924 0.0284148 0.0402191 0.68355
2 0.688213 0.688538 0.0188131 0.0291942 0.682086
1 0.813764 0.406994 0.0102429 0.0292966 0.680136
2 0.782797 0.508462 0.0107284 0.027059 0.679065
1 0.543055 0.473223 0.0164693 0.0240048 0.677844
2 0.799441 0.619756 0.0187603 0.0276539 0.677098
1 0.618043 0.517533 0.0290523 0.0241904 0.669735
1 0.813972 0.484728 0.010689 0.0279578 0.669085
2 0.541962 0.613284 0.0115568 0.0248367 0.666161
2 0.516256 0.588572 0.0123315 0.0238784 0.665079
2 0.52938 0.612854 0.0134128 0.0240584 0.663552
2 0.671725 0.659059 0.0148506 0.033807 0.663459
1 0.781088 0.427979 0.012979 0.0293796 0.66274
2 0.799399 0.647538 0.0194766 0.0306265 0.66089
2 0.803948 0.51043 0.0112061 0.0262733 0.660581
2 0.242495 0.730827 0.0505999 0.0522317 0.656727
2 0.063474 0.660031 0.010484 0.0355462 0.656172
1 0.542835 0.519355 0.0148691 0.0232896 0.6555
2 0.813737 0.56328 0.0107032 0.026005 0.654963
2 0.516486 0.635398 0.0125927 0.0216225 0.653772
1 0.563718 0.470733 0.0162122 0.0242477 0.652664
2 0.152352 0.634196 0.0206754 0.0390733 0.650147
2 0.0476755 0.559462 0.0225942 0.0332446 0.646167
1 0.594106 0.539264 0.0196247 0.0212325 0.646161
2 0.152986 0.671861 0.0218304 0.039173 0.645493
1 0.517481 0.520132 0.0153408 0.0225753 0.644049
2 0.153927 0.518319 0.0194177 0.0373931 0.643934
1 0.520133 0.475235 0.0208933 0.0240093 0.642531
2 0.528861 0.588811 0.0130303 0.0241181 0.642075
2 0.0646909 0.592505 0.0109525 0.0344001 0.638269
2 0.516194 0.612872 0.0122467 0.0243962 0.637594
1 0.54332 0.496186 0.0151937 0.022943 0.633157
1 0.0136397 0.724143 0.0154549 0.0389491 0.631009
2 0.154064 0.712965 0.0237927 0.0463892 0.630596
2 0.711046 0.367071 0.0788612 0.0285182 0.63034
2 0.153505 0.480743 0.0184659 0.0377827 0.629857
2 0.0639315 0.626469 0.0103615 0.0346544 0.629524
1 0.091017 0.416686 0.0212634 0.0397782 0.627208
2 0.541643 0.588665 0.0125937 0.0240489 0.625623
2 0.771556 0.507572 0.0122336 0.0269155 0.624778
1 0.0299099 0.729565 0.0138716 0.0380671 0.623346
1 0.13806 0.518839 0.0133882 0.0369537 0.623184
2 0.813901 0.592177 0.0109623 0.0258905 0.618454
1 0.122422 0.37223 0.0203315 0.0349398 0.614514
2 0.0648921 0.558731 0.010587 0.0342617 0.610985
2 0.152427 0.59446 0.0207666 0.0408239 0.608514
2 0.800756 0.537254 0.0147692 0.0269168 0.60828
2 0.799081 0.677127 0.0185216 0.0313061 0.605165
2 0.122435 0.519684 0.0183549 0.037092 0.605046
2 0.152039 0.556134 0.0217232 0.0403905 0.602912
2 0.813955 0.510906 0.01008 0.0259982 0.59988
1 0.563382 0.494487 0.0172686 0.0242838 0.595458
1 0.57795 0.445722 0.0117731 0.025392 0.594007
2 0.122762 0.59409 0.0150956 0.0407425 0.592912
1 0.0129262 0.656347 0.0139491 0.033618 0.591816
1 0.813257 0.380481 0.0104381 0.0284236 0.590905
1 0.0135764 0.622422 0.0152077 0.0321253 0.586837
2 0.733878 0.684891 0.0254927 0.0281276 0.58484
1 0.5171 0.658728 0.0125931 0.0226075 0.583748
2 0.063864 0.696595 0.0108993 0.0404125 0.578168
1 0.0521604 0.733486 0.015367 0.0350338 0.578108
2 0.13357 0.669351 0.0183639 0.0394186 0.575774
1 0.813877 0.433978 0.0101959 0.0287362 0.570483
1 0.0653732 0.525464 0.0106963 0.0341619 0.568678
2 0.0542748 0.695283 0.0237661 0.0394034 0.554486
2 0.136179 0.593781 0.0140326 0.0409299 0.554179
2 0.734439 0.623502 0.0261008 0.0299488 0.554179
1 0.409902 0.437026 0.0104521 0.0156227 0.55392
2 0.189639 0.555735 0.029866 0.0407142 0.550602
2 0.759309 0.50696 0.0130803 0.0261553 0.546272
1 0.615036 0.538871 0.0233757 0.0201401 0.539102
2 0.796036 0.536575 0.012623 0.0267933 0.538737
2 0.84507 0.656481 0.0132068 0.0184147 0.536316
1 0.0664719 0.493513 0.0115918 0.0346094 0.532455
2 0.135202 0.632186 0.0157556 0.0378988 0.529332
2 0.168776 0.478648 0.0124856 0.036579 0.525494
2 0.516328 0.566026 0.0124369 0.0211927 0.520118
2 0.710411 0.684469 0.0243429 0.0287504 0.519324
2 0.814003 0.673433 0.010947 0.024847 0.518147
2 0.0670496 0.592774 0.0173974 0.0342971 0.517972
0 0.945002 0.572087 0.013623 0.0222489 0.513604
2 0.13616 0.555918 0.0125243 0.0384732 0.512732
2 0.813758 0.537434 0.0122099 0.0266137 0.510976
1 0.541762 0.660757 0.0121053 0.0244689 0.510298
1 0.661534 0.471186 0.0112207 0.0230423 0.509513
1 0.417282 0.437145 0.0147553 0.0155666 0.506257
2 0.122451 0.631866 0.0144729 0.0388334 0.505706
1 0.154405 0.367241 0.0168365 0.0379662 0.503108
2 0.813949 0.644845 0.0123846 0.0280027 0.501942
