1 0.65176 0.775635 0.153964 0.190201 0.920515
1 0.645998 0.442202 0.143434 0.18282 0.91221
1 0.366011 0.424291 0.0778073 0.152766 0.910531
1 0.647439 0.601372 0.147395 0.171447 0.904449
1 0.36265 0.677819 0.0828032 0.13826 0.903732
1 0.518808 0.470351 0.10701 0.175864 0.899379
1 0.260247 0.697002 0.124067 0.140598 0.898979
1 0.364003 0.548142 0.0797315 0.144693 0.898501
1 0.643063 0.134027 0.136522 0.178747 0.896828
1 0.518082 0.62348 0.111829 0.166168 0.894114
1 0.644486 0.285726 0.140125 0.164222 0.893974
1 0.435157 0.513283 0.0638868 0.172687 0.893883
1 0.433052 0.650479 0.0618029 0.156677 0.891826
1 0.125228 0.431114 0.065797 0.110979 0.888512
1 0.368919 0.298774 0.0774476 0.161219 0.884317
1 0.258451 0.826145 0.124488 0.142994 0.881956
1 0.520291 0.323635 0.105354 0.180395 0.881317
1 0.180927 0.516663 0.0545562 0.116501 0.878792
1 0.965054 0.338423 0.0698927 0.146495 0.877971
1 0.121832 0.534037 0.0689151 0.102026 0.877719
1 0.17509 0.619486 0.0562019 0.118679 0.875329
1 0.116807 0.631779 0.0702196 0.10855 0.873282
1 0.435928 0.377465 0.0625252 0.176969 0.868547
1 0.519352 0.781514 0.112375 0.170456 0.867359
1 0.438622 0.24548 0.063644 0.182689 0.865286
1 0.522109 0.179567 0.103645 0.193198 0.860349
1 0.0700616 0.451995 0.0516311 0.119828 0.860206
1 0.184701 0.409936 0.0536289 0.12714 0.852811
1 0.43352 0.777292 0.0598084 0.122009 0.847059
1 0.112202 0.730985 0.0670315 0.102483 0.83693
1 0.653387 0.933175 0.152096 0.128709 0.829421
1 0.961251 0.193497 0.0769611 0.149563 0.81489
1 0.0610072 0.641884 0.0479691 0.105283 0.811499
1 0.172511 0.723748 0.0569732 0.110404 0.805384
1 0.0577071 0.733361 0.0438557 0.0847638 0.792118
2 0.16989 0.836578 0.0552362 0.116922 0.766999
1 0.361369 0.817646 0.0839813 0.144542 0.735655
2 0.966894 0.485243 0.0662116 0.15468 0.727502
1 0.116281 0.838884 0.0532722 0.109097 0.712919
1 0.27012 0.408695 0.118489 0.146371 0.699581
1 0.0657891 0.549526 0.0476681 0.110712 0.670144
1 0.118343 0.930666 0.0475308 0.0647881 0.662823
1 0.896866 0.355542 0.0681209 0.147544 0.645516
1 0.0357211 0.573806 0.0181519 0.0981595 0.561555
1 0.967049 0.637742 0.0659012 0.156109 0.561402
1 0.734035 0.150686 0.0479255 0.185205 0.540984
1 0.0409652 0.480006 0.0175688 0.111164 0.513606
