0 0.0453648 0.691562 0.0863134 0.0970082 0.882848
2 0.0766769 0.0569293 0.0766302 0.102096 0.880709
2 0.491227 0.612794 0.127859 0.102418 0.871932
2 0.596069 0.313174 0.0760971 0.0970791 0.871187
2 0.0729362 0.141972 0.0780677 0.10202 0.870454
2 0.490057 0.526156 0.125904 0.105378 0.868841
2 0.598792 0.47122 0.0796717 0.0971947 0.86792
2 0.0551445 0.499543 0.0828536 0.0973949 0.866386
2 0.485332 0.0500101 0.114891 0.0993895 0.863484
2 0.604491 0.555787 0.0758195 0.0940811 0.861
2 0.0698535 0.228869 0.0774115 0.101024 0.854257
2 0.490302 0.442852 0.124963 0.108292 0.846778
2 0.593551 0.228717 0.0731153 0.0839177 0.84562
1 0.138507 0.880484 0.124499 0.0819113 0.839025
2 0.492637 0.701986 0.129332 0.106311 0.838244
2 0.597983 0.389948 0.0766669 0.0887654 0.833632
2 0.0408284 0.795789 0.0810024 0.101678 0.829053
2 0.606032 0.724418 0.0813832 0.0935806 0.825455
2 0.488005 0.280867 0.120662 0.108027 0.8251
2 0.0497335 0.596016 0.0858933 0.0928993 0.803086
2 0.497539 0.881433 0.129743 0.087788 0.792071
2 0.672251 0.309107 0.0766328 0.100073 0.769623
2 0.605567 0.642391 0.0773672 0.0961293 0.76139
2 0.489581 0.200999 0.121208 0.107024 0.737556
2 0.490298 0.362097 0.120681 0.104192 0.724972
1 0.691818 0.809676 0.0852882 0.0865647 0.706939
2 0.0605905 0.406723 0.0801247 0.0921908 0.68938
1 0.695625 0.890231 0.0861765 0.0673689 0.687026
2 0.497194 0.78796 0.130724 0.097162 0.667119
2 0.486759 0.126052 0.117434 0.10499 0.650722
0 0.0661032 0.314924 0.07997 0.0908402 0.640543
2 0.666115 0.144685 0.0739808 0.0860144 0.618252
1 0.245069 0.168585 0.0359332 0.0850889 0.608185
2 0.669501 0.223632 0.0753576 0.0862296 0.594055
0 0.784835 0.787608 0.0928221 0.105621 0.581172
2 0.674245 0.382984 0.0754245 0.0903334 0.563838
2 0.687184 0.724878 0.082468 0.100087 0.55907
1 0.226391 0.802698 0.0368068 0.0957577 0.559064
2 0.591122 0.0821145 0.0704052 0.0829496 0.548661
0 0.0382463 0.885129 0.0764926 0.0760093 0.501172
