1 0.574875 0.366439 0.0557997 0.0430706 0.899426
1 0.279687 0.426859 0.0246226 0.0417687 0.89651
1 0.52309 0.457135 0.047336 0.0450683 0.892529
1 0.304068 0.300518 0.026286 0.0423394 0.888487
1 0.304845 0.385332 0.0263257 0.0401843 0.888352
1 0.574441 0.278365 0.0573612 0.044353 0.888267
1 0.280914 0.511062 0.0235936 0.0416316 0.886137
1 0.305378 0.427343 0.0263406 0.0417291 0.8855
1 0.522049 0.365263 0.0449102 0.0438283 0.885459
1 0.304382 0.342969 0.0263217 0.0411374 0.885319
1 0.280271 0.469357 0.0243855 0.0409328 0.884393
1 0.305859 0.46942 0.0262957 0.0407633 0.88402
1 0.387319 0.390445 0.0253073 0.0382801 0.883147
1 0.574629 0.456114 0.0524258 0.0442114 0.882369
1 0.573 0.233248 0.0583323 0.0450003 0.881729
1 0.574549 0.41149 0.0544956 0.0428964 0.881043
1 0.625668 0.324318 0.043247 0.0418642 0.88096
1 0.388689 0.466934 0.0254132 0.0385365 0.879863
1 0.523615 0.503473 0.0480208 0.0448644 0.878708
1 0.25388 0.385121 0.0252443 0.0420949 0.878284
1 0.390739 0.582198 0.0256119 0.0397264 0.877935
1 0.389574 0.505513 0.0251779 0.0382456 0.87747
1 0.386628 0.351699 0.0249172 0.0380141 0.875672
1 0.306077 0.510866 0.0265147 0.0414837 0.875514
1 0.38796 0.428896 0.0255354 0.0374945 0.875438
1 0.390138 0.543779 0.025315 0.0392417 0.875182
1 0.303799 0.258191 0.0262629 0.0425763 0.873823
1 0.522439 0.411423 0.046045 0.0441627 0.873683
1 0.57232 0.147828 0.0575121 0.0462901 0.873391
1 0.279226 0.384231 0.0244341 0.0405939 0.872921
1 0.623333 0.196704 0.0410594 0.0422295 0.872149
1 0.254665 0.427573 0.0251965 0.0416603 0.871737
1 0.281754 0.553594 0.0244839 0.0430652 0.871126
1 0.255195 0.470252 0.0262583 0.041011 0.870254
1 0.519644 0.274906 0.0465063 0.0439742 0.869579
1 0.572769 0.190793 0.0588369 0.0446156 0.869116
1 0.518485 0.141206 0.0469483 0.043975 0.868354
1 0.255826 0.510993 0.027536 0.0405605 0.867089
1 0.225461 0.347429 0.0302975 0.0449089 0.866514
1 0.575008 0.321843 0.0575439 0.0433328 0.865752
1 0.624098 0.239348 0.0415596 0.0421452 0.865732
1 0.622254 0.154326 0.0411301 0.0417532 0.864887
1 0.624671 0.281895 0.0424389 0.0435048 0.864857
1 0.385896 0.314153 0.0247329 0.0368799 0.864221
1 0.524338 0.549051 0.0490038 0.0456252 0.863932
1 0.385345 0.23826 0.0253973 0.0369548 0.862897
1 0.303499 0.217026 0.0262165 0.0442363 0.86124
1 0.385593 0.275165 0.0248204 0.0388142 0.860962
1 0.422852 0.581255 0.0385088 0.03744 0.86094
1 0.518194 0.185709 0.0467182 0.0399724 0.860803
1 0.391416 0.620488 0.0259048 0.0391167 0.858842
1 0.366947 0.625164 0.0246761 0.0441116 0.85823
1 0.252516 0.299113 0.0263732 0.0433505 0.857061
1 0.216913 0.512508 0.0509301 0.0387203 0.856722
1 0.256715 0.553177 0.027872 0.0424045 0.854058
1 0.361075 0.271637 0.0241588 0.0400987 0.853141
1 0.625712 0.368085 0.0439576 0.0420857 0.852102
1 0.518103 0.228946 0.0468856 0.0435286 0.851476
1 0.224716 0.308043 0.030622 0.0464945 0.849317
1 0.278429 0.212716 0.0242341 0.0436455 0.849015
1 0.307094 0.553179 0.0268394 0.0426243 0.847383
1 0.253315 0.341541 0.0258684 0.0442456 0.846612
1 0.361938 0.350254 0.0244574 0.038623 0.846479
1 0.520904 0.320256 0.0444759 0.0437831 0.844101
1 0.366714 0.585592 0.0245392 0.0422736 0.841807
1 0.360807 0.23403 0.0251358 0.0382054 0.840882
0 0.425973 0.744824 0.0367003 0.0446119 0.839088
1 0.252426 0.258413 0.0266931 0.0433749 0.838713
1 0.364158 0.468458 0.0241466 0.038454 0.838494
1 0.422542 0.542867 0.0386138 0.0374804 0.837017
1 0.361533 0.311575 0.0241603 0.0375418 0.83633
1 0.363015 0.429074 0.0245463 0.0384613 0.835346
1 0.575727 0.500375 0.0518087 0.0438367 0.835223
1 0.257877 0.595881 0.0278589 0.0429176 0.834539
1 0.215942 0.472253 0.0520179 0.0418733 0.832944
1 0.260743 0.774854 0.0280971 0.0519709 0.83262
1 0.226119 0.388954 0.030139 0.0428062 0.83232
1 0.218568 0.552395 0.049894 0.0406383 0.831179
1 0.278126 0.172746 0.0240352 0.0396903 0.828954
1 0.367365 0.664779 0.0239181 0.0445063 0.828375
1 0.286682 0.776883 0.0262121 0.0548414 0.827895
1 0.362295 0.389472 0.0246104 0.0385383 0.827104
1 0.258538 0.638021 0.0278336 0.0433751 0.826654
1 0.22426 0.26713 0.030384 0.0464084 0.825552
1 0.252478 0.215692 0.0272778 0.0459032 0.821778
1 0.282911 0.596073 0.0245777 0.0428502 0.819803
1 0.365336 0.507152 0.0238787 0.037891 0.817576
1 0.232803 0.769745 0.0295599 0.0511121 0.813529
1 0.421923 0.504559 0.0387677 0.0374939 0.813396
1 0.228834 0.634126 0.0334538 0.0410388 0.812243
1 0.445989 0.309544 0.0166253 0.038291 0.807577
1 0.625174 0.41111 0.0455209 0.0422648 0.806798
1 0.525418 0.59457 0.0487495 0.0452799 0.799435
2 0.333492 0.349019 0.0319602 0.0381692 0.798665
1 0.308003 0.594851 0.0269198 0.0423115 0.797869
1 0.259542 0.680903 0.02802 0.0445231 0.794725
0 0.527163 0.729339 0.0471834 0.0444593 0.791488
1 0.278594 0.340574 0.0244671 0.0430827 0.791266
1 0.219148 0.429459 0.0454392 0.0419888 0.790789
1 0.226894 0.593143 0.0353946 0.0412702 0.790553
2 0.419111 0.390255 0.0386704 0.038056 0.788809
1 0.446433 0.347697 0.0164258 0.0408502 0.786287
1 0.223769 0.227227 0.0305629 0.0482505 0.784714
1 0.444878 0.269559 0.0168553 0.0433571 0.779462
1 0.278649 0.297521 0.0244665 0.0406682 0.775817
2 0.333489 0.309473 0.0327439 0.0383046 0.772012
1 0.366134 0.545196 0.0246743 0.0396875 0.765714
1 0.251828 0.175255 0.0274223 0.0439868 0.760166
1 0.42325 0.619212 0.0385952 0.0370854 0.749706
1 0.302883 0.18039 0.0259431 0.0386666 0.74866
1 0.278679 0.255032 0.0243731 0.0406677 0.746972
2 0.333446 0.388441 0.0309283 0.0380082 0.745388
1 0.223435 0.188739 0.0289448 0.0421669 0.742519
1 0.230146 0.674938 0.0322774 0.0431281 0.738058
1 0.450672 0.503686 0.0183657 0.0391901 0.736624
1 0.200284 0.39368 0.0239767 0.0408949 0.729371
1 0.384205 0.202574 0.0255643 0.0342849 0.727695
1 0.231537 0.720257 0.0311971 0.0478124 0.727007
1 0.260199 0.725239 0.0283095 0.0475239 0.726306
0 0.526165 0.683927 0.0476121 0.043487 0.716156
1 0.367841 0.704551 0.0230451 0.0465977 0.710937
1 0.199923 0.354944 0.0234981 0.0424203 0.709652
1 0.444444 0.231292 0.01607 0.0436961 0.70961
2 0.420102 0.428782 0.0385743 0.0355127 0.705491
1 0.359664 0.198186 0.0247297 0.0362188 0.690844
2 0.33143 0.428826 0.0268658 0.0398642 0.688974
1 0.578614 0.543449 0.0563191 0.042834 0.688317
1 0.450578 0.543547 0.0175143 0.0400464 0.686331
1 0.198646 0.277831 0.023228 0.0435506 0.671278
1 0.309211 0.634983 0.0271374 0.0423154 0.66631
2 0.32979 0.593515 0.0190166 0.0415363 0.662265
1 0.583056 0.72291 0.0609846 0.049203 0.656637
1 0.199196 0.315766 0.0229454 0.0429885 0.645378
1 0.391747 0.658761 0.0259647 0.0408528 0.641226
1 0.58176 0.587906 0.0614948 0.0445412 0.638756
1 0.416403 0.204145 0.038041 0.0344212 0.629502
1 0.227553 0.429905 0.0289503 0.0414609 0.627024
1 0.451533 0.582972 0.0169825 0.0405177 0.622959
1 0.283867 0.638194 0.0244925 0.0438785 0.618407
1 0.332931 0.226338 0.0324666 0.0452372 0.617567
0 0.581681 0.633086 0.0593322 0.0428929 0.615915
1 0.449462 0.4643 0.0168541 0.0398458 0.587901
2 0.416593 0.240728 0.0372803 0.0370655 0.58672
2 0.328755 0.469983 0.0202338 0.0388472 0.581923
2 0.418238 0.35169 0.0383615 0.0363668 0.580183
1 0.421174 0.466439 0.0390049 0.0376193 0.579152
1 0.198157 0.240072 0.0231009 0.0499096 0.557917
1 0.393082 0.745215 0.0261858 0.0476774 0.555952
2 0.41758 0.314962 0.0381266 0.0367789 0.543042
1 0.417039 0.278147 0.0370333 0.0364478 0.539989
1 0.630567 0.454791 0.033963 0.0423095 0.539185
1 0.416871 0.24075 0.0372763 0.0354663 0.533619
1 0.310182 0.676578 0.0273591 0.0451386 0.527119
1 0.46169 0.300202 0.0148472 0.0443729 0.523301
1 0.582444 0.632952 0.0613375 0.0422381 0.517035
1 0.368526 0.748693 0.021879 0.0455868 0.512496
1 0.333273 0.267578 0.032731 0.0425413 0.512112
2 0.330556 0.633462 0.0188895 0.0405234 0.511286
