1 0.766831 0.442346 0.159063 0.156794 0.921611
1 0.763823 0.282458 0.155978 0.166919 0.920079
1 0.366892 0.447642 0.126027 0.151446 0.915198
1 0.233948 0.293735 0.146389 0.154244 0.914696
1 0.62314 0.290548 0.129062 0.166247 0.91368
1 0.624486 0.447305 0.129352 0.150691 0.911826
1 0.233679 0.448008 0.146974 0.151377 0.910995
1 0.367516 0.293074 0.123533 0.157142 0.909448
1 0.496175 0.711921 0.126017 0.126579 0.900736
1 0.495005 0.37118 0.123867 0.150711 0.897654
1 0.128556 0.449275 0.0644844 0.147128 0.878825
1 0.495761 0.513755 0.124519 0.134841 0.878056
1 0.625677 0.719276 0.128065 0.138655 0.855391
1 0.132599 0.299414 0.0602689 0.153871 0.843418
1 0.366415 0.714866 0.124807 0.140102 0.841615
1 0.0463353 0.45606 0.0926707 0.145515 0.827251
1 0.764684 0.720083 0.142183 0.137122 0.77515
2 0.764714 0.585899 0.146701 0.126113 0.752364
1 0.882843 0.281162 0.0806782 0.166156 0.642032
1 0.0469935 0.304519 0.093987 0.154897 0.601577
