1 0.357252 0.532611 0.0461884 0.0450116 0.889309
1 0.679889 0.533279 0.065401 0.043414 0.885502
1 0.590378 0.629471 0.038104 0.0478716 0.883255
1 0.315046 0.532703 0.0371018 0.0436797 0.877436
1 0.315672 0.577661 0.0368445 0.0427741 0.871234
1 0.399572 0.531568 0.0371144 0.0437797 0.87058
1 0.356791 0.577341 0.0454476 0.0439003 0.870355
1 0.627964 0.629234 0.0392491 0.047626 0.868739
1 0.679595 0.580072 0.0649174 0.0473964 0.866902
1 0.628022 0.582514 0.0383969 0.0477185 0.864224
1 0.627985 0.677032 0.0404717 0.0478432 0.862023
1 0.679608 0.627259 0.0642558 0.0483465 0.86076
1 0.679731 0.674668 0.0642527 0.0473746 0.855885
1 0.399683 0.577405 0.0370714 0.0456443 0.853155
1 0.436324 0.531664 0.036819 0.0438071 0.852111
1 0.281272 0.532205 0.0295005 0.0408647 0.846521
1 0.58974 0.53679 0.0374667 0.0462792 0.846312
1 0.627645 0.536026 0.0392561 0.0455965 0.838872
1 0.481421 0.627145 0.042337 0.0490762 0.825934
1 0.590141 0.582876 0.0371558 0.0471897 0.824866
1 0.480791 0.581806 0.0428846 0.0471182 0.813801
1 0.480799 0.536178 0.0409649 0.0467035 0.807722
1 0.590047 0.676875 0.0383278 0.0475152 0.791411
0 0.354048 0.424475 0.0170453 0.023973 0.791097
1 0.436924 0.577222 0.0373037 0.0458378 0.782481
1 0.731688 0.623139 0.0381722 0.044336 0.767881
1 0.252775 0.531494 0.0277392 0.0388212 0.764407
1 0.731081 0.668465 0.0380683 0.04532 0.753974
1 0.230972 0.530502 0.0159439 0.0376404 0.748898
0 0.353633 0.401043 0.0172316 0.0244223 0.748365
0 0.232918 0.472302 0.0187884 0.0249029 0.733042
1 0.732064 0.57662 0.0378538 0.0465372 0.724225
0 0.254534 0.471557 0.0245262 0.023446 0.724134
1 0.552417 0.58287 0.0362343 0.047567 0.698365
1 0.552318 0.536846 0.0367771 0.0472879 0.695778
0 0.335863 0.425253 0.0205211 0.0246939 0.685107
0 0.232506 0.496735 0.0180953 0.0217353 0.675227
0 0.335138 0.401226 0.0208002 0.0249706 0.674532
1 0.517782 0.537083 0.0315089 0.0463201 0.646401
1 0.552128 0.629502 0.0372522 0.0468113 0.634784
0 0.255052 0.422698 0.0259871 0.0258456 0.626196
0 0.232635 0.446836 0.018385 0.0267303 0.603933
0 0.254882 0.447472 0.0253845 0.0253848 0.583288
2 0.314792 0.448723 0.0237811 0.0239954 0.579816
1 0.731333 0.531184 0.0375682 0.0428118 0.535928
0 0.232543 0.420776 0.0193386 0.0263256 0.53577
1 0.542248 0.675599 0.0565163 0.0478031 0.521451
