1 0.35314 0.526209 0.107783 0.0530312 0.883333
2 0.78949 0.588999 0.0502029 0.0425257 0.87215
1 0.341697 0.472028 0.114153 0.0570559 0.87201
1 0.743225 0.40358 0.0937425 0.055402 0.871661
1 0.972276 0.389672 0.0548007 0.0573143 0.869206
1 0.733848 0.54955 0.078963 0.0446485 0.868156
1 0.821974 0.340705 0.0593518 0.0635289 0.867582
2 0.795781 0.546243 0.0489169 0.0461327 0.860187
1 0.741705 0.456308 0.0872381 0.051704 0.860182
1 0.739652 0.504187 0.0787559 0.0459602 0.856191
1 0.929543 0.332935 0.0747516 0.0619293 0.853121
1 0.846561 0.496716 0.0465561 0.0525729 0.85112
1 0.744325 0.34515 0.101642 0.0633199 0.846279
1 0.815812 0.398125 0.0581676 0.0594778 0.845222
1 0.802512 0.499151 0.0510083 0.0513058 0.84372
1 0.779324 0.668123 0.046787 0.0494205 0.839769
1 0.359558 0.574808 0.102062 0.0473963 0.838863
1 0.809367 0.450916 0.0546496 0.0541168 0.838582
1 0.712982 0.749371 0.072321 0.0408639 0.831665
1 0.871898 0.335721 0.05194 0.0642791 0.829462
1 0.857532 0.448129 0.050026 0.0568105 0.827945
1 0.865931 0.393666 0.0502434 0.0625752 0.826951
1 0.819039 0.665745 0.0437745 0.0486905 0.818851
1 0.914365 0.442899 0.0621769 0.0508717 0.814102
1 0.852719 0.702752 0.0501072 0.0358156 0.813977
1 0.921198 0.390812 0.0684229 0.0565507 0.807343
2 0.896697 0.538638 0.0489901 0.0467979 0.805742
1 0.718854 0.670659 0.080536 0.0435442 0.804736
2 0.78586 0.626866 0.0488973 0.0387262 0.803355
1 0.810553 0.70613 0.0406742 0.036305 0.79363
1 0.849295 0.740433 0.0466789 0.042587 0.788411
2 0.726952 0.593308 0.0834842 0.0416478 0.787275
1 0.97977 0.331252 0.0404604 0.0608954 0.786197
1 0.768949 0.745985 0.0414942 0.043028 0.785683
1 0.633529 0.277106 0.093853 0.0577467 0.785497
1 0.715694 0.71138 0.0776909 0.0366761 0.784673
2 0.903648 0.492366 0.0584473 0.0497324 0.776995
1 0.773145 0.708153 0.0432016 0.0358404 0.75669
2 0.38792 0.66242 0.105647 0.0424968 0.750006
2 0.37329 0.6208 0.107701 0.0458214 0.743819
1 0.258735 0.475239 0.0681522 0.0542012 0.743698
2 0.394228 0.700106 0.0974722 0.0384102 0.743068
2 0.889126 0.582172 0.0487869 0.0444526 0.741862
1 0.965439 0.440701 0.0558279 0.0521405 0.739
1 0.288101 0.578986 0.0559063 0.0477806 0.737045
1 0.889171 0.738534 0.0376005 0.0439758 0.735803
1 0.183826 0.585334 0.0725489 0.0476813 0.731597
2 0.722951 0.631816 0.0824885 0.0383113 0.726533
1 0.861253 0.662507 0.0541976 0.0471111 0.715654
1 0.894251 0.699398 0.0414781 0.0365575 0.710165
1 0.633412 0.333279 0.0909145 0.0510028 0.708909
1 0.807662 0.743949 0.0392918 0.0426846 0.70612
1 0.273875 0.530205 0.0628274 0.0527361 0.697512
1 0.458474 0.379195 0.100604 0.0523823 0.683047
2 0.96936 0.577864 0.0500446 0.0414532 0.677806
1 0.234451 0.581628 0.0663384 0.0479306 0.654818
1 0.630918 0.611427 0.0771529 0.0801659 0.621122
1 0.924842 0.73627 0.0438061 0.0436655 0.620453
2 0.92764 0.579566 0.0457646 0.0438204 0.615646
1 0.83812 0.544031 0.045298 0.0458593 0.60086
2 0.832568 0.586634 0.0444761 0.0416185 0.598383
1 0.932643 0.697199 0.0458716 0.0363087 0.593018
1 0.962044 0.490507 0.0746292 0.0489738 0.591468
2 0.253668 0.627853 0.0558328 0.042841 0.59016
1 0.991184 0.43879 0.0176317 0.0533393 0.580499
1 0.461151 0.430457 0.101263 0.0478775 0.579818
1 0.946184 0.65613 0.0554691 0.0493052 0.576559
1 0.0432039 0.641929 0.0864079 0.0448488 0.572682
1 0.904451 0.658796 0.0459631 0.0479115 0.556751
2 0.95666 0.536898 0.0839544 0.0464031 0.542794
2 0.301867 0.625238 0.0599012 0.0417687 0.533505
2 0.9721 0.536383 0.05401 0.0448179 0.529631
2 0.199341 0.632002 0.0811625 0.044954 0.512696
2 0.880631 0.619749 0.0481398 0.0392756 0.503813
1 0.167818 0.537001 0.0700896 0.0501142 0.501672
