2 0.726462 0.0383643 0.0625292 0.0719676 0.906719
2 0.665492 0.0364173 0.054812 0.0687352 0.906685
2 0.725843 0.115916 0.0634891 0.078613 0.906156
1 0.477519 0.616011 0.0624797 0.0988487 0.904433
2 0.664182 0.19744 0.0557895 0.0812637 0.903445
2 0.78993 0.200929 0.0627269 0.0784137 0.902478
2 0.789841 0.283464 0.0632957 0.0778328 0.901844
2 0.601399 0.36371 0.0636432 0.0788141 0.900377
2 0.602599 0.197597 0.0624432 0.0805503 0.89929
2 0.663191 0.28069 0.0563539 0.0797054 0.89834
2 0.919604 0.121998 0.061795 0.07529 0.897344
2 0.601826 0.280635 0.0621465 0.0794332 0.89659
2 0.918628 0.363505 0.0626213 0.0734357 0.896323
2 0.919403 0.0420485 0.0626609 0.0729658 0.895444
2 0.853614 0.204604 0.0606857 0.0797859 0.895236
2 0.664889 0.113865 0.0550205 0.0817485 0.894705
2 0.724852 0.2847 0.0613178 0.0750918 0.894479
2 0.790852 0.118713 0.0616875 0.0789042 0.892754
2 0.603571 0.0350878 0.0627175 0.0678217 0.892008
2 0.289692 0.187821 0.064827 0.074779 0.891446
2 0.919153 0.203992 0.0623316 0.0771492 0.891286
2 0.918599 0.28527 0.0628964 0.075489 0.890978
2 0.603078 0.11378 0.0627285 0.0811477 0.890788
2 0.791472 0.0398424 0.0625539 0.0723417 0.89015
2 0.853866 0.122197 0.0596027 0.0781521 0.889088
2 0.790084 0.359075 0.0629008 0.0684931 0.887658
2 0.853352 0.287791 0.0607346 0.0785403 0.887064
2 0.289176 0.26978 0.0642839 0.0753551 0.885712
2 0.288314 0.355092 0.0641115 0.0787631 0.883846
1 0.414798 0.615085 0.060848 0.0968653 0.883327
1 0.53943 0.615594 0.056779 0.0961372 0.88121
2 0.287665 0.522388 0.0658054 0.079093 0.880305
2 0.287041 0.439694 0.0621906 0.0783342 0.878767
2 0.853684 0.0459372 0.0590378 0.066726 0.876942
2 0.50696 0.36082 0.122918 0.0843725 0.875373
2 0.976308 0.365923 0.047384 0.0763574 0.875027
2 0.976964 0.124838 0.0460728 0.0806645 0.874806
2 0.507795 0.193365 0.123291 0.0861502 0.874312
2 0.602058 0.443505 0.0622756 0.0777875 0.873753
2 0.290005 0.104558 0.0654652 0.0773269 0.873677
2 0.97702 0.0453557 0.0459595 0.0775021 0.872706
2 0.661273 0.365426 0.0544493 0.0813965 0.871345
2 0.353019 0.271822 0.0562971 0.0750888 0.869409
2 0.976416 0.207404 0.0471672 0.0803075 0.869055
2 0.506792 0.108135 0.125464 0.0910579 0.868958
2 0.976228 0.28739 0.0475281 0.0772334 0.866201
1 0.28725 0.613925 0.066466 0.100634 0.860526
2 0.726413 0.361821 0.0587643 0.0700662 0.859112
2 0.291061 0.0292203 0.0658293 0.0584405 0.856663
1 0.224965 0.612513 0.0549323 0.0963035 0.846527
2 0.506748 0.277721 0.123601 0.0823117 0.844959
2 0.351777 0.354419 0.0574412 0.0801515 0.844918
2 0.507822 0.0330975 0.128746 0.0661951 0.826834
2 0.853186 0.357354 0.0599224 0.0567662 0.811498
2 0.505784 0.443674 0.127913 0.0832436 0.803381
2 0.725364 0.201357 0.0632988 0.0892734 0.768883
2 0.656864 0.436394 0.0446631 0.058353 0.748521
2 0.354307 0.188488 0.0588644 0.0781999 0.746217
2 0.473987 0.524716 0.0687902 0.0748254 0.742224
2 0.350745 0.439142 0.0613232 0.0844655 0.735788
2 0.381748 0.441839 0.124114 0.0893406 0.722546
1 0.352356 0.588802 0.060902 0.0463696 0.711607
2 0.414402 0.356337 0.0649129 0.0850704 0.697179
2 0.3549 0.101818 0.0557033 0.0800185 0.685019
2 0.226259 0.0271002 0.0583258 0.0530684 0.682993
2 0.383971 0.027712 0.11601 0.0554241 0.657546
2 0.352672 0.523651 0.0614677 0.0801268 0.651232
2 0.411864 0.525506 0.0577551 0.0775265 0.582472
2 0.412273 0.442226 0.0614887 0.0887928 0.556181
2 0.225858 0.0963753 0.0567774 0.0819283 0.542166
2 0.228477 0.267646 0.049345 0.0817861 0.537012
2 0.226823 0.522992 0.0506463 0.0776678 0.525036
2 0.538855 0.523003 0.0600647 0.0727594 0.522262
