1 0.731481 0.832725 0.0463308 0.0507285 0.912406
1 0.19444 0.827905 0.0531184 0.0503226 0.911557
1 0.465345 0.779737 0.0443357 0.0489972 0.91093
1 0.553004 0.780541 0.0445928 0.0491396 0.910908
1 0.688356 0.831846 0.0463432 0.0497516 0.910127
1 0.685337 0.782489 0.0462913 0.0491443 0.910122
1 0.552974 0.830084 0.0447853 0.0498609 0.910104
1 0.776308 0.833535 0.049149 0.0507722 0.910083
1 0.658156 0.354327 0.0349211 0.03047 0.910045
1 0.421548 0.779755 0.0458525 0.0480501 0.909597
1 0.283109 0.827323 0.0499289 0.0487179 0.90932
1 0.462848 0.828698 0.0454123 0.0501747 0.90875
1 0.413299 0.322728 0.0367218 0.0313693 0.90827
1 0.50903 0.780074 0.043932 0.0488937 0.908015
1 0.0760042 0.729171 0.0528965 0.0455847 0.907939
1 0.824339 0.83403 0.0525826 0.0498389 0.907865
1 0.162722 0.73057 0.0515466 0.0466449 0.907701
1 0.509959 0.733075 0.0429166 0.0473833 0.906254
1 0.623007 0.354173 0.0352067 0.0301535 0.90546
1 0.21445 0.686105 0.0500146 0.0440656 0.904768
1 0.448389 0.323133 0.0349461 0.0305904 0.904525
1 0.468678 0.686635 0.0425981 0.0449376 0.904481
1 0.481623 0.353648 0.0361895 0.0311024 0.904476
1 0.446455 0.35369 0.0365045 0.030771 0.904322
1 0.480478 0.385065 0.036013 0.031935 0.904019
1 0.120114 0.729629 0.0503936 0.0458819 0.903059
1 0.245369 0.778291 0.0483792 0.0489543 0.902637
1 0.779562 0.887947 0.0506483 0.0577496 0.902556
1 0.768518 0.737003 0.0476434 0.0469006 0.901957
1 0.514668 0.452564 0.0364524 0.0344967 0.901596
1 0.552934 0.733794 0.0434509 0.0475747 0.901207
1 0.644103 0.831242 0.0460386 0.0500431 0.901205
1 0.167476 0.484202 0.0439975 0.0360772 0.901123
1 0.641798 0.781822 0.0455241 0.0498356 0.901015
1 0.321907 0.87916 0.0505454 0.0519286 0.900897
1 0.517125 0.323591 0.0341774 0.0307906 0.900647
1 0.721295 0.690685 0.0455209 0.045412 0.900353
1 0.129268 0.48373 0.0452885 0.0360142 0.900135
1 0.682502 0.73498 0.0448316 0.0478934 0.899698
1 0.444761 0.38513 0.0365144 0.0322649 0.899667
1 0.13688 0.641337 0.049723 0.0421866 0.89959
1 0.426367 0.686788 0.0436005 0.0455564 0.899529
1 0.0912806 0.484179 0.0455339 0.035678 0.899507
1 0.154739 0.77827 0.0530331 0.049647 0.89943
1 0.415215 0.292606 0.035692 0.0297963 0.899416
1 0.275016 0.560633 0.0451645 0.0393592 0.898973
1 0.551998 0.563146 0.0395943 0.0390302 0.898957
1 0.507957 0.829218 0.0448767 0.0496221 0.898399
1 0.482786 0.323102 0.0356766 0.0306512 0.89825
1 0.773173 0.784056 0.0492384 0.0482565 0.898114
1 0.552844 0.688246 0.0422741 0.0463713 0.897676
1 0.552665 0.644725 0.0415701 0.0437235 0.89752
1 0.0996411 0.44884 0.0458983 0.0341209 0.897493
1 0.401049 0.487304 0.0394201 0.0366117 0.897274
1 0.145311 0.599719 0.0470435 0.0401065 0.896984
1 0.818144 0.78529 0.050193 0.0482697 0.89697
1 0.689066 0.294125 0.0360269 0.029266 0.896955
1 0.207879 0.73089 0.0499635 0.0460879 0.896824
1 0.299758 0.685588 0.0456472 0.0442957 0.896801
1 0.483831 0.293106 0.0347954 0.0294912 0.8968
1 0.440687 0.452363 0.0379955 0.0350792 0.896509
1 0.828448 0.886315 0.0571049 0.0529001 0.89636
1 0.621679 0.323471 0.0350213 0.0307372 0.896117
1 0.257703 0.685947 0.0461695 0.0434435 0.89607
1 0.510839 0.687265 0.0419705 0.0460158 0.896061
1 0.410884 0.35341 0.037142 0.0308067 0.896013
1 0.467393 0.732565 0.0436825 0.0473168 0.895852
1 0.280442 0.522901 0.0435724 0.0372765 0.895744
1 0.314746 0.560523 0.0446276 0.0391787 0.895626
1 0.870438 0.835034 0.0525032 0.0502837 0.895583
1 0.660126 0.38597 0.0353353 0.0318554 0.895036
1 0.384499 0.686362 0.0442905 0.0444522 0.895024
1 0.362451 0.486181 0.0411215 0.0359115 0.894917
1 0.83792 0.607198 0.0468786 0.0412732 0.894885
1 0.728516 0.783532 0.0473682 0.0480733 0.894792
1 0.245942 0.485714 0.0438329 0.036402 0.894754
1 0.240104 0.827958 0.0468805 0.0495839 0.894369
1 0.691885 0.883788 0.0480813 0.0537435 0.894225
1 0.290346 0.450096 0.0426623 0.0345204 0.894005
1 0.673368 0.604783 0.041496 0.0418568 0.893914
1 0.0958632 0.641154 0.0499402 0.0417234 0.893881
1 0.506913 0.880625 0.0455893 0.0512625 0.893786
1 0.408753 0.384918 0.0376841 0.0326654 0.893471
1 0.591658 0.563742 0.0399641 0.0393237 0.893369
1 0.192917 0.560622 0.0467827 0.0385851 0.893218
1 0.323853 0.485491 0.0411585 0.0361871 0.893196
1 0.624126 0.385627 0.0359528 0.0314231 0.893036
1 0.449787 0.293132 0.0345224 0.0293113 0.89273
1 0.645657 0.881886 0.0469452 0.0515218 0.892727
1 0.146428 0.827734 0.0541082 0.0498932 0.892642
1 0.551638 0.488584 0.0381769 0.0359871 0.892524
1 0.20014 0.778231 0.0519434 0.0490362 0.892521
1 0.51602 0.385493 0.0351652 0.0316918 0.892485
1 0.55301 0.881595 0.0453644 0.0507203 0.892018
1 0.372845 0.827989 0.0493103 0.05001 0.891893
1 0.626789 0.453109 0.0375156 0.0343019 0.891806
1 0.0739857 0.559743 0.0486788 0.0383934 0.891709
1 0.916631 0.835835 0.0520248 0.0501312 0.89156
1 0.127854 0.684476 0.0497932 0.0440364 0.891527
1 0.368978 0.41687 0.0391217 0.0341959 0.891431
1 0.585819 0.294209 0.0343353 0.0285509 0.891307
1 0.153263 0.559569 0.0459392 0.0387105 0.891256
1 0.269031 0.600863 0.0450268 0.0405628 0.891238
1 0.908253 0.78654 0.050955 0.0488477 0.89122
1 0.723968 0.29413 0.0371435 0.0295135 0.890961
1 0.284973 0.485772 0.0437017 0.0364319 0.890951
1 0.670661 0.564362 0.0406811 0.0400055 0.890901
1 0.319673 0.522336 0.0424715 0.0377824 0.890882
1 0.551677 0.453211 0.0374519 0.0346239 0.890653
1 0.76426 0.691528 0.046402 0.0447277 0.890628
1 0.424172 0.732637 0.044482 0.0469725 0.890581
1 0.345779 0.642587 0.045451 0.0430501 0.890291
1 0.620262 0.293419 0.0345019 0.0283244 0.890168
1 0.66413 0.453558 0.0370969 0.0347323 0.890056
1 0.304651 0.642384 0.0450228 0.0431691 0.890008
1 0.251443 0.730773 0.048145 0.0464214 0.889863
1 0.41898 0.828564 0.0453472 0.0495768 0.889731
1 0.590548 0.525825 0.0392202 0.0378551 0.889718
1 0.450978 0.264188 0.0342814 0.0285908 0.889694
1 0.0999501 0.826907 0.0533072 0.0490171 0.889673
1 0.136908 0.448433 0.0452861 0.034138 0.889666
1 0.25221 0.449858 0.042314 0.0345385 0.889623
1 0.710055 0.56569 0.0415601 0.0399064 0.889493
1 0.477668 0.452299 0.0369542 0.0346531 0.889403
1 0.639498 0.734262 0.0445064 0.0475772 0.889368
1 0.2065 0.484907 0.0446569 0.0362056 0.888929
1 0.0827357 0.521311 0.0456251 0.0380194 0.888786
1 0.434149 0.56224 0.0408149 0.0397785 0.888785
1 0.551849 0.525629 0.0386183 0.0379371 0.88875
1 0.338842 0.351102 0.0385238 0.0315177 0.888742
1 0.460949 0.880147 0.0467866 0.0514988 0.888714
1 0.110424 0.777711 0.0511913 0.0495596 0.88864
1 0.0904532 0.877228 0.0564522 0.0508884 0.888367
1 0.113725 0.559218 0.0479119 0.038307 0.888186
1 0.332174 0.416182 0.0396623 0.0337681 0.888154
1 0.0862634 0.684208 0.0499389 0.0437894 0.887929
1 0.686907 0.26515 0.0347202 0.0278645 0.887828
1 0.629588 0.525443 0.0393504 0.0380807 0.887763
1 0.516476 0.354255 0.0344904 0.0303814 0.887577
1 0.760109 0.64795 0.0456052 0.0427658 0.887528
1 0.104696 0.599658 0.048801 0.0398297 0.887369
1 0.174626 0.448786 0.0434838 0.0342262 0.887328
1 0.739697 0.455021 0.0407921 0.0350492 0.887174
1 0.668356 0.526306 0.0396693 0.0379319 0.887126
1 0.586408 0.324153 0.0350211 0.0309356 0.88709
1 0.887096 0.64922 0.0487883 0.0427415 0.88709
1 0.511366 0.643522 0.0407598 0.0435209 0.886933
1 0.239702 0.522833 0.0461443 0.0377564 0.886911
1 0.920396 0.608574 0.0471741 0.0417744 0.886872
1 0.406265 0.418069 0.0377712 0.0342974 0.886855
1 0.341432 0.685756 0.045599 0.0440455 0.886699
1 0.294856 0.730755 0.0464071 0.0465251 0.886575
1 0.221072 0.642829 0.0486735 0.0429144 0.886512
1 0.863813 0.785517 0.0526306 0.0492009 0.886397
1 0.905896 0.529536 0.0445451 0.0378885 0.886347
1 0.693134 0.355104 0.0356087 0.0303735 0.886234
1 0.856879 0.737839 0.0511707 0.0473537 0.886164
1 0.170999 0.685431 0.0495161 0.0438987 0.885957
1 0.403882 0.452052 0.0391667 0.0353945 0.885947
1 0.416317 0.880664 0.0453548 0.0516337 0.885906
1 0.122198 0.521016 0.046284 0.0378513 0.88576
1 0.200722 0.318061 0.0395788 0.030418 0.885714
1 0.707154 0.527489 0.0405624 0.0382731 0.885709
1 0.589665 0.488738 0.038504 0.0357931 0.885615
1 0.22821 0.600662 0.0474867 0.0406616 0.885596
1 0.724726 0.73642 0.0462633 0.0470099 0.88553
1 0.698268 0.41999 0.0380465 0.0334206 0.885529
1 0.867157 0.528779 0.0453165 0.0379978 0.885401
1 0.807155 0.69189 0.0464687 0.044372 0.885365
1 0.515329 0.418735 0.0357697 0.0327236 0.885354
1 0.234165 0.560739 0.0477852 0.0388215 0.885321
1 0.703894 0.490488 0.0400563 0.037041 0.885209
1 0.6957 0.387041 0.0370564 0.0323957 0.885185
1 0.656219 0.32337 0.0348122 0.0309285 0.884636
1 0.394811 0.562342 0.041162 0.0398748 0.884626
1 0.701072 0.454515 0.0398052 0.0349232 0.88435
1 0.679177 0.689598 0.0434256 0.0446343 0.884281
1 0.713719 0.605661 0.043397 0.0414857 0.884142
1 0.844082 0.648375 0.0485935 0.0423878 0.884086
1 0.372265 0.383641 0.0382186 0.0327247 0.883988
1 0.627905 0.488657 0.0383779 0.0360902 0.883986
1 0.618705 0.239108 0.0332331 0.024254 0.883894
1 0.758851 0.293933 0.0376295 0.0294049 0.883833
1 0.777909 0.455152 0.0408043 0.0346322 0.883728
1 0.886673 0.421758 0.0429356 0.0333656 0.883695
1 0.470383 0.643179 0.0417482 0.0436905 0.883634
1 0.736358 0.420582 0.040518 0.0336456 0.883465
1 0.517694 0.293544 0.0339517 0.0289319 0.883394
1 0.762064 0.324226 0.0382721 0.0300673 0.88331
1 0.0422646 0.520734 0.0503486 0.0377377 0.883222
1 0.263011 0.642807 0.0462661 0.0434389 0.883123
1 0.0615185 0.448768 0.0474583 0.034518 0.882957
1 0.589241 0.453483 0.0376825 0.0342917 0.882936
1 0.690952 0.324102 0.0355795 0.0298588 0.882764
1 0.717731 0.647023 0.0450007 0.0430402 0.882528
1 0.666066 0.4892 0.0384483 0.0366701 0.882364
1 0.144888 0.413805 0.0422627 0.033769 0.882336
1 0.05381 0.641396 0.050217 0.0410789 0.882295
1 0.484915 0.26432 0.0340944 0.0283172 0.882164
1 0.276674 0.878534 0.0519284 0.0515424 0.882094
1 0.212669 0.449697 0.0437319 0.0346796 0.881933
1 0.931482 0.456593 0.0459982 0.0358861 0.881853
1 0.811617 0.420565 0.0416969 0.0339213 0.881706
1 0.42915 0.643692 0.0428074 0.0432636 0.881549
1 0.735131 0.885783 0.0454449 0.0548938 0.881449
1 0.0437328 0.876924 0.0565207 0.050662 0.881445
1 0.200001 0.521912 0.0458866 0.0383538 0.881379
1 0.382782 0.262441 0.0362746 0.0282756 0.881163
1 0.721135 0.26502 0.0366038 0.0280209 0.881154
1 0.755481 0.606741 0.0450012 0.0420999 0.880924
1 0.94591 0.529598 0.0478138 0.0377842 0.880814
1 0.107694 0.414333 0.0424542 0.0336006 0.880731
1 0.374869 0.351759 0.0374883 0.0311892 0.880696
1 0.747186 0.528348 0.0434181 0.0381044 0.880624
1 0.327921 0.450082 0.0401325 0.0344963 0.880608
1 0.0664221 0.777079 0.0530399 0.048975 0.880586
1 0.388152 0.643328 0.0438173 0.0429342 0.880529
1 0.944008 0.739762 0.0513162 0.0471583 0.880439
1 0.654323 0.293417 0.034137 0.0289471 0.880394
1 0.824633 0.264803 0.0380196 0.0282142 0.880074
1 0.289117 0.778223 0.048777 0.048772 0.879875
1 0.878596 0.889082 0.0547675 0.0592005 0.879709
1 0.619474 0.264934 0.0341018 0.0279706 0.879695
1 0.588676 0.419801 0.0366695 0.0333388 0.879642
1 0.314992 0.261608 0.0361142 0.0287738 0.879633
1 0.299338 0.383028 0.0404327 0.0325052 0.879543
1 0.78635 0.528497 0.0440708 0.0379118 0.879508
1 0.960754 0.83653 0.0526627 0.0507345 0.879424
1 0.879385 0.607604 0.0467096 0.0412952 0.879359
1 0.479083 0.418397 0.0364046 0.0339994 0.879309
1 0.585324 0.265356 0.0340445 0.0279602 0.879257
1 0.893237 0.693006 0.0486969 0.0449678 0.879105
1 0.552338 0.602734 0.0405031 0.041465 0.879038
1 0.161278 0.521086 0.0453306 0.0379432 0.879026
1 0.28038 0.261292 0.038144 0.0291479 0.879005
1 0.676323 0.646314 0.042626 0.0434354 0.878945
1 0.181526 0.41405 0.0409273 0.0339474 0.878842
1 0.442743 0.418548 0.0369144 0.0343416 0.878825
1 0.917934 0.388336 0.0453732 0.0345341 0.878665
1 0.216729 0.233453 0.0345935 0.0224572 0.878591
1 0.185932 0.600335 0.0474289 0.0402192 0.878587
1 0.892853 0.456318 0.043161 0.0355146 0.878548
1 0.370245 0.880363 0.0506596 0.0522473 0.87854
1 0.115416 0.381333 0.0422398 0.0320449 0.87828
1 0.593439 0.645224 0.0414534 0.0440977 0.878133
1 0.335707 0.383245 0.0396916 0.0325308 0.87799
1 0.377737 0.320964 0.0371852 0.0309327 0.877932
1 0.063989 0.600094 0.0494127 0.0398735 0.877811
1 0.826626 0.528419 0.043961 0.0376422 0.877585
1 0.0703066 0.413988 0.0451982 0.0335441 0.877467
1 0.0192938 0.641543 0.0385037 0.0401606 0.877371
1 0.733061 0.387592 0.0395027 0.0327718 0.876824
1 0.963068 0.421076 0.0468914 0.0355042 0.876772
1 0.793975 0.293455 0.0376541 0.0288012 0.876755
1 0.233062 0.879062 0.047243 0.0516418 0.876733
1 0.88062 0.388373 0.0424343 0.034364 0.876316
1 0.928209 0.650166 0.0481674 0.0426584 0.876303
1 0.625608 0.419198 0.0366272 0.032967 0.876182
1 0.416951 0.263832 0.0350132 0.0289661 0.876137
1 0.485549 0.238313 0.0334106 0.0244695 0.875993
1 0.309607 0.600355 0.0448527 0.0406265 0.875945
1 0.924195 0.421848 0.0450512 0.0341781 0.875924
1 0.151922 0.380838 0.0421158 0.0320974 0.875814
1 0.913504 0.568393 0.0454928 0.0391215 0.875646
1 0.592514 0.603392 0.0409642 0.041277 0.875579
1 0.218213 0.415427 0.0414358 0.0336294 0.875554
1 0.350532 0.600995 0.0445015 0.0403221 0.875509
1 0.849944 0.691766 0.0492043 0.044382 0.875372
1 0.597081 0.781552 0.0446066 0.0491978 0.875074
1 0.0518164 0.483519 0.0495676 0.0354917 0.875042
1 0.438619 0.487217 0.0388861 0.0362309 0.874592
1 0.662085 0.419176 0.0365179 0.0329251 0.874233
1 0.303397 0.351455 0.0386425 0.031259 0.873775
1 0.0550912 0.826639 0.0548403 0.0491717 0.873709
1 0.594977 0.688532 0.0427004 0.046371 0.873673
1 0.773901 0.420617 0.0403631 0.0339319 0.873507
1 0.345812 0.290551 0.0375143 0.0300664 0.873498
1 0.900764 0.738733 0.0508701 0.0470085 0.873482
1 0.31125 0.290699 0.0375893 0.0301834 0.873265
1 0.431647 0.602003 0.0418041 0.0409944 0.873254
1 0.0785044 0.380947 0.0444102 0.032395 0.872955
1 0.294718 0.416135 0.0412415 0.0332836 0.872077
1 0.816721 0.45486 0.0426309 0.0349664 0.871881
1 0.235724 0.319387 0.039033 0.0308314 0.871778
1 0.584983 0.238581 0.0344551 0.0245458 0.87128
1 0.38051 0.291266 0.0376233 0.030597 0.871094
1 0.651804 0.239207 0.0336489 0.0244104 0.871094
1 0.436743 0.524478 0.0389034 0.0379827 0.871073
1 0.327225 0.827787 0.0483316 0.0496748 0.871071
1 0.925431 0.888097 0.0545658 0.0543922 0.870968
1 0.801894 0.648572 0.0458694 0.0419752 0.870964
1 0.849066 0.420869 0.0415798 0.0330474 0.870712
1 0.551577 0.419693 0.0368029 0.0332409 0.87065
1 0.854848 0.455252 0.0417234 0.035523 0.870499
1 0.354325 0.561154 0.0430404 0.0391483 0.87022
1 0.365674 0.450742 0.0395309 0.0350436 0.870215
1 0.178308 0.642327 0.0499202 0.0430199 0.869919
1 0.821519 0.490877 0.0441614 0.0370508 0.869881
1 0.781506 0.491064 0.0415428 0.0373606 0.86978
1 0.858604 0.265347 0.0376595 0.0292261 0.869708
