0 0.171751 0.249403 0.0487497 0.0482286 0.865005
0 0.222373 0.297707 0.0503531 0.0503802 0.844641
0 0.214247 0.156759 0.0495394 0.0485048 0.836746
0 0.226178 0.392375 0.0548019 0.0483619 0.831425
0 0.217301 0.203286 0.0496205 0.0488599 0.827645
0 0.166096 0.151134 0.0479253 0.0569387 0.82674
0 0.22013 0.250246 0.0488497 0.0486439 0.823974
0 0.16965 0.202141 0.047458 0.0535106 0.822426
0 0.106257 0.252235 0.0835744 0.0557888 0.821788
0 0.212564 0.107705 0.0508024 0.0538639 0.821521
0 0.640907 0.170855 0.0262466 0.0261337 0.81838
0 0.639111 0.325105 0.0253048 0.0247559 0.810848
0 0.211044 0.0605356 0.0506186 0.048688 0.81079
0 0.451129 0.283642 0.0280125 0.0212653 0.809653
0 0.396384 0.267331 0.0289344 0.0180477 0.807083
0 0.397495 0.248427 0.030527 0.0183734 0.806145
0 0.163651 0.0990618 0.0489897 0.0572644 0.805964
0 0.640608 0.22315 0.0254394 0.0246845 0.804012
0 0.105761 0.0911397 0.0680659 0.0568269 0.801528
0 0.6405 0.248616 0.0256241 0.0252181 0.799521
0 0.175019 0.346362 0.0451788 0.0507479 0.79933
0 0.104204 0.199907 0.083049 0.0576521 0.7981
0 0.451858 0.324825 0.0278498 0.0204853 0.79686
0 0.0935511 0.0365666 0.0884849 0.0612706 0.792367
0 0.161922 0.0501345 0.0498465 0.0542685 0.79218
0 0.209767 0.0201047 0.0519417 0.0402095 0.789727
0 0.395773 0.285736 0.0281359 0.0183177 0.788838
0 0.451642 0.304358 0.0280165 0.020314 0.788496
0 0.450376 0.261884 0.0284009 0.0207143 0.787115
0 0.108262 0.144746 0.0696606 0.0583075 0.785718
0 0.639383 0.300242 0.0249685 0.0241987 0.78374
0 0.63881 0.378276 0.0267214 0.0282294 0.781043
0 0.398343 0.229533 0.0316441 0.018625 0.781003
0 0.449836 0.241304 0.0290316 0.0211258 0.778715
0 0.49886 0.281209 0.0206266 0.0227124 0.776102
0 0.804199 0.0810245 0.0124581 0.03142 0.775999
0 0.383246 0.0365215 0.0177938 0.0195913 0.772731
0 0.686077 0.379453 0.0293374 0.0272956 0.770318
0 0.616025 0.224463 0.0173137 0.0251915 0.768326
0 0.497665 0.0528036 0.0224469 0.0255907 0.766538
0 0.38301 0.0179523 0.0173373 0.0185106 0.764492
0 0.640843 0.196925 0.0254358 0.0248562 0.760548
0 0.616859 0.1726 0.018162 0.0266264 0.759477
0 0.365801 0.0359827 0.0167086 0.0196366 0.757783
0 0.616394 0.199061 0.0181359 0.0254587 0.757379
0 0.452114 0.345962 0.0277895 0.0205676 0.752444
0 0.555135 0.0362189 0.0209336 0.0288664 0.7508
0 0.497754 0.0755081 0.0216988 0.025126 0.750275
0 0.926739 0.189047 0.0191498 0.0312708 0.747995
0 0.599417 0.200907 0.0150509 0.0248704 0.747183
0 0.599347 0.250828 0.0145608 0.0238069 0.745993
0 0.804757 0.0531865 0.0118597 0.0308716 0.745051
0 0.641542 0.116786 0.0266265 0.0252288 0.744779
0 0.403831 0.0208104 0.024386 0.0192546 0.743641
0 0.499248 0.324434 0.0203588 0.0207279 0.743129
0 0.615908 0.250054 0.016498 0.0249249 0.742648
0 0.641633 0.0915181 0.0267906 0.0262405 0.741789
0 0.686598 0.324683 0.0307395 0.0255851 0.741714
0 0.579016 0.175385 0.0251188 0.0271666 0.740982
0 0.81578 0.0874429 0.0125995 0.0288318 0.740356
0 0.498458 0.09887 0.020726 0.0262744 0.738326
0 0.638844 0.350145 0.0257563 0.0249095 0.738104
0 0.498912 0.303588 0.0206592 0.0211624 0.738005
0 0.662113 0.37923 0.018278 0.0274765 0.731541
0 0.846691 0.249882 0.0129234 0.0253537 0.729576
0 0.599282 0.225976 0.0146941 0.0246036 0.727526
0 0.553512 0.373521 0.0232964 0.0247733 0.725355
0 0.434587 0.0273776 0.0351702 0.0228378 0.724742
0 0.370773 0.267796 0.0198226 0.0172026 0.724293
0 0.497763 0.0298753 0.0228595 0.0254095 0.723985
0 0.579418 0.348854 0.0269459 0.0224028 0.723633
0 0.498512 0.191458 0.0199999 0.0213126 0.72248
0 0.404126 0.039936 0.0240139 0.0205455 0.722047
0 0.365876 0.0176369 0.0173182 0.0188281 0.721226
0 0.638966 0.41037 0.0273889 0.0347889 0.720565
0 0.641567 0.0658888 0.0280682 0.0271992 0.720351
0 0.370429 0.249222 0.0196591 0.0170594 0.720192
0 0.173208 0.29801 0.0476219 0.0521348 0.718977
0 0.498465 0.170095 0.0198833 0.0212296 0.718786
0 0.64135 0.0381646 0.0285434 0.0309204 0.717164
0 0.480628 0.127394 0.0150102 0.0243159 0.716982
0 0.685537 0.298488 0.0284644 0.0242057 0.715563
0 0.578897 0.202582 0.0252182 0.0241774 0.714249
0 0.685901 0.351367 0.0292744 0.0264148 0.712343
0 0.9759 0.394065 0.0481316 0.0391977 0.711921
0 0.814619 0.1119 0.0117107 0.0278602 0.710964
0 0.497761 0.00964512 0.0235886 0.0192902 0.707974
0 0.816742 0.0593789 0.012587 0.0315821 0.707126
0 0.991683 0.286812 0.0166344 0.0336235 0.703766
0 0.451137 0.220613 0.0325963 0.0213329 0.702607
0 0.449545 0.175537 0.0305301 0.0237084 0.701192
0 0.578248 0.251567 0.0256242 0.0238804 0.700539
0 0.498961 0.258196 0.0199872 0.0218748 0.699809
0 0.858498 0.251362 0.0127445 0.0232002 0.699165
0 0.49861 0.214464 0.0200851 0.0229669 0.69836
2 0.141603 0.515583 0.0462446 0.0732403 0.698109
0 0.499518 0.347146 0.0202153 0.0213711 0.696397
0 0.98496 0.0141237 0.0295277 0.0282475 0.695391
0 0.730312 0.185084 0.0169539 0.0275208 0.693605
0 0.686871 0.245777 0.0312149 0.0255895 0.692304
0 0.398567 0.210923 0.0323172 0.0176373 0.691567
0 0.578585 0.324564 0.0258726 0.0233405 0.689781
0 0.579327 0.37393 0.0276981 0.0260734 0.684237
0 0.791071 0.0745574 0.0148574 0.031924 0.684226
0 0.730468 0.157003 0.0169513 0.0279259 0.679635
0 0.640098 0.274351 0.0251967 0.0255983 0.679562
0 0.791024 0.102299 0.0136871 0.0301183 0.679403
0 0.370408 0.230191 0.0187704 0.0189274 0.67924
0 0.80341 0.107555 0.0115736 0.02951 0.678452
0 0.688077 0.0792747 0.0281202 0.0298653 0.67837
0 0.404411 0.0589329 0.02435 0.021461 0.678156
0 0.480764 0.282164 0.0156036 0.022043 0.676907
0 0.662191 0.324465 0.018211 0.0251794 0.676736
0 0.923097 0.288168 0.0214754 0.0310109 0.674511
0 0.395559 0.303813 0.0276708 0.0179882 0.673687
0 0.481384 0.369752 0.015407 0.0245034 0.672856
0 0.398188 0.117326 0.0414059 0.0211483 0.669815
0 0.661935 0.350661 0.0180326 0.0258004 0.669414
0 0.480711 0.193882 0.0156509 0.0215656 0.668952
0 0.499261 0.12203 0.0199342 0.0251069 0.66856
0 0.403407 0.0062289 0.024732 0.0124578 0.667886
0 0.641583 0.0128164 0.0288445 0.0256327 0.667142
0 0.555239 0.0112707 0.0209894 0.0225415 0.667006
0 0.931499 0.0872962 0.0235009 0.0346694 0.666412
0 0.833826 0.197296 0.0178226 0.025314 0.665502
0 0.223626 0.345293 0.0512447 0.0495993 0.665142
2 0.924719 0.255548 0.02043 0.0309626 0.664781
0 0.68629 0.411407 0.0292981 0.0330281 0.664383
0 0.976306 0.357792 0.0470154 0.0343962 0.663923
0 0.982984 0.0463085 0.03093 0.0398964 0.663314
0 0.48052 0.104848 0.014197 0.0254028 0.662135
0 0.791634 0.0454778 0.0150493 0.0315809 0.661745
0 0.453374 0.367719 0.0294665 0.0231275 0.661427
0 0.615271 0.275659 0.0158205 0.0239784 0.660953
0 0.480846 0.17191 0.0155012 0.0222636 0.660804
0 0.39757 0.360091 0.0292056 0.0209608 0.660378
0 0.720705 0.325034 0.0305129 0.0261535 0.659512
0 0.599955 0.174177 0.0155672 0.0263081 0.656895
0 0.434026 0.00939048 0.0344352 0.018781 0.655554
0 0.662314 0.298765 0.0169651 0.0241237 0.655387
2 0.797031 0.297893 0.0123018 0.0264798 0.653594
0 0.354263 0.116318 0.0144822 0.021707 0.653138
0 0.481608 0.303771 0.0138796 0.020536 0.652605
0 0.368472 0.114575 0.0159686 0.0223921 0.652176
0 0.346126 0.250788 0.0242569 0.018271 0.651414
0 0.641279 0.141522 0.0266453 0.0227582 0.65033
0 0.68736 0.218644 0.0311712 0.0266327 0.648647
0 0.817463 0.0312209 0.0133545 0.0297667 0.645841
0 0.39778 0.0977908 0.0411759 0.0209296 0.645657
0 0.342366 0.213857 0.0193075 0.0195717 0.645649
0 0.662427 0.247014 0.015783 0.0253671 0.645462
0 0.928237 0.156898 0.0197946 0.0324316 0.645108
0 0.40448 0.0786717 0.0258828 0.0212528 0.644822
0 0.480131 0.0822147 0.0132251 0.0261894 0.642698
0 0.341365 0.175473 0.0169997 0.0208039 0.642096
0 0.860262 0.182901 0.0117436 0.02985 0.640983
0 0.367744 0.0937214 0.0151778 0.0213575 0.640126
0 0.730305 0.214588 0.0172723 0.0288016 0.639599
0 0.426755 0.223498 0.0150031 0.0218313 0.639354
0 0.344217 0.232532 0.0225014 0.0198923 0.636052
0 0.947923 0.188145 0.0238315 0.0318112 0.634807
0 0.463705 0.108227 0.0201431 0.0245811 0.634283
0 0.84821 0.200095 0.0126823 0.0259136 0.633934
0 0.366077 0.0551397 0.0159659 0.02094 0.633266
0 0.720108 0.353072 0.0306175 0.0280189 0.629465
2 0.946094 0.255461 0.0219872 0.0325467 0.629364
0 0.930604 0.121294 0.0207962 0.0338191 0.628732
0 0.442066 0.0705172 0.0223932 0.0251005 0.628005
0 0.453012 0.198721 0.0372022 0.0219116 0.627468
0 0.862733 0.108806 0.0124208 0.0264383 0.627083
0 0.353371 0.0960435 0.0151343 0.0212685 0.626578
0 0.859844 0.20288 0.0112377 0.0247124 0.626109
2 0.784138 0.298219 0.0146847 0.0271465 0.625853
0 0.662982 0.220719 0.0153298 0.0246453 0.62158
0 0.479627 0.0598677 0.0137535 0.0245064 0.620381
0 0.663191 0.193428 0.0160389 0.0258301 0.619551
0 0.338772 0.120308 0.0161489 0.0223422 0.617048
0 0.578571 0.227661 0.0259367 0.0236291 0.616844
0 0.83179 0.222485 0.0188322 0.0266853 0.616617
0 0.371513 0.286647 0.0190194 0.0178974 0.615886
0 0.687419 0.165405 0.0285755 0.0247863 0.614358
0 0.731077 0.129152 0.0172557 0.0277454 0.612521
0 0.366748 0.0743289 0.0152297 0.0210556 0.612496
0 0.615256 0.300279 0.0159799 0.0235353 0.612359
0 0.555104 0.0614994 0.0202848 0.0274324 0.611264
0 0.750198 0.155543 0.0192868 0.028615 0.61098
0 0.954122 0.0845257 0.022316 0.0345121 0.610372
0 0.5551 0.349236 0.020507 0.0238066 0.610222
0 0.767206 0.064111 0.0108135 0.0287849 0.60968
0 0.848867 0.176396 0.0129902 0.0266385 0.609411
0 0.00726879 0.073804 0.0145376 0.0583909 0.607904
0 0.341717 0.195086 0.0177042 0.0191405 0.607648
0 0.730181 0.24253 0.0174097 0.0269164 0.607645
0 0.555614 0.085925 0.0196621 0.0272766 0.607532
0 0.438531 0.0490004 0.0282753 0.0251912 0.606679
2 0.830722 0.272542 0.0175989 0.0253807 0.606419
0 0.482167 0.324576 0.0134711 0.0201136 0.605318
0 0.805452 0.0232772 0.0113464 0.0287179 0.604385
0 0.580125 0.406255 0.0304855 0.0344871 0.604251
0 0.291456 0.0271707 0.0127914 0.0189333 0.603976
0 0.39861 0.192605 0.0338275 0.0196365 0.603023
0 0.482207 0.34697 0.0141525 0.0213478 0.601604
0 0.442299 0.0928198 0.0222765 0.0247422 0.599213
0 0.291659 0.0465958 0.0131856 0.0200468 0.598896
0 0.834617 0.173704 0.0184448 0.0282168 0.598475
0 0.47973 0.0373701 0.0142294 0.0260143 0.598455
0 0.39593 0.341014 0.0272186 0.0170429 0.597742
0 0.749837 0.184161 0.019079 0.0280827 0.596478
0 0.499822 0.370188 0.0202302 0.0254904 0.595098
0 0.991253 0.321736 0.0174934 0.0360744 0.595023
0 0.746656 0.299565 0.0168103 0.0265765 0.593399
0 0.665102 0.0842149 0.0171759 0.0286552 0.591631
0 0.498582 0.236624 0.0199208 0.0221538 0.591461
0 0.352187 0.0768926 0.0157999 0.0208422 0.591118
0 0.687609 0.107033 0.0284086 0.0312041 0.590933
0 0.847494 0.225825 0.0126606 0.0255775 0.590585
0 0.690439 0.298117 0.0216112 0.023892 0.586764
0 0.349651 0.0380377 0.016506 0.0204042 0.586181
0 0.331489 0.0276309 0.0127185 0.0198734 0.585735
0 0.350562 0.0573077 0.0166526 0.0211784 0.584293
0 0.370216 0.210957 0.0181049 0.0176879 0.581565
0 0.480789 0.259788 0.0158657 0.0214772 0.579042
0 0.518808 0.324738 0.0159416 0.0221889 0.57872
0 0.687887 0.137329 0.027918 0.0306404 0.578236
0 0.00699903 0.125658 0.0139981 0.0554516 0.578163
0 0.555547 0.11072 0.0193691 0.0289143 0.577769
0 0.729815 0.269703 0.0162601 0.0275989 0.577428
0 0.369753 0.192515 0.0180618 0.0191619 0.576115
2 0.972372 0.254879 0.0262781 0.0346663 0.575886
0 0.748013 0.269958 0.0182911 0.0267993 0.57328
0 0.978835 0.114716 0.0286992 0.0346733 0.572461
0 0.687713 0.191087 0.0302493 0.0265266 0.572375
0 0.139309 0.451044 0.0441681 0.0601629 0.571953
0 0.748679 0.242487 0.0184545 0.0273873 0.571168
0 0.442175 0.11529 0.021227 0.0220535 0.570065
0 0.480653 0.216555 0.0156013 0.0228824 0.568635
0 0.479564 0.0155318 0.0147426 0.0278321 0.567718
0 0.292345 0.064563 0.0134229 0.0191217 0.56764
0 0.464356 0.0182573 0.0248001 0.0275819 0.566458
2 0.809539 0.297693 0.0136436 0.0260852 0.565476
0 0.951216 0.119777 0.0252086 0.0343988 0.564815
0 0.33968 0.13906 0.0163921 0.0197852 0.564788
0 0.831529 0.247196 0.0168777 0.0257038 0.564272
0 0.945063 0.28799 0.0215408 0.0315263 0.564102
2 0.787486 0.186416 0.0122946 0.0294344 0.563505
2 0.796605 0.323546 0.0117916 0.0261833 0.563138
0 0.470304 0.32456 0.00976985 0.0201591 0.562042
0 0.518777 0.372063 0.0157286 0.0249445 0.560123
0 0.766645 0.0937261 0.0123882 0.0300667 0.558199
0 0.728682 0.298006 0.0162022 0.0259548 0.556934
2 0.719836 0.38294 0.0299343 0.0299905 0.556739
0 0.871015 0.185242 0.0104355 0.022353 0.555991
0 0.347974 0.269069 0.0238166 0.0182782 0.555786
0 0.615382 0.324844 0.0162875 0.0240443 0.55388
0 0.749413 0.213801 0.0190355 0.0281717 0.55045
0 0.828624 0.0677139 0.0123993 0.0307396 0.549948
0 0.349355 0.0193695 0.0167554 0.0189297 0.549141
0 0.0522485 0.156554 0.0168945 0.0561202 0.549134
0 0.369139 0.135789 0.0156466 0.0214055 0.548599
2 0.80241 0.134835 0.0112465 0.0303636 0.54853
0 0.281075 0.0382686 0.00936366 0.0170878 0.546994
0 0.662571 0.272643 0.0157064 0.0244405 0.546136
0 0.685795 0.271913 0.0291629 0.0244319 0.545768
0 0.0493732 0.104474 0.0160554 0.060418 0.545388
0 0.778208 0.039357 0.0114487 0.0318401 0.544291
0 0.290346 0.00907858 0.0148331 0.0181572 0.544006
0 0.663593 0.167319 0.0172481 0.0247929 0.543094
0 0.925663 0.221144 0.0193821 0.0306545 0.543051
0 0.767213 0.035215 0.0108049 0.0286639 0.541505
0 0.526891 0.0672577 0.0341791 0.0287523 0.540824
0 0.921124 0.321076 0.0226818 0.0323921 0.540686
0 0.852015 0.0814657 0.0123252 0.0289443 0.539905
2 0.790229 0.131091 0.0124695 0.0310824 0.538708
0 0.395603 0.322571 0.0274231 0.0186123 0.538199
0 0.463495 0.129825 0.0197771 0.0225064 0.5379
0 0.00598493 0.222997 0.0119699 0.049032 0.53563
0 0.337479 0.100385 0.0165967 0.0240029 0.535105
0 0.291849 0.0302628 0.0131314 0.0182816 0.533228
0 0.578651 0.152036 0.0248688 0.0162423 0.532484
0 0.665225 0.0584415 0.0170927 0.0288593 0.531716
0 0.587615 0.0767354 0.0424248 0.028835 0.53122
0 0.129481 0.349352 0.0434683 0.0506471 0.531152
0 0.836587 0.148956 0.0151577 0.0285087 0.530487
0 0.0173382 0.218117 0.0138976 0.0474282 0.530406
2 0.943729 0.321529 0.0235236 0.0334854 0.52925
0 0.109055 0.30198 0.0801381 0.0579652 0.527987
0 0.28095 0.0217027 0.00992312 0.0146719 0.525995
0 0.444824 0.134255 0.0226608 0.0201153 0.525783
0 0.688347 0.0520652 0.0281417 0.0296649 0.525655
0 0.932155 0.0531187 0.0241413 0.0362386 0.52557
0 0.555369 0.324764 0.0188658 0.0229885 0.523966
0 0.86099 0.156909 0.0115746 0.0266532 0.523526
0 0.293212 0.0827283 0.0129271 0.0198072 0.522103
2 0.373049 0.323515 0.0165502 0.0171111 0.520674
0 0.578812 0.276834 0.0266605 0.0232103 0.519861
0 0.73165 0.0974596 0.0163847 0.0304512 0.519627
0 0.664759 0.110678 0.0178711 0.0296087 0.519454
0 0.556423 0.176748 0.0182456 0.0327197 0.519284
0 0.328713 0.0089991 0.0123247 0.0179982 0.518115
0 0.177141 0.394495 0.0429814 0.0507486 0.517369
