2 0.649515 0.497226 0.0780277 0.0453866 0.896961
2 0.645742 0.250278 0.0797056 0.0407636 0.884892
2 0.645052 0.20969 0.079538 0.0395621 0.877229
2 0.646328 0.291212 0.080104 0.0405407 0.876669
2 0.644855 0.170098 0.0792935 0.0394278 0.8717
2 0.646317 0.33253 0.0799562 0.0426428 0.869773
2 0.648602 0.455102 0.0768435 0.0431406 0.865646
2 0.647369 0.373326 0.0774168 0.0415977 0.865362
2 0.394211 0.205577 0.08345 0.0429851 0.864991
2 0.64802 0.414014 0.0762468 0.0427141 0.863002
2 0.709108 0.714647 0.0311476 0.0455191 0.853621
2 0.653213 0.622813 0.0782751 0.0437516 0.850943
2 0.326498 0.858989 0.0312595 0.046692 0.850184
2 0.596336 0.628513 0.0344946 0.0452442 0.846546
1 0.707578 0.631153 0.0285391 0.0447862 0.841348
2 0.595679 0.544954 0.0322439 0.0451361 0.83857
2 0.710804 0.758234 0.0319208 0.0464638 0.837364
2 0.711888 0.846889 0.0300574 0.0449688 0.834416
2 0.498447 0.126273 0.039629 0.0359496 0.828948
2 0.394454 0.164411 0.0823984 0.0394265 0.827741
2 0.325761 0.907241 0.031317 0.0488438 0.825457
2 0.39456 0.0861905 0.0801728 0.0409929 0.824644
2 0.636375 0.799277 0.0474867 0.0469336 0.822891
2 0.336523 0.50325 0.0269968 0.0474519 0.822477
2 0.394132 0.247481 0.0856006 0.0419428 0.820771
2 0.327931 0.812404 0.0304879 0.0457313 0.820606
2 0.594632 0.502904 0.0302601 0.0440856 0.820339
2 0.593916 0.461018 0.0293526 0.0467724 0.817077
2 0.677731 0.798837 0.037266 0.0459675 0.816721
2 0.712435 0.942067 0.0314232 0.0477177 0.814832
1 0.699026 0.421781 0.0230149 0.0450757 0.813372
1 0.702906 0.506184 0.0265852 0.0489512 0.813089
2 0.650537 0.540268 0.0796442 0.0421087 0.812551
0 0.420681 0.715905 0.0723422 0.0455483 0.812352
2 0.191856 0.581417 0.0239117 0.0438927 0.811417
2 0.712023 0.89349 0.0304571 0.0485945 0.807803
2 0.741108 0.642937 0.0365376 0.0479631 0.803563
2 0.394292 0.12578 0.0809036 0.0399811 0.803273
2 0.396218 0.288641 0.0903764 0.0417761 0.802131
0 0.364268 0.715014 0.0402452 0.045967 0.801604
2 0.178133 0.900261 0.0227224 0.0432299 0.797486
1 0.704596 0.548561 0.0266342 0.0470628 0.795567
2 0.328874 0.76714 0.0295301 0.0465954 0.794176
2 0.301554 0.515245 0.0292461 0.0468226 0.793373
2 0.125991 0.552361 0.01842 0.0375382 0.791165
2 0.596486 0.804529 0.0344774 0.0464339 0.789071
2 0.302473 0.474638 0.0288681 0.0467418 0.788787
2 0.49025 0.597804 0.0597401 0.0429158 0.78814
2 0.742319 0.684104 0.0356289 0.0459195 0.787724
2 0.300836 0.557053 0.0293033 0.0471765 0.786298
0 0.595996 0.759334 0.033239 0.0477305 0.783799
0 0.0105418 0.721216 0.0210837 0.0266729 0.782414
2 0.499008 0.165436 0.0385589 0.0390907 0.781593
0 0.0174365 0.564816 0.0286116 0.0280687 0.781478
2 0.228775 0.603995 0.0204065 0.0449021 0.78042
2 0.230287 0.564743 0.021167 0.0438647 0.780253
2 0.257956 0.468662 0.0307832 0.0444828 0.780198
2 0.335428 0.546404 0.0266693 0.0467727 0.779887
0 0.00893799 0.774116 0.0178285 0.0261544 0.779865
1 0.695129 0.226742 0.0165851 0.0473955 0.779783
2 0.74362 0.725913 0.0357506 0.045895 0.779774
0 0.652307 0.581284 0.0778246 0.0413057 0.778664
2 0.593642 0.419022 0.0293232 0.0472239 0.778009
2 0.179944 0.8595 0.0239102 0.0439301 0.776955
2 0.490099 0.556674 0.0588342 0.0429743 0.776502
2 0.303535 0.434051 0.0282763 0.0472744 0.774794
1 0.698395 0.380973 0.022456 0.0449038 0.772971
0 0.0155019 0.615988 0.0285617 0.0271896 0.772769
1 0.792114 0.494663 0.0142889 0.0432347 0.770791
2 0.548174 0.515254 0.0608303 0.0435552 0.769291
0 0.59626 0.713867 0.0336616 0.0456311 0.768998
2 0.490146 0.515644 0.0576121 0.0416956 0.767914
2 0.184869 0.778499 0.0237566 0.0435844 0.767102
2 0.33217 0.676646 0.027368 0.0465735 0.767032
2 0.492481 0.639779 0.0541111 0.0426987 0.765943
2 0.337707 0.460581 0.0279246 0.0485809 0.764724
2 0.404236 0.331625 0.108418 0.0472676 0.76414
2 0.593421 0.379086 0.0294353 0.0472303 0.763659
0 0.296102 0.818103 0.0323367 0.0467627 0.762914
2 0.193675 0.543653 0.0240325 0.0438496 0.762155
2 0.739185 0.603127 0.0369221 0.054307 0.76211
2 0.19055 0.620593 0.0227753 0.0440305 0.760285
2 0.419314 0.805811 0.0719836 0.0466684 0.759386
0 0.244945 0.801942 0.0309605 0.0472191 0.758506
2 0.334108 0.589497 0.0282183 0.046373 0.75833
2 0.304376 0.393771 0.0274056 0.04833 0.75739
2 0.233137 0.485558 0.0195565 0.0412053 0.756375
2 0.182156 0.818438 0.0237846 0.044458 0.756371
0 0.00984833 0.74725 0.0196644 0.028023 0.756201
2 0.300581 0.599845 0.0305964 0.0476502 0.756075
1 0.697156 0.301199 0.0191533 0.0458096 0.756026
2 0.254097 0.594058 0.0323427 0.0467484 0.753109
2 0.30548 0.351931 0.0285167 0.0513075 0.752692
2 0.300008 0.641212 0.0304221 0.0450675 0.751154
2 0.499191 0.20357 0.0387695 0.039955 0.749529
0 0.0157695 0.592027 0.0294478 0.0276984 0.749173
2 0.231761 0.528042 0.019871 0.0390355 0.748864
0 0.495971 0.726709 0.0434295 0.0425707 0.747558
2 0.548961 0.638414 0.0596334 0.0444229 0.747006
2 0.187547 0.698698 0.0231122 0.0428645 0.746868
2 0.548255 0.474203 0.0606081 0.0451287 0.746089
2 0.712847 0.983399 0.0307664 0.0332028 0.744884
2 0.736207 0.481533 0.035744 0.0572288 0.744738
2 0.250627 0.633963 0.0292493 0.0490649 0.744722
2 0.333482 0.632548 0.0279578 0.0453628 0.744702
2 0.189213 0.659881 0.0225702 0.0423294 0.743977
1 0.783455 0.599019 0.0233102 0.0491404 0.741684
2 0.548426 0.556519 0.0604213 0.0423482 0.739915
0 0.0135783 0.642604 0.0269695 0.0266626 0.739385
2 0.323479 0.953964 0.0317026 0.0435857 0.738259
2 0.735998 0.439013 0.0357858 0.0503007 0.738077
0 0.0114814 0.694541 0.022907 0.0266879 0.736917
0 0.0198054 0.513073 0.0272218 0.0295812 0.736575
2 0.248011 0.675957 0.0289343 0.0503702 0.735727
2 0.491015 0.474696 0.057601 0.0447112 0.73503
2 0.227176 0.644626 0.0204202 0.0452549 0.734947
2 0.330617 0.722136 0.0282946 0.0462684 0.734872
0 0.635543 0.753818 0.0479941 0.0468934 0.734143
2 0.225336 0.684826 0.0203773 0.0468497 0.732693
2 0.138604 0.580965 0.0136821 0.0373491 0.729169
1 0.696267 0.263225 0.0175613 0.0455017 0.729001
2 0.306014 0.31007 0.0290911 0.0524801 0.728729
0 0.420486 0.760439 0.0732521 0.0455133 0.724373
0 0.653537 0.6666 0.07874 0.0439088 0.72311
2 0.198992 0.468584 0.0195056 0.0406748 0.722923
2 0.711512 0.80275 0.0305356 0.045643 0.720399
2 0.338345 0.418386 0.027623 0.0482342 0.717837
1 0.700599 0.462558 0.0247126 0.0459711 0.715344
2 0.258858 0.434058 0.0312645 0.0500949 0.713789
2 0.186534 0.739316 0.0239039 0.0422242 0.713259
2 0.196819 0.506899 0.0201667 0.043307 0.71214
2 0.255497 0.554746 0.0314557 0.0432971 0.709741
0 0.0185604 0.539766 0.0282191 0.02675 0.709677
0 0.365354 0.67061 0.0397707 0.0452333 0.709068
1 0.705717 0.589726 0.0273009 0.0466833 0.707484
2 0.200501 0.430473 0.018694 0.039804 0.705127
0 0.243281 0.844476 0.0318703 0.0459005 0.703662
1 0.791264 0.458763 0.0141707 0.0393651 0.699263
0 0.65328 0.710358 0.0807026 0.0445286 0.698737
2 0.498603 0.240337 0.0421838 0.03931 0.698472
2 0.745026 0.76831 0.0356277 0.0451488 0.697482
0 0.356937 0.952356 0.0357796 0.0441527 0.696016
2 0.598673 0.849274 0.0342133 0.0458285 0.693003
1 0.773241 0.379219 0.0177116 0.0500936 0.692085
2 0.809011 0.876754 0.0153858 0.0407761 0.691717
0 0.408288 0.670874 0.0975585 0.0451225 0.691219
0 0.495788 0.769238 0.043435 0.0426775 0.690529
0 0.0328341 0.725895 0.0246985 0.027119 0.690253
2 0.405025 0.37283 0.106184 0.0481543 0.686226
2 0.439369 0.853525 0.032634 0.0468674 0.685729
0 0.0314978 0.752647 0.0251247 0.0275138 0.685625
0 0.294316 0.864944 0.030753 0.0471685 0.684827
2 0.386734 0.582855 0.0787743 0.0468658 0.683024
2 0.176739 0.940286 0.021905 0.0411895 0.681761
2 0.677868 0.892142 0.0386308 0.0481854 0.68002
2 0.74664 0.811127 0.0359778 0.0474132 0.67906
2 0.256669 0.50977 0.0312908 0.0474451 0.678711
2 0.447224 0.136618 0.0225678 0.0416867 0.676666
0 0.0123283 0.667883 0.0246566 0.028201 0.676622
0 0.0412718 0.57478 0.020449 0.0269603 0.675936
2 0.127579 0.518042 0.0181212 0.0408052 0.672701
2 0.127913 0.80282 0.013332 0.0395409 0.672619
2 0.198591 0.895791 0.0184542 0.0455667 0.670774
1 0.709811 0.233758 0.0117978 0.0472787 0.670368
2 0.407123 0.62668 0.099777 0.0467732 0.66649
2 0.420545 0.760676 0.0713653 0.0473461 0.666473
1 0.708993 0.196019 0.0120815 0.0462701 0.666291
2 0.73524 0.39897 0.0341453 0.0513228 0.664738
2 0.133874 0.689855 0.0131722 0.0376484 0.664332
2 0.283004 0.407901 0.0165704 0.0502032 0.662608
2 0.593133 0.334936 0.0288827 0.0477578 0.661892
0 0.0300012 0.778928 0.0253016 0.0272233 0.661661
1 0.788509 0.387908 0.0124047 0.037314 0.66037
2 0.281748 0.448446 0.0171613 0.0471783 0.658893
2 0.197244 0.937264 0.0194247 0.0408 0.654946
2 0.447241 0.175069 0.0227813 0.0437445 0.654704
1 0.793908 0.533046 0.0146334 0.0454006 0.654556
1 0.338009 0.297025 0.0259251 0.043537 0.651873
0 0.676771 0.752991 0.035991 0.0452558 0.651082
0 0.117517 0.733168 0.0171776 0.0413838 0.649824
0 0.75133 0.902768 0.0376558 0.0472751 0.649553
1 0.787305 0.352233 0.0129671 0.0416432 0.648396
1 0.72335 0.205847 0.0184383 0.0510774 0.647981
2 0.250875 0.670902 0.0341521 0.047698 0.647252
2 0.405093 0.497546 0.1071 0.0467856 0.644668
2 0.677997 0.844837 0.0375876 0.0460482 0.643513
0 0.296712 0.77351 0.0304227 0.0468167 0.64046
2 0.536618 0.951129 0.0421333 0.0458019 0.638968
2 0.132103 0.727331 0.0126243 0.0397842 0.637877
0 0.53843 0.767927 0.0407961 0.0412865 0.637785
2 0.130429 0.448185 0.0161499 0.0367073 0.634941
2 0.402524 0.583068 0.110322 0.0479811 0.634561
1 0.726035 0.282157 0.0188191 0.0564843 0.634455
2 0.393174 0.539392 0.0884863 0.0471667 0.634123
2 0.677477 0.941614 0.0391851 0.0467363 0.628908
2 0.130014 0.765126 0.0128582 0.0403029 0.62828
2 0.40502 0.455774 0.106307 0.0499939 0.627992
2 0.27883 0.570452 0.0153575 0.0496925 0.627778
0 0.596904 0.670351 0.0349621 0.0438275 0.626265
2 0.498012 0.952141 0.042932 0.0451399 0.624968
1 0.337928 0.256401 0.0258598 0.0423971 0.623733
2 0.208193 0.69058 0.0184284 0.0452543 0.623122
2 0.356174 0.98948 0.0354345 0.021039 0.622788
2 0.431676 0.854192 0.0466221 0.047323 0.621577
0 0.0081938 0.800834 0.0163371 0.0271223 0.621269
1 0.724526 0.243183 0.0182373 0.0505617 0.621048
2 0.217136 0.893579 0.022032 0.045453 0.619752
1 0.776211 0.483825 0.0180554 0.0465075 0.619337
2 0.421215 0.626766 0.0724783 0.0448231 0.619292
0 0.596009 0.586381 0.0332437 0.0449046 0.616761
0 0.0340696 0.700224 0.0243836 0.0282079 0.616703
2 0.498119 0.279003 0.0439202 0.0405423 0.611156
0 0.0409066 0.600362 0.0223087 0.0264958 0.610011
2 0.257043 0.399087 0.0360976 0.052584 0.609904
2 0.28483 0.328058 0.0150459 0.0530467 0.607303
2 0.121056 0.919854 0.0132093 0.0395533 0.606687
2 0.214058 0.768645 0.0355535 0.0456 0.605693
2 0.284202 0.369854 0.0146236 0.0487703 0.60541
2 0.135956 0.653867 0.0131798 0.0392862 0.604616
1 0.779505 0.560807 0.0189148 0.0497224 0.603728
2 0.279757 0.528597 0.0154573 0.0440988 0.602835
0 0.246372 0.760511 0.0311804 0.0465736 0.602787
2 0.765775 0.628442 0.0170207 0.0479586 0.602524
2 0.447389 0.214697 0.022644 0.0460662 0.600262
0 0.115611 0.770428 0.0160556 0.0391069 0.600232
2 0.637532 0.845885 0.0445126 0.0468898 0.600195
2 0.810185 0.915096 0.0148126 0.0367886 0.595119
1 0.774031 0.416788 0.0183091 0.0471316 0.594523
2 0.737732 0.567558 0.035022 0.0533545 0.59154
2 0.128721 0.482324 0.0179347 0.0383306 0.591471
1 0.306919 0.270852 0.0277163 0.0544436 0.591313
2 0.764578 0.587332 0.0159504 0.0434017 0.580754
1 0.772494 0.34419 0.0172996 0.0473096 0.58012
2 0.403924 0.413981 0.109368 0.0472896 0.577507
2 0.735899 0.527229 0.0342862 0.0603774 0.576499
1 0.789397 0.42123 0.0123173 0.035462 0.571028
0 0.293174 0.911928 0.0290285 0.0471183 0.570516
0 0.941557 0.892834 0.0159237 0.0167053 0.570253
2 0.123047 0.880572 0.014184 0.0425592 0.569552
2 0.122917 0.587935 0.0203097 0.0386086 0.56922
0 0.0383945 0.650472 0.0242858 0.0268543 0.569106
2 0.140824 0.546243 0.0127332 0.0392369 0.567644
2 0.438764 0.901621 0.0326948 0.0482513 0.565949
2 0.536517 0.903319 0.042086 0.0486107 0.564813
2 0.539161 0.812247 0.0436029 0.0444507 0.56324
0 0.7481 0.856063 0.0363173 0.0481332 0.563055
2 0.637201 0.941709 0.0462736 0.046588 0.559856
2 0.218529 0.728499 0.0297124 0.0451156 0.557654
2 0.763037 0.549943 0.0143502 0.0445346 0.556001
2 0.537629 0.856655 0.0420155 0.0443546 0.55577
2 0.677342 0.983015 0.0413704 0.0339702 0.555205
0 0.359582 0.902651 0.0372219 0.048842 0.549593
2 0.708255 0.673372 0.0297749 0.042926 0.549342
2 0.421221 0.671245 0.0710699 0.0454792 0.548276
2 0.548976 0.59688 0.0596759 0.0443507 0.546966
1 0.740659 0.261783 0.014816 0.056512 0.546418
2 0.761414 0.511947 0.0141045 0.0505722 0.545821
0 0.0399062 0.625029 0.022338 0.0267773 0.542458
2 0.216842 0.934454 0.0208279 0.040924 0.541538
2 0.233637 0.449248 0.0196928 0.0512281 0.539996
0 0.397924 0.95114 0.0466414 0.0449507 0.539975
2 0.338529 0.377032 0.0265912 0.0483184 0.537695
0 0.539216 0.726174 0.0422794 0.0428307 0.536066
2 0.7524 0.94792 0.0396969 0.0475066 0.534035
1 0.740838 0.225743 0.0157858 0.0610394 0.53015
1 0.784443 0.311366 0.0161864 0.0557353 0.529226
2 0.212345 0.571168 0.0166347 0.0427461 0.528977
0 0.942753 0.909886 0.0153957 0.0177979 0.527791
0 0.548269 0.725604 0.0593428 0.0446926 0.527206
2 0.75286 0.984975 0.0403103 0.03005 0.526523
0 0.400754 0.852617 0.042478 0.0469924 0.523549
0 0.122273 0.626321 0.0184905 0.0422412 0.523542
1 0.788525 0.640486 0.0306396 0.050607 0.523075
1 0.77741 0.522771 0.0170815 0.050808 0.522824
0 0.363599 0.75975 0.0403133 0.0467691 0.519813
2 0.216868 0.851358 0.0256474 0.0444136 0.519134
0 0.361663 0.853308 0.0387061 0.0468465 0.518835
2 0.366022 0.62639 0.039057 0.0457595 0.516366
0 0.00716564 0.830534 0.0143138 0.0300314 0.511787
2 0.726254 0.320939 0.0193595 0.0531196 0.507147
0 0.866112 0.787378 0.0136239 0.0153824 0.506825
2 0.788969 0.638497 0.0306604 0.0487789 0.504549
2 0.442477 0.951814 0.0433253 0.0464326 0.503273
