1 0.828004 0.344034 0.0539607 0.0330536 0.882345
1 0.884051 0.376219 0.0585366 0.0323746 0.881019
1 0.520037 0.383557 0.078058 0.028638 0.879364
1 0.520038 0.324111 0.0783604 0.0295637 0.878253
1 0.828115 0.37567 0.0549358 0.0315044 0.877665
1 0.827957 0.311123 0.0531789 0.034049 0.875335
1 0.52017 0.295362 0.0785088 0.0287605 0.87461
1 0.582217 0.324929 0.0472062 0.0295157 0.861369
1 0.88398 0.310002 0.0582315 0.0343267 0.859393
1 0.88381 0.27628 0.0596674 0.0347797 0.85699
1 0.520037 0.3538 0.0780165 0.0296436 0.856103
1 0.884045 0.343128 0.0576418 0.0340655 0.855025
1 0.773958 0.377314 0.0528929 0.0303051 0.85231
1 0.773819 0.345839 0.0527934 0.031794 0.846752
1 0.444317 0.382147 0.0726172 0.0293697 0.845969
1 0.240171 0.259901 0.0525582 0.0393948 0.844839
1 0.520327 0.431478 0.0779946 0.0281507 0.844757
1 0.241101 0.29687 0.05374 0.041596 0.844133
1 0.240539 0.332204 0.0524625 0.0395612 0.834129
1 0.44509 0.35203 0.0714644 0.0312427 0.831693
1 0.582268 0.295518 0.047655 0.0286377 0.831284
1 0.187876 0.411465 0.0528282 0.0201695 0.830513
1 0.582025 0.384326 0.0438887 0.0280062 0.830399
1 0.109751 0.363307 0.0392276 0.0330059 0.829125
1 0.774574 0.31352 0.0525876 0.0319717 0.827211
1 0.5825 0.35521 0.0450141 0.0300019 0.826861
1 0.291991 0.382804 0.0486054 0.0375263 0.826125
1 0.188289 0.389876 0.0528353 0.0230004 0.825839
1 0.1093 0.391312 0.0392333 0.0223936 0.822385
1 0.240319 0.391801 0.051343 0.0221871 0.81602
1 0.655199 0.290823 0.101265 0.0391937 0.815135
1 0.188047 0.290848 0.0547244 0.0395377 0.81226
1 0.240512 0.365751 0.0513174 0.0333377 0.811342
1 0.291375 0.347965 0.0459165 0.0355525 0.811031
1 0.654822 0.32368 0.100457 0.0299718 0.808555
1 0.520185 0.408258 0.0769879 0.0204544 0.807164
1 0.52045 0.235011 0.0780633 0.0324876 0.807088
1 0.445333 0.32173 0.0713888 0.0310587 0.806961
1 0.188862 0.220224 0.0562343 0.0429556 0.804774
1 0.774706 0.28192 0.053858 0.0340118 0.804627
1 0.666376 0.353404 0.0775837 0.0297444 0.803158
1 0.108725 0.413044 0.0390724 0.0214876 0.799576
2 0.775588 0.51728 0.0571891 0.0268631 0.797549
1 0.287944 0.268901 0.0456382 0.0413501 0.793486
1 0.144741 0.411648 0.0344838 0.0193802 0.787456
1 0.363202 0.347729 0.0939268 0.0360295 0.785907
2 0.521721 0.547039 0.0765144 0.030104 0.783397
1 0.581801 0.431786 0.043715 0.0279025 0.782849
2 0.774149 0.477687 0.0583223 0.047928 0.778746
1 0.240892 0.228148 0.0529806 0.0436392 0.778581
1 0.239896 0.411528 0.0530099 0.0183649 0.778336
1 0.726436 0.381649 0.0431147 0.0299083 0.775565
1 0.362879 0.379941 0.0920086 0.0380773 0.772921
1 0.28941 0.306333 0.0440517 0.0521083 0.772034
2 0.77805 0.582214 0.05095 0.0303911 0.77183
1 0.667728 0.383943 0.074645 0.0300686 0.768227
1 0.109471 0.328964 0.0374326 0.0354193 0.766546
1 0.376347 0.285206 0.0675594 0.0382522 0.765758
2 0.38213 0.546175 0.10469 0.0327249 0.760908
1 0.144989 0.390521 0.034008 0.0224223 0.760699
1 0.581821 0.408525 0.0435965 0.0200204 0.754422
2 0.777991 0.614547 0.0517588 0.0334827 0.752421
1 0.291831 0.412331 0.0474717 0.0220825 0.747307
2 0.773965 0.427443 0.0564221 0.0347303 0.736384
1 0.828426 0.278924 0.0539614 0.0355033 0.726884
1 0.288393 0.240623 0.0482189 0.0296912 0.725894
1 0.374729 0.315268 0.0699698 0.0354985 0.722202
2 0.856549 0.65693 0.111279 0.0443734 0.720696
2 0.520887 0.577022 0.0721233 0.0295618 0.717561
1 0.326002 0.27688 0.0344485 0.0405187 0.716705
1 0.726413 0.346366 0.0427758 0.0362193 0.712017
1 0.326461 0.246114 0.0312099 0.0320348 0.708829
1 0.188593 0.36229 0.0529705 0.0327349 0.705924
1 0.188154 0.256432 0.0560246 0.039254 0.704586
1 0.52059 0.26628 0.0795838 0.0306075 0.703641
1 0.189031 0.18343 0.0571147 0.0526653 0.695847
1 0.109387 0.260349 0.0387015 0.0323191 0.694352
2 0.93494 0.346135 0.0409864 0.0311914 0.690197
1 0.726662 0.330963 0.0435754 0.0522684 0.690191
1 0.108996 0.293842 0.0373001 0.0365763 0.689834
2 0.885175 0.520382 0.0621831 0.029936 0.689777
2 0.458878 0.545848 0.0513456 0.0316292 0.684765
2 0.829669 0.421697 0.0557905 0.0237751 0.684295
2 0.460334 0.577012 0.0483862 0.0301353 0.682902
2 0.884063 0.400942 0.0561858 0.0189197 0.678433
1 0.14522 0.361885 0.0334081 0.032602 0.659951
1 0.444363 0.406742 0.0717718 0.0209871 0.657589
1 0.447412 0.292386 0.0691217 0.0302755 0.655509
1 0.937012 0.276554 0.0476744 0.0345803 0.649425
2 0.777054 0.550217 0.0549622 0.0307177 0.642023
1 0.0773131 0.264534 0.0279091 0.0417675 0.640532
2 0.829877 0.435791 0.0543047 0.0319782 0.633909
2 0.8289 0.518825 0.0506194 0.028702 0.631994
2 0.881763 0.61775 0.0611192 0.032414 0.630718
1 0.188448 0.32717 0.0531076 0.0362971 0.630191
2 0.858069 0.584661 0.108327 0.0311409 0.627294
1 0.109543 0.23364 0.0389099 0.027464 0.624761
2 0.830229 0.441015 0.0543628 0.0224901 0.622789
1 0.726772 0.287324 0.0448199 0.0376845 0.618548
1 0.0763221 0.297272 0.0256577 0.0412959 0.617256
1 0.325904 0.312495 0.032413 0.0366498 0.615372
2 0.884665 0.421089 0.0560097 0.0205215 0.613
1 0.376536 0.222626 0.0707243 0.0398537 0.60515
1 0.144051 0.325942 0.0329766 0.0336419 0.589572
2 0.729748 0.516572 0.0357857 0.0242007 0.588893
1 0.327649 0.216881 0.0292209 0.0362737 0.582644
2 0.885457 0.442206 0.0568604 0.0214754 0.567952
2 0.121361 0.51702 0.0830483 0.0262055 0.562048
2 0.82875 0.400839 0.0551058 0.0177193 0.554858
2 0.118244 0.587098 0.0709827 0.0350554 0.552011
2 0.938378 0.553771 0.0490456 0.0300661 0.548665
2 0.934569 0.378425 0.0400785 0.0323287 0.545821
0 0.517722 0.606112 0.0657986 0.0276164 0.53786
1 0.773994 0.401698 0.053651 0.0184393 0.533703
1 0.143564 0.25394 0.0342171 0.037191 0.527049
2 0.728729 0.489905 0.0332244 0.024924 0.526373
1 0.362161 0.422639 0.0932793 0.0434009 0.526237
2 0.882061 0.585304 0.0590099 0.0308524 0.515274
2 0.670419 0.912767 0.145378 0.0619272 0.511375
2 0.882641 0.552677 0.0603253 0.0313219 0.508787
2 0.827316 0.617406 0.0472582 0.0332801 0.508359
2 0.0437839 0.40746 0.0875679 0.0412528 0.508052
