1 0.457876 0.492371 0.0260634 0.0454135 0.90705
1 0.457852 0.538963 0.0259979 0.0482601 0.901182
1 0.457456 0.631529 0.0259705 0.0476003 0.893571
1 0.48427 0.489412 0.0257907 0.0460846 0.889234
1 0.484747 0.630121 0.0272161 0.0474602 0.886929
1 0.484694 0.678701 0.0277924 0.0475092 0.876048
1 0.457664 0.585609 0.0262699 0.047528 0.876045
1 0.484737 0.582797 0.0270069 0.0469503 0.87564
1 0.484493 0.536251 0.0264424 0.0472194 0.875441
1 0.618148 0.46329 0.0285839 0.0499949 0.872506
1 0.618766 0.515118 0.028885 0.0521158 0.871352
0 0.619916 0.771133 0.0289484 0.0491984 0.869294
1 0.647024 0.566016 0.0269971 0.0524349 0.868345
1 0.64651 0.513306 0.0264511 0.0518738 0.864913
1 0.45736 0.678923 0.0260193 0.0472628 0.857868
1 0.304952 0.679718 0.0189028 0.0487458 0.857074
1 0.484877 0.725398 0.0282009 0.0453245 0.843743
1 0.484755 0.771774 0.0281969 0.0453489 0.838006
1 0.619263 0.567934 0.0293381 0.0532383 0.836748
2 0.562174 0.626664 0.0413616 0.0473243 0.833825
1 0.305192 0.724196 0.0190951 0.0467022 0.832726
1 0.646095 0.461834 0.0259655 0.0494655 0.83006
1 0.240582 0.67479 0.0201073 0.0479262 0.829574
1 0.305491 0.634372 0.018833 0.0514603 0.829447
1 0.510015 0.532501 0.0242294 0.047438 0.828482
1 0.484821 0.819026 0.0285222 0.0459516 0.827797
1 0.307633 0.501454 0.0201535 0.0549678 0.8202
2 0.620151 0.823607 0.0293647 0.0501875 0.817906
0 0.648594 0.722013 0.0270516 0.0494013 0.816877
1 0.240124 0.721597 0.0206627 0.0459326 0.808514
1 0.510095 0.579775 0.024109 0.0475372 0.807704
1 0.307428 0.546605 0.0198652 0.0580257 0.805909
1 0.26296 0.675563 0.0242866 0.0476367 0.803787
1 0.306542 0.59038 0.0194721 0.0510659 0.802875
1 0.509664 0.484622 0.0240111 0.0474277 0.799373
1 0.53062 0.626856 0.0196104 0.0486527 0.795158
0 0.648709 0.770316 0.0267799 0.0467442 0.793986
1 0.5307 0.577136 0.0188809 0.0488638 0.788783
1 0.239627 0.767655 0.0209134 0.0474062 0.788245
1 0.241367 0.627688 0.0202067 0.0467966 0.788076
1 0.509379 0.677604 0.0214706 0.0486133 0.785602
1 0.285684 0.677157 0.0212769 0.0489342 0.781811
2 0.561938 0.575443 0.0404625 0.0508036 0.778958
1 0.285863 0.723613 0.0206995 0.0477445 0.778736
1 0.619727 0.619525 0.0292349 0.0520357 0.776941
1 0.305344 0.769443 0.0192536 0.0462238 0.77145
1 0.285935 0.769524 0.020252 0.0466618 0.768971
1 0.509657 0.628358 0.0229196 0.0479828 0.766711
0 0.619941 0.722187 0.0288941 0.050581 0.766275
1 0.67055 0.51231 0.0203671 0.0520252 0.762074
1 0.530063 0.724719 0.0206012 0.047303 0.758563
1 0.263041 0.722506 0.0252475 0.0463242 0.753024
1 0.509605 0.725243 0.0220365 0.0455126 0.75081
0 0.648439 0.670664 0.0275797 0.0524319 0.750484
1 0.263206 0.628035 0.0232975 0.0476596 0.748609
1 0.53111 0.527708 0.0184464 0.0496016 0.747973
1 0.457494 0.726007 0.0259472 0.0454923 0.746812
2 0.209002 0.583977 0.0434405 0.0479759 0.744626
1 0.242227 0.578585 0.0205159 0.0505659 0.743354
2 0.59708 0.545249 0.0148945 0.0495159 0.740955
1 0.530439 0.676677 0.0204107 0.0491917 0.739819
1 0.670574 0.461016 0.0205219 0.0485299 0.73695
1 0.383179 0.636474 0.0109218 0.0466758 0.72902
1 0.402212 0.542272 0.0278796 0.0499948 0.727519
1 0.403788 0.589506 0.0306107 0.0468397 0.72232
1 0.669787 0.565542 0.0194971 0.053671 0.72072
1 0.286166 0.814503 0.0205615 0.0422851 0.720586
1 0.286107 0.629866 0.0213007 0.0493467 0.717521
1 0.53124 0.478338 0.0190615 0.049994 0.714668
2 0.596296 0.496091 0.0152235 0.0498352 0.712857
1 0.647651 0.618725 0.0273714 0.0520263 0.707576
1 0.264171 0.579769 0.0232394 0.0486398 0.705834
1 0.24236 0.530963 0.0210065 0.0492686 0.685458
2 0.650923 0.822976 0.0309496 0.0531248 0.68183
1 0.265589 0.487382 0.0219503 0.0465789 0.68027
1 0.383362 0.591254 0.0105269 0.0457038 0.680261
2 0.595853 0.741588 0.0185015 0.040996 0.679586
1 0.209908 0.721551 0.0389691 0.042855 0.672286
1 0.402519 0.505737 0.0291275 0.0472857 0.668064
1 0.286657 0.583103 0.0213928 0.0500718 0.664375
2 0.596173 0.699073 0.0178202 0.0450398 0.659652
2 0.40112 0.682211 0.028123 0.044973 0.655983
1 0.513607 0.77191 0.0298908 0.0453692 0.651542
1 0.286947 0.536055 0.0212827 0.0517908 0.651443
2 0.209703 0.537871 0.0429337 0.0481884 0.648202
2 0.210464 0.491496 0.0413935 0.0511256 0.648089
2 0.400918 0.727122 0.0292886 0.0443245 0.641998
1 0.287807 0.49083 0.0206029 0.0493667 0.637893
0 0.670023 0.671497 0.0175003 0.0519032 0.636715
2 0.596373 0.590247 0.0168249 0.0420315 0.636113
1 0.527832 0.772531 0.0255634 0.0463153 0.632028
2 0.561623 0.676826 0.0411965 0.0490592 0.630863
2 0.518793 0.820347 0.0398335 0.0476452 0.630537
1 0.402735 0.51576 0.0286906 0.0681474 0.626017
1 0.264832 0.532903 0.021491 0.0485552 0.618867
1 0.561729 0.67676 0.0410493 0.0493361 0.615409
1 0.242762 0.486542 0.0222641 0.0449984 0.615082
1 0.305059 0.814037 0.0190581 0.0409071 0.609942
1 0.40254 0.636362 0.0285424 0.046127 0.609903
2 0.400342 0.771172 0.0280487 0.0433388 0.598225
2 0.208361 0.676957 0.0426178 0.0472964 0.586938
1 0.561396 0.524267 0.0392502 0.0501121 0.572638
1 0.560957 0.773497 0.0400064 0.0471601 0.567788
2 0.561161 0.822136 0.0381402 0.0489777 0.552475
1 0.383372 0.504614 0.0105009 0.0413437 0.534877
2 0.208665 0.630727 0.0444208 0.0462362 0.525223
1 0.382669 0.681973 0.0111131 0.0449541 0.519916
1 0.669918 0.617994 0.0183926 0.0519526 0.509556
0 0.619405 0.670676 0.0283184 0.0521475 0.503203
