1 0.661248 0.354909 0.0371757 0.0397165 0.901577
1 0.659986 0.394423 0.0360707 0.0385648 0.900354
1 0.662499 0.314311 0.0366066 0.0418152 0.898186
1 0.701332 0.314262 0.0415272 0.0418533 0.892692
1 0.468628 0.344213 0.0317659 0.0353931 0.890702
1 0.435616 0.203999 0.0268183 0.0262066 0.889526
1 0.497972 0.308924 0.0267615 0.0366828 0.888364
1 0.558489 0.31226 0.0291318 0.0386411 0.887805
1 0.497397 0.272119 0.0264513 0.0353472 0.887065
1 0.497234 0.238827 0.0256613 0.0299043 0.885815
1 0.497773 0.382675 0.0259633 0.0352755 0.88433
1 0.699396 0.355556 0.0420316 0.0403547 0.883725
1 0.526608 0.240171 0.0333178 0.0280612 0.882064
1 0.435838 0.235034 0.02742 0.0330876 0.882043
1 0.527043 0.272284 0.03374 0.0356234 0.878361
1 0.497963 0.34618 0.0264565 0.036353 0.876788
1 0.436166 0.271637 0.0280062 0.0356131 0.875681
1 0.697863 0.395206 0.0426937 0.0394782 0.875578
2 0.585499 0.240783 0.023987 0.0283032 0.874586
1 0.52732 0.310174 0.0332897 0.0377838 0.8745
1 0.558585 0.24088 0.0289541 0.0275616 0.873478
1 0.740033 0.31485 0.0372202 0.0415839 0.872528
1 0.742576 0.274159 0.0369226 0.0406747 0.871929
1 0.467172 0.271428 0.0328218 0.0363845 0.871293
1 0.702997 0.273411 0.0411858 0.0400614 0.870788
1 0.243059 0.207969 0.0216568 0.0237808 0.86926
1 0.738658 0.356148 0.038991 0.0411577 0.866977
2 0.297783 0.368847 0.0279313 0.0332944 0.866309
1 0.4678 0.308142 0.0327814 0.0364193 0.865179
1 0.558538 0.274043 0.0286175 0.0357384 0.864686
1 0.245234 0.268838 0.0212631 0.0318181 0.863491
1 0.526351 0.385284 0.0318044 0.0361656 0.863153
1 0.243927 0.236358 0.0214842 0.0309048 0.861653
1 0.527101 0.348457 0.0323661 0.0376614 0.86095
1 0.24902 0.33279 0.020161 0.0302344 0.859232
2 0.469341 0.414456 0.0301346 0.0331799 0.856466
2 0.271654 0.367032 0.0233547 0.0325939 0.854001
1 0.247271 0.300792 0.0208462 0.0307694 0.853075
1 0.2663 0.235995 0.0240927 0.0318503 0.852243
1 0.557029 0.388464 0.0299599 0.0372861 0.851804
2 0.437217 0.379961 0.0296146 0.0348942 0.851505
1 0.663938 0.27346 0.0364532 0.0388853 0.850991
2 0.324163 0.370383 0.0241282 0.0320615 0.849869
2 0.470014 0.481368 0.0296799 0.0316851 0.848293
2 0.324714 0.403349 0.0234004 0.0332521 0.847965
1 0.467366 0.235904 0.0329746 0.0335096 0.846443
1 0.467363 0.204219 0.0344711 0.0267122 0.846067
1 0.405026 0.204216 0.030223 0.0249524 0.844496
2 0.438007 0.415013 0.029425 0.0310285 0.844099
1 0.557749 0.350386 0.0295326 0.0375002 0.843168
2 0.438572 0.447243 0.0286016 0.0326373 0.841244
2 0.29882 0.402141 0.0276577 0.0320599 0.841053
2 0.612016 0.240108 0.0292091 0.0294334 0.840144
2 0.47196 0.610294 0.027741 0.0303998 0.839225
1 0.406168 0.270711 0.0295086 0.0351128 0.839207
2 0.470575 0.514247 0.0287788 0.032289 0.83751
1 0.610724 0.314922 0.0278345 0.0402819 0.836299
1 0.26771 0.268633 0.0250803 0.0327073 0.835661
2 0.495881 0.483145 0.0218983 0.032383 0.835434
0 0.309125 0.670602 0.0244591 0.0301137 0.834761
1 0.703467 0.238977 0.0405531 0.0288858 0.834686
2 0.472077 0.54712 0.0268476 0.0319256 0.832767
1 0.737594 0.396929 0.0400997 0.0409073 0.832438
2 0.585968 0.275734 0.0242657 0.0382466 0.830353
2 0.406487 0.378228 0.0301239 0.0359723 0.830067
2 0.637028 0.240037 0.0205877 0.0280327 0.82893
1 0.230394 0.299705 0.013786 0.0304798 0.828218
2 0.326239 0.466131 0.0223803 0.0316177 0.827594
1 0.617697 0.393492 0.0447796 0.038063 0.827175
2 0.776483 0.606555 0.0172596 0.0264498 0.826837
2 0.471544 0.672714 0.0271545 0.0302068 0.826608
2 0.436773 0.343257 0.0292462 0.0346601 0.826362
2 0.472089 0.579294 0.0272397 0.0315435 0.825932
1 0.405682 0.234709 0.0302996 0.0325174 0.825414
2 0.469533 0.448388 0.0300177 0.0324651 0.82509
2 0.584166 0.430145 0.0214785 0.0376067 0.823068
1 0.609426 0.354776 0.0272667 0.0391105 0.822336
1 0.525583 0.422177 0.0314236 0.036714 0.820868
2 0.792277 0.6101 0.0159579 0.0281555 0.818748
2 0.356554 0.340446 0.0403092 0.032793 0.817555
2 0.362417 0.374865 0.0500326 0.033794 0.817088
1 0.658242 0.433489 0.0351321 0.0377823 0.815478
1 0.66446 0.239354 0.0359474 0.028377 0.812888
1 0.743883 0.239161 0.0385265 0.0281633 0.812485
2 0.471745 0.641558 0.0279486 0.0320867 0.81202
1 0.229207 0.268563 0.0132849 0.030363 0.811629
2 0.297177 0.335795 0.0278818 0.0325086 0.809778
2 0.363602 0.40957 0.0517617 0.0353229 0.807202
2 0.49562 0.51652 0.0210117 0.0322089 0.807083
2 0.43655 0.307073 0.0288329 0.0346993 0.805674
2 0.253501 0.457534 0.0203126 0.0308475 0.805327
2 0.496088 0.581658 0.0196718 0.0318545 0.802614
2 0.495984 0.549864 0.0198483 0.0316142 0.801364
2 0.439293 0.611523 0.0281917 0.030422 0.799815
0 0.440996 0.764143 0.0274189 0.0326403 0.798953
2 0.362772 0.444014 0.0503997 0.0333358 0.797557
2 0.406267 0.342095 0.0297685 0.0339733 0.793512
1 0.226941 0.236638 0.0142706 0.0308121 0.792686
2 0.406403 0.413209 0.0316237 0.031378 0.790802
1 0.231991 0.33104 0.0142457 0.0303776 0.790783
2 0.363005 0.476476 0.0497314 0.0307425 0.787574
1 0.812071 0.639754 0.0282121 0.0284037 0.78709
2 0.299793 0.433156 0.0278787 0.0308934 0.787029
1 0.292359 0.23576 0.028183 0.032605 0.786764
2 0.232541 0.363571 0.0130609 0.0317982 0.785176
0 0.987818 0.71255 0.0236629 0.027359 0.784247
2 0.331301 0.617184 0.0204866 0.0297296 0.7836
2 0.583291 0.468193 0.0205002 0.0368996 0.782435
2 0.94095 0.645214 0.0194475 0.0271851 0.779377
2 0.274222 0.430882 0.0227927 0.0320216 0.77855
1 0.49723 0.417736 0.0252565 0.0338168 0.777767
1 0.584842 0.353925 0.023284 0.039733 0.775654
2 0.36576 0.57066 0.0485271 0.0312256 0.77532
2 0.471776 0.703123 0.0269097 0.0311595 0.775083
2 0.471764 0.733515 0.0271036 0.0315674 0.77172
2 0.439643 0.642033 0.0276323 0.0314092 0.771254
0 0.985691 0.738414 0.0242332 0.0292342 0.770928
2 0.326863 0.498064 0.0232547 0.0326944 0.770076
2 0.524715 0.45826 0.0309254 0.035354 0.768967
2 0.438798 0.480392 0.0282978 0.0289016 0.768099
2 0.354654 0.305868 0.039038 0.0332405 0.765828
1 0.29416 0.268921 0.028142 0.0331775 0.765565
2 0.362983 0.508577 0.0483912 0.0316261 0.764619
2 0.249388 0.365235 0.0205117 0.031294 0.763214
2 0.652079 0.583091 0.0328901 0.0344649 0.762377
2 0.307398 0.615695 0.0254083 0.0297898 0.762201
0 0.441168 0.734835 0.0283072 0.0311035 0.761576
2 0.791148 0.635091 0.0151525 0.0251072 0.758818
2 0.440353 0.67387 0.0282286 0.0312442 0.75695
2 0.233232 0.395908 0.0122744 0.0314663 0.755208
2 0.273035 0.399479 0.0231189 0.0317285 0.753461
2 0.25011 0.396965 0.0221816 0.0311426 0.753151
2 0.354073 0.235756 0.0429598 0.0326792 0.749492
2 0.382043 0.235458 0.0176684 0.032134 0.74718
2 0.331675 0.64578 0.019636 0.0306005 0.745323
2 0.651129 0.618821 0.032688 0.0340888 0.743436
2 0.363675 0.540342 0.047708 0.0295641 0.740962
2 0.77575 0.631172 0.0169954 0.0253415 0.737944
2 0.653982 0.546971 0.0351768 0.0349219 0.736629
2 0.520602 0.631005 0.0258018 0.0318254 0.734314
1 0.35321 0.270475 0.038857 0.0342045 0.73431
2 0.38174 0.271063 0.0185188 0.0346553 0.734246
1 0.295968 0.302513 0.0280035 0.032784 0.73292
2 0.439015 0.578421 0.0289898 0.0325404 0.731844
0 0.968331 0.651732 0.0342375 0.0293217 0.730883
2 0.366523 0.662324 0.0471222 0.0304001 0.730466
1 0.321751 0.303866 0.0246767 0.0337883 0.728921
2 0.323018 0.337449 0.0242866 0.0322796 0.728812
2 0.355576 0.205591 0.0477079 0.0246946 0.72798
1 0.318222 0.206114 0.0265198 0.0249958 0.727877
2 0.495823 0.612198 0.0192126 0.0307259 0.725437
2 0.407439 0.637287 0.0318762 0.0326723 0.725067
1 0.320075 0.269144 0.026108 0.0333518 0.724921
2 0.650131 0.654499 0.032485 0.0331126 0.7237
2 0.647095 0.72235 0.0305911 0.0313797 0.722198
2 0.655206 0.511438 0.0335814 0.0359277 0.721078
1 0.264898 0.207191 0.0230629 0.0243375 0.720913
2 0.635731 0.274761 0.021354 0.0385886 0.720227
2 0.366309 0.600981 0.0487202 0.0319097 0.720201
0 0.687905 0.588542 0.0353545 0.0369827 0.719367
2 0.585407 0.314627 0.0243736 0.0388388 0.71889
0 0.989825 0.685034 0.0203493 0.0300669 0.717927
2 0.554868 0.499685 0.0313286 0.0315135 0.706405
2 0.520176 0.66313 0.0257188 0.0334268 0.704033
2 0.320207 0.269138 0.0257912 0.0334994 0.703746
1 0.406471 0.306838 0.0295867 0.0340389 0.702552
2 0.262166 0.658283 0.0211378 0.0280202 0.701997
2 0.522352 0.529495 0.0274665 0.0323355 0.701756
2 0.378159 0.340616 0.0262695 0.0326424 0.700575
0 0.303831 0.527309 0.0262792 0.0311056 0.699309
2 0.649125 0.688204 0.0316142 0.0319443 0.698381
1 0.611458 0.275411 0.0285368 0.0387417 0.69725
2 0.581854 0.504337 0.0207855 0.0344349 0.693832
2 0.258701 0.57499 0.0212622 0.0291972 0.69038
2 0.521247 0.595472 0.025141 0.0347699 0.688649
2 0.657078 0.472331 0.03256 0.036688 0.687417
2 0.281314 0.579761 0.0236156 0.0274267 0.683128
0 0.519537 0.783952 0.0230087 0.025089 0.683117
2 0.438283 0.546608 0.0291758 0.0300561 0.681916
2 0.406555 0.606936 0.0333033 0.0291777 0.681219
2 0.523536 0.495849 0.0298373 0.0316512 0.681076
1 0.496451 0.451045 0.0237 0.031323 0.680387
2 0.495803 0.642772 0.0195156 0.0314295 0.679097
2 0.645664 0.756135 0.0311726 0.0326528 0.678833
0 0.409506 0.728945 0.0332916 0.0302564 0.677743
2 0.521633 0.56343 0.0259652 0.031705 0.676105
2 0.495932 0.674433 0.0197865 0.0310604 0.675089
2 0.813966 0.616532 0.0292961 0.0272207 0.673588
2 0.261085 0.630724 0.021852 0.0287282 0.673225
0 0.991929 0.657726 0.0161419 0.0316115 0.672112
0 0.547051 0.764119 0.0286654 0.0313321 0.671161
1 0.363551 0.806001 0.0196581 0.034492 0.670123
2 0.438621 0.51231 0.0286695 0.0333574 0.668233
2 0.406435 0.478487 0.0324898 0.0288208 0.668135
1 0.31922 0.235398 0.0269675 0.032729 0.66727
2 0.556438 0.463417 0.030809 0.0377407 0.665746
2 0.788202 0.680864 0.0154922 0.0243183 0.66397
1 0.330454 0.588216 0.0212643 0.0315241 0.66083
0 0.787841 0.705447 0.0163439 0.0287651 0.658579
2 0.383064 0.340697 0.0165758 0.033134 0.657676
0 0.408389 0.69546 0.0347487 0.0409999 0.656889
2 0.584438 0.392154 0.0224895 0.037664 0.656045
2 0.617814 0.431816 0.0465214 0.0367144 0.655794
1 0.225397 0.208664 0.0142378 0.0234463 0.652123
2 0.556604 0.425494 0.0305702 0.0380349 0.65146
2 0.382437 0.306341 0.018201 0.0334122 0.650483
0 0.914106 0.717259 0.0213068 0.0272305 0.650268
0 0.912306 0.741624 0.0200077 0.0289795 0.649131
2 0.47176 0.765512 0.0274469 0.0341482 0.648329
2 0.264095 0.68591 0.0204366 0.0270069 0.647552
1 0.270821 0.334189 0.0238287 0.0311429 0.646376
2 0.259984 0.602553 0.021805 0.0295742 0.643191
0 0.311155 0.726067 0.0229572 0.0303235 0.637306
2 0.257495 0.546702 0.020017 0.0290601 0.631569
1 0.382518 0.808292 0.0163389 0.0360177 0.627315
1 0.329224 0.559882 0.020946 0.0304029 0.627169
2 0.275713 0.462726 0.0222452 0.0311673 0.626601
0 0.519688 0.75762 0.0238934 0.0295122 0.625564
0 0.933784 0.722849 0.0198948 0.0283574 0.622011
0 0.332275 0.675019 0.0186561 0.0294966 0.620755
2 0.366508 0.632099 0.0483823 0.0326998 0.620264
0 0.310155 0.69956 0.0240543 0.0260725 0.61977
0 0.689384 0.549862 0.0341367 0.0364488 0.616435
0 0.965183 0.678221 0.032239 0.0317307 0.61621
2 0.405724 0.575419 0.03208 0.0319901 0.61581
0 0.916899 0.692233 0.0198563 0.0273404 0.615422
1 0.468923 0.379848 0.030983 0.0340806 0.613927
1 0.251808 0.427154 0.0215331 0.0304946 0.610371
0 0.547373 0.730898 0.0285236 0.031974 0.607907
0 0.519901 0.726385 0.0252271 0.0308721 0.605745
0 0.441149 0.703 0.028993 0.0334824 0.603419
0 0.278211 0.524435 0.0229789 0.029731 0.59992
1 0.413225 0.797596 0.0226422 0.0421097 0.598141
2 0.301216 0.464594 0.0268437 0.0309637 0.597528
2 0.496226 0.704768 0.019753 0.0308174 0.592578
2 0.269542 0.301629 0.0249637 0.0321835 0.588182
2 0.441022 0.803004 0.0259415 0.0448586 0.586058
1 0.556572 0.425958 0.0303809 0.0377333 0.585384
2 0.548051 0.666549 0.0284695 0.0328901 0.584367
2 0.553813 0.532934 0.0322124 0.0330223 0.58422
0 0.547766 0.700948 0.0281865 0.0310567 0.583955
0 0.904933 0.327763 0.013385 0.0110703 0.583015
2 0.321822 0.303744 0.0239152 0.0336554 0.581821
0 0.916146 0.327293 0.0098732 0.010984 0.581501
2 0.327952 0.530037 0.0217606 0.032553 0.580131
2 0.496588 0.451041 0.0239985 0.031402 0.579796
0 0.892029 0.327439 0.0117972 0.0114176 0.579792
1 0.891776 0.687011 0.0309671 0.0292989 0.578785
2 0.381446 0.205027 0.0163263 0.0243578 0.577635
0 0.983763 0.556052 0.01563 0.0211454 0.576606
2 0.279583 0.551914 0.0235844 0.0289591 0.572915
2 0.28275 0.608133 0.0228861 0.0329732 0.568743
0 0.995309 0.341496 0.00926132 0.0128832 0.567209
0 0.789724 0.657843 0.0151779 0.0253905 0.566209
2 0.353679 0.270368 0.0408186 0.0337071 0.560179
2 0.84837 0.62224 0.0422531 0.0287684 0.557915
2 0.581339 0.539429 0.0208714 0.0334846 0.556227
2 0.408073 0.667724 0.0327818 0.0288874 0.554395
0 0.964266 0.318746 0.0130016 0.0130809 0.554361
2 0.841873 0.621537 0.0303226 0.0289384 0.553553
2 0.575725 0.712002 0.0228107 0.0330345 0.552591
0 0.918915 0.667278 0.0201562 0.0276248 0.550177
0 0.960963 0.348125 0.011124 0.0117672 0.550137
0 0.935813 0.346944 0.010717 0.0119958 0.549002
1 0.291036 0.206498 0.0285068 0.0252221 0.545265
0 0.939964 0.306213 0.0117115 0.0131606 0.542513
2 0.254473 0.488048 0.0202358 0.0300123 0.541637
0 0.917462 0.306049 0.0101668 0.0104596 0.538517
0 0.365947 0.75016 0.044022 0.0310829 0.537636
0 0.951014 0.320125 0.0147362 0.0133225 0.537084
0 0.938968 0.318184 0.0118402 0.012824 0.53698
1 0.585438 0.314875 0.024271 0.0396135 0.536569
0 0.726778 0.588793 0.0387647 0.0376184 0.533747
2 0.575176 0.743232 0.0225201 0.0326704 0.531514
0 0.983014 0.575907 0.0162994 0.0189753 0.522691
0 0.973496 0.342175 0.0135654 0.0133686 0.522383
0 0.915431 0.339542 0.00970726 0.0123722 0.521922
0 0.883129 0.305775 0.0106354 0.0118492 0.519752
2 0.774126 0.654161 0.0167291 0.0242871 0.518863
2 0.265879 0.713364 0.0188321 0.0279221 0.517201
0 0.904231 0.339304 0.0129263 0.012037 0.517004
2 0.938127 0.671736 0.019915 0.0285024 0.515078
0 0.982792 0.765114 0.0198788 0.0309092 0.513324
0 0.965205 0.304933 0.011396 0.0118532 0.511485
0 0.306728 0.586261 0.0268054 0.030446 0.510666
2 0.471218 0.807227 0.0263734 0.0427856 0.510094
1 0.255598 0.517871 0.0198205 0.0292446 0.508868
2 0.605058 0.507015 0.0279968 0.033887 0.506713
0 0.831504 0.695152 0.0172512 0.0286802 0.503691
0 0.308321 0.642729 0.0245096 0.0278214 0.500667
0 0.772103 0.701212 0.0149012 0.0265868 0.500331
