1 0.275861 0.902444 0.323452 0.194749 0.879099
1 0.0519872 0.928295 0.103197 0.139346 0.863389
1 0.26492 0.703551 0.304628 0.208656 0.850428
1 0.488948 0.307051 0.209025 0.194074 0.840738
1 0.0149683 0.479832 0.0299366 0.0436973 0.781138
1 0.68966 0.346024 0.210335 0.19901 0.746203
1 0.0553165 0.48032 0.0520542 0.0451945 0.738073
1 0.525513 0.918136 0.210391 0.160634 0.735031
1 0.290065 0.495973 0.334833 0.203943 0.728291
1 0.726656 0.921653 0.230559 0.152677 0.6314
1 0.188786 0.218086 0.0813258 0.0284837 0.597575
1 0.266098 0.296483 0.283059 0.196227 0.591628
