1 0.0916536 0.800803 0.0912568 0.0586026 0.89767
1 0.0980646 0.741505 0.0891196 0.0573898 0.892998
1 0.0846054 0.872816 0.0956215 0.0821505 0.88852
1 0.178763 0.800841 0.0927046 0.0608603 0.887139
1 0.274235 0.737422 0.0872661 0.0628517 0.874958
1 0.282095 0.622343 0.0874696 0.0535071 0.868997
1 0.183888 0.739318 0.0905355 0.0615995 0.866701
1 0.108268 0.682453 0.087941 0.0580648 0.866457
1 0.279504 0.677398 0.0871583 0.0559053 0.865458
2 0.679759 0.658073 0.0624645 0.0749822 0.841296
1 0.114542 0.627319 0.0850121 0.0544502 0.794709
1 0.600366 0.609475 0.0951009 0.0663231 0.789913
1 0.169827 0.877896 0.0929329 0.0948805 0.77135
1 0.507277 0.692317 0.0868971 0.0800114 0.765647
1 0.760857 0.633305 0.102419 0.099671 0.748703
2 0.682193 0.751151 0.071854 0.124503 0.692564
1 0.0235843 0.872454 0.0438704 0.0822378 0.690912
1 0.237693 0.193168 0.0676149 0.0401516 0.690763
1 0.510729 0.629695 0.0846453 0.0640204 0.688977
2 0.678373 0.597692 0.0578133 0.0521817 0.654624
1 0.368764 0.627767 0.0882449 0.051073 0.652379
2 0.0510397 0.54575 0.0294031 0.0522082 0.64623
2 0.369548 0.626849 0.0887238 0.0538457 0.629043
1 0.74266 0.372973 0.0954645 0.0802025 0.611545
1 0.963221 0.588313 0.0723186 0.0954627 0.609622
1 0.191125 0.681042 0.0880565 0.0540736 0.601318
1 0.196283 0.624936 0.0826998 0.0548995 0.597352
2 0.0582484 0.496246 0.0278355 0.0521538 0.574814
2 0.367201 0.680141 0.0901435 0.0528674 0.571724
2 0.0445753 0.594343 0.0261428 0.0526042 0.571141
2 0.665397 0.400697 0.05809 0.0620712 0.544039
1 0.367038 0.680233 0.0897227 0.0525239 0.542734
