1 0.629462 0.756137 0.17117 0.218152 0.905242
1 0.113538 0.618796 0.22612 0.194298 0.898007
1 0.124613 0.447979 0.247773 0.221855 0.894322
1 0.904137 0.733008 0.184415 0.253923 0.894051
1 0.145024 0.301995 0.255162 0.224101 0.881445
1 0.171732 0.152924 0.252876 0.233218 0.861704
1 0.444891 0.0836002 0.332135 0.166143 0.85665
1 0.402138 0.3691 0.320789 0.274536 0.854927
1 0.106357 0.797946 0.18177 0.187747 0.843372
1 0.781172 0.10485 0.381953 0.207771 0.837951
1 0.193936 0.0692654 0.227471 0.138531 0.810675
1 0.425563 0.193475 0.328963 0.274202 0.791631
1 0.391167 0.565234 0.337811 0.239572 0.783087
1 0.0475746 0.105515 0.0950513 0.164598 0.773139
1 0.767559 0.269633 0.385073 0.253912 0.761172
1 0.293893 0.788346 0.204284 0.194598 0.690954
1 0.760052 0.751336 0.102025 0.231091 0.686718
1 0.428057 0.777347 0.229477 0.213999 0.540177
