1 0.301541 0.826889 0.0945988 0.135982 0.894347
1 0.613801 0.934357 0.0577093 0.124404 0.888017
1 0.613819 0.712171 0.0567833 0.126365 0.886192
1 0.301466 0.936804 0.0913461 0.122564 0.883627
1 0.614139 0.824579 0.0569301 0.128843 0.876106
1 0.668817 0.946148 0.0533199 0.106993 0.872485
1 0.396445 0.798618 0.095955 0.143524 0.856717
1 0.53634 0.688291 0.0985321 0.129899 0.850829
1 0.537158 0.921863 0.0997831 0.140589 0.845479
1 0.397577 0.920602 0.0981663 0.1516 0.838525
1 0.669086 0.844288 0.0529888 0.123642 0.837026
1 0.949234 0.944722 0.0828071 0.107345 0.829748
1 0.304124 0.715269 0.0992953 0.141035 0.81974
1 0.53675 0.803024 0.0997292 0.134439 0.818431
1 0.46628 0.673783 0.0369349 0.124871 0.802369
1 0.741573 0.883822 0.0316475 0.113985 0.793183
1 0.741859 0.966182 0.0315479 0.0676354 0.778446
1 0.860926 0.703098 0.0713095 0.17148 0.778182
1 0.668626 0.734812 0.0530687 0.118977 0.770671
1 0.711618 0.864261 0.0317715 0.117992 0.719793
2 0.794656 0.502359 0.0438005 0.0668429 0.713736
1 0.71116 0.957099 0.0308977 0.082996 0.709436
1 0.466426 0.788831 0.0408687 0.127186 0.70286
2 0.794485 0.565407 0.0440607 0.0662132 0.667078
1 0.772117 0.898834 0.0286339 0.0996312 0.666026
1 0.772378 0.97322 0.0292258 0.0523674 0.645814
1 0.825962 0.913572 0.0784144 0.101046 0.603237
2 0.794555 0.630774 0.0433229 0.0643545 0.562564
1 0.826181 0.977738 0.0780085 0.0445236 0.544313
2 0.795178 0.435888 0.0416811 0.070906 0.544229
1 0.467083 0.913905 0.0402534 0.134672 0.53696
