2 0.495222 0.819893 0.0755387 0.0630013 0.886658
2 0.495039 0.880544 0.0767576 0.0634222 0.882938
2 0.495197 0.941467 0.0778183 0.0598625 0.871775
2 0.423084 0.82308 0.0690356 0.0606559 0.864806
2 0.495809 0.760618 0.0747858 0.0624978 0.864599
2 0.42371 0.766853 0.0685765 0.0602506 0.856372
2 0.495911 0.703238 0.0743233 0.0631729 0.851306
2 0.422672 0.88122 0.0688275 0.0606021 0.84533
2 0.424473 0.711825 0.0679577 0.0610138 0.844705
2 0.594061 0.455818 0.0348799 0.0537996 0.813154
2 0.593228 0.401663 0.033403 0.0534572 0.809475
2 0.59477 0.511304 0.0353409 0.0547664 0.805694
2 0.496033 0.646662 0.0736189 0.0639034 0.802117
2 0.739991 0.865042 0.0298471 0.0471348 0.79589
2 0.740779 0.909712 0.0318935 0.0457603 0.78304
2 0.422436 0.94062 0.0681434 0.0580232 0.782961
2 0.424482 0.657854 0.0686239 0.0594254 0.776856
2 0.478524 0.389201 0.0356659 0.0492088 0.772323
2 0.737875 0.820514 0.0295415 0.0477956 0.765512
2 0.740858 0.95124 0.0328306 0.0427944 0.745803
2 0.595993 0.568496 0.0355511 0.0567061 0.741372
2 0.359099 0.828355 0.0632198 0.0597761 0.733554
2 0.624497 0.513763 0.0219677 0.0589932 0.731555
2 0.495847 0.484442 0.071015 0.0611713 0.72553
2 0.496119 0.591262 0.072617 0.0639263 0.72175
2 0.626154 0.458146 0.027502 0.0588852 0.712029
2 0.73583 0.777822 0.0292501 0.0466824 0.702955
2 0.495862 0.536969 0.0720408 0.0625904 0.697028
2 0.728224 0.608664 0.0283592 0.0459795 0.693302
2 0.647521 0.813619 0.0172459 0.0597381 0.690669
2 0.359331 0.774521 0.0630715 0.0594168 0.687721
2 0.580713 0.939009 0.0885305 0.063793 0.686486
2 0.625777 0.627442 0.0199121 0.057323 0.673536
2 0.625054 0.570189 0.0197178 0.0576049 0.672221
2 0.646806 0.753019 0.0173437 0.0594055 0.667486
2 0.359439 0.88429 0.0660849 0.0617669 0.659241
2 0.729503 0.649557 0.0289359 0.0452848 0.657687
2 0.63034 0.811508 0.0175413 0.0619364 0.657683
2 0.513391 0.380875 0.0326092 0.0498405 0.649184
2 0.424177 0.605423 0.069302 0.0580996 0.631825
2 0.579732 0.748925 0.0812623 0.0647077 0.631613
2 0.626395 0.404951 0.0293056 0.0561568 0.623823
2 0.648461 0.874983 0.017366 0.058628 0.621426
2 0.627225 0.686725 0.0195358 0.0607067 0.617095
2 0.690308 0.934601 0.0702866 0.0584427 0.613056
2 0.358472 0.72142 0.0630627 0.0629227 0.608742
2 0.578931 0.688287 0.080735 0.0641406 0.600462
2 0.689907 0.875199 0.070811 0.0599194 0.594083
2 0.592754 0.349415 0.032196 0.0502133 0.59384
2 0.631626 0.87416 0.0178368 0.0589176 0.590746
2 0.731523 0.692106 0.0293877 0.0449513 0.577475
2 0.68967 0.823577 0.0678044 0.0642953 0.57132
2 0.633707 0.933525 0.0182125 0.0568708 0.570442
2 0.64523 0.694376 0.0169668 0.0586789 0.570292
2 0.592863 0.874698 0.0607714 0.062913 0.570284
2 0.514542 0.430569 0.0325966 0.0528072 0.565896
2 0.68828 0.769537 0.0655848 0.072191 0.545571
2 0.629387 0.748621 0.0180063 0.0640024 0.543291
2 0.726851 0.567493 0.0266337 0.0442216 0.527927
2 0.355409 0.668761 0.0703826 0.0623715 0.511276
2 0.579581 0.811126 0.0852492 0.0645941 0.504921
2 0.733579 0.734723 0.0296166 0.0463562 0.504479
