2 0.400726 0.884681 0.227902 0.153006 0.891293
2 0.120672 0.907612 0.112152 0.0817354 0.869043
2 0.23042 0.888635 0.124614 0.128431 0.849165
1 0.369049 0.625801 0.0987177 0.128808 0.840298
2 0.0700086 0.831927 0.0497351 0.0776366 0.821636
2 0.0503991 0.906863 0.0492567 0.0739413 0.820866
1 0.284409 0.660307 0.0731274 0.119166 0.798914
1 0.295359 0.565634 0.0711145 0.106268 0.790613
2 0.134072 0.823095 0.106967 0.0950731 0.764146
2 0.590504 0.870944 0.157263 0.162864 0.751922
1 0.0838207 0.763037 0.0465446 0.0720137 0.742
1 0.478718 0.605213 0.118296 0.16367 0.735025
1 0.592406 0.45197 0.109973 0.139648 0.714077
2 0.268679 0.769847 0.0846413 0.123511 0.713986
1 0.808116 0.6059 0.0388821 0.102671 0.609261
1 0.692195 0.588884 0.0635172 0.1557 0.581984
1 0.476683 0.468526 0.114164 0.13775 0.572956
1 0.775175 0.573988 0.0336861 0.108032 0.565496
1 0.59796 0.572182 0.121807 0.165425 0.564497
1 0.176439 0.666632 0.0540224 0.0622368 0.552109
2 0.588262 0.723115 0.128761 0.145595 0.514138
1 0.372431 0.514654 0.108453 0.124747 0.513729
