1 0.819282 0.347268 0.0412178 0.0274257 0.906101
1 0.819222 0.37515 0.0412481 0.0271543 0.906093
1 0.340167 0.420442 0.0563589 0.0248033 0.905643
1 0.819153 0.428675 0.0416464 0.0268849 0.904615
1 0.953873 0.452828 0.0423134 0.0274273 0.904418
2 0.508802 0.490831 0.035323 0.0267718 0.893836
2 0.911761 0.508273 0.0423374 0.0278048 0.890338
1 0.387479 0.44417 0.0382907 0.0246297 0.88831
1 0.819131 0.402388 0.0418385 0.0266311 0.886884
1 0.60793 0.412186 0.0406327 0.0256319 0.885704
1 0.910701 0.34455 0.0429918 0.0282195 0.885579
2 0.911736 0.562525 0.0425339 0.0280125 0.883672
2 0.386914 0.495731 0.0384788 0.0258169 0.882828
1 0.339947 0.444827 0.0565063 0.0256554 0.882679
2 0.1943 0.526924 0.0374405 0.025372 0.882312
2 0.471483 0.544985 0.03874 0.0265064 0.881989
2 0.911527 0.535451 0.0430222 0.0270686 0.881467
1 0.388259 0.393197 0.0378571 0.0274154 0.880567
1 0.106554 0.379872 0.0356336 0.0254116 0.880367
2 0.911556 0.480743 0.0424675 0.0273041 0.879312
2 0.508231 0.51781 0.0347576 0.027344 0.879311
1 0.106627 0.429301 0.0356219 0.0247774 0.876814
1 0.510542 0.439199 0.0379149 0.0259833 0.876709
1 0.0315027 0.409168 0.0356656 0.0241745 0.876509
1 0.0703245 0.359395 0.0366716 0.0222101 0.876093
1 0.387792 0.419617 0.0378438 0.025182 0.875498
1 0.953824 0.425372 0.0426601 0.0277901 0.874631
2 0.551874 0.462469 0.0497108 0.02646 0.873019
2 0.472356 0.466472 0.0389117 0.0256564 0.87224
1 0.388426 0.365643 0.0376501 0.0275198 0.871988
2 0.508159 0.570962 0.0348341 0.0275401 0.871432
1 0.953768 0.397521 0.0423199 0.0276801 0.87102
1 0.105748 0.478967 0.0336985 0.0253502 0.87044
1 0.472546 0.339068 0.0378658 0.0233889 0.870433
2 0.507869 0.544551 0.0346743 0.027368 0.870221
1 0.511294 0.36011 0.0397882 0.0277767 0.870044
1 0.106462 0.357635 0.0355147 0.0227001 0.869745
2 0.471988 0.492208 0.0389848 0.0264781 0.868764
1 0.911225 0.426913 0.042765 0.0264947 0.868759
1 0.718774 0.432494 0.0384098 0.0268804 0.868752
1 0.511055 0.41358 0.0383877 0.0263447 0.868434
2 0.471613 0.518591 0.0390747 0.0268531 0.868028
2 0.717902 0.512929 0.0421013 0.0273127 0.867571
2 0.386942 0.521677 0.0381993 0.0263741 0.867535
1 0.910866 0.372412 0.0430725 0.0277595 0.867531
2 0.551238 0.488781 0.0510253 0.0265527 0.867358
2 0.471611 0.571403 0.0389494 0.027034 0.867224
1 0.953476 0.507282 0.0408501 0.0283353 0.867187
1 0.984284 0.423538 0.0189196 0.0284807 0.864896
1 0.106745 0.453945 0.0354633 0.0262647 0.863934
1 0.472497 0.441983 0.0390508 0.0249436 0.862603
1 0.47246 0.390306 0.038589 0.0266622 0.862562
1 0.910887 0.400128 0.0429371 0.0273065 0.862374
1 0.472453 0.363822 0.0384027 0.0271945 0.861547
2 0.387037 0.547376 0.0382522 0.0260066 0.860492
2 0.820095 0.53745 0.0413828 0.0264502 0.860224
2 0.471209 0.623539 0.0397275 0.0265737 0.858983
2 0.471399 0.597843 0.0393332 0.0268581 0.858813
1 0.0686783 0.431465 0.039363 0.0247208 0.858812
1 0.472519 0.416438 0.0390894 0.0260683 0.857934
1 0.983521 0.34119 0.0185678 0.0270502 0.857027
2 0.508225 0.623366 0.0358305 0.0272172 0.856061
1 0.864936 0.428112 0.0497847 0.0264027 0.85537
2 0.507978 0.597338 0.0353107 0.0276259 0.855304
1 0.864975 0.346073 0.0497028 0.0287173 0.854441
1 0.98383 0.368869 0.0182564 0.0265438 0.854076
1 0.0688435 0.407302 0.0390974 0.0254214 0.85199
1 0.608084 0.386369 0.0411732 0.0262408 0.851859
2 0.193943 0.551977 0.0370117 0.0246962 0.851606
1 0.864833 0.402094 0.0490635 0.0273175 0.851553
2 0.508377 0.649825 0.0359125 0.0272182 0.85116
1 0.106506 0.4048 0.0358621 0.0266561 0.851041
1 0.0694103 0.382349 0.0382794 0.0247974 0.850849
2 0.509763 0.464637 0.0366188 0.0263478 0.849144
1 0.511027 0.387429 0.0390705 0.0279415 0.848947
1 0.953916 0.479878 0.0419422 0.0269479 0.848588
1 0.864816 0.374054 0.0490723 0.0282998 0.848514
1 0.984176 0.396139 0.0185635 0.0267823 0.846981
2 0.952942 0.562609 0.0388325 0.0285357 0.846698
2 0.551365 0.514821 0.05126 0.0266438 0.846504
2 0.387275 0.4696 0.0383589 0.0254279 0.845302
1 0.953408 0.370324 0.041951 0.0276265 0.844859
2 0.387109 0.573006 0.0376322 0.0269118 0.844683
1 0.195403 0.427412 0.0369561 0.0245976 0.843942
2 0.551047 0.566907 0.0509527 0.0270538 0.842911
1 0.031088 0.433393 0.0348089 0.0246795 0.841847
1 0.195161 0.402699 0.0362496 0.0254249 0.841352
2 0.55104 0.540783 0.0514103 0.0262871 0.839737
2 0.102765 0.529627 0.0308619 0.0262393 0.837708
2 0.820091 0.510806 0.0409983 0.0267957 0.836766
1 0.299116 0.395338 0.0271307 0.0262136 0.83664
2 0.0682828 0.529586 0.0375064 0.0248816 0.836006
2 0.717876 0.540095 0.042061 0.02777 0.835805
1 0.195154 0.452143 0.0374187 0.0243901 0.835804
1 0.953156 0.342806 0.0415413 0.0279919 0.834031
1 0.0689868 0.455717 0.0399093 0.0247728 0.833863
1 0.298771 0.421504 0.0273175 0.0261014 0.833493
1 0.340485 0.3944 0.0568183 0.0274541 0.831288
1 0.0688774 0.480306 0.0392124 0.0249858 0.830932
1 0.340684 0.36784 0.0561219 0.0274125 0.830841
2 0.865475 0.482291 0.0504902 0.0284295 0.830413
1 0.718739 0.405444 0.0383814 0.0268545 0.828122
2 0.414852 0.573334 0.0178797 0.026696 0.827781
2 0.414126 0.598905 0.0194647 0.0256653 0.824491
2 0.953211 0.590526 0.037944 0.0281979 0.823501
2 0.865376 0.509646 0.0506279 0.0276094 0.822674
2 0.0685777 0.504976 0.0380639 0.0246383 0.821697
2 0.350481 0.520859 0.0347446 0.0259602 0.821444
2 0.865324 0.537235 0.0504896 0.0273878 0.819459
2 0.386942 0.598706 0.0363392 0.0258517 0.819271
2 0.865221 0.454768 0.050119 0.0272075 0.817563
2 0.551343 0.593378 0.0514053 0.029547 0.813523
1 0.757541 0.376949 0.0393904 0.0272567 0.812086
1 0.952988 0.535108 0.0397602 0.0278402 0.810609
2 0.47101 0.648818 0.039752 0.0251474 0.810475
2 0.415154 0.52102 0.0172256 0.0261916 0.808256
1 0.29963 0.369376 0.0274981 0.026193 0.80584
2 0.603287 0.488953 0.0501274 0.0272089 0.804773
1 0.718725 0.378896 0.0384769 0.0261901 0.804564
1 0.51156 0.337803 0.0408415 0.0213399 0.803874
2 0.350771 0.545988 0.0344956 0.0262262 0.803001
2 0.414975 0.547184 0.017216 0.0259352 0.800938
1 0.0309839 0.457903 0.0345858 0.0245088 0.800149
1 0.00678752 0.459044 0.013575 0.023922 0.799157
2 0.819002 0.455847 0.0412003 0.0270389 0.799155
1 0.717724 0.352624 0.0400964 0.0269822 0.798133
1 0.297103 0.447008 0.0300329 0.0260453 0.79652
1 0.718451 0.459053 0.0398771 0.0266327 0.796059
2 0.984273 0.506258 0.0214527 0.0266122 0.795679
1 0.162623 0.426996 0.0283005 0.0250713 0.793224
2 0.911271 0.453992 0.0424271 0.0265027 0.792765
2 0.716906 0.567455 0.038612 0.0268815 0.792725
1 0.78827 0.375955 0.019558 0.0267952 0.789731
2 0.983738 0.533529 0.0225529 0.0270825 0.789554
2 0.351154 0.495544 0.0332247 0.0266035 0.789329
2 0.287421 0.525046 0.0221381 0.0260095 0.788587
1 0.00677901 0.434082 0.013558 0.024808 0.787781
1 0.415912 0.444551 0.0184075 0.0244538 0.786133
1 0.415964 0.419206 0.0186893 0.0261549 0.784488
2 0.413659 0.624668 0.0201936 0.0254742 0.784377
2 0.983514 0.560683 0.0229626 0.0272154 0.782637
2 0.415415 0.494723 0.0176588 0.0258589 0.781675
1 0.19514 0.476681 0.037993 0.0233468 0.780071
2 0.103738 0.503957 0.0314553 0.0258362 0.77869
2 0.33991 0.469929 0.0561645 0.0266259 0.776874
2 0.75985 0.537826 0.0418995 0.0261941 0.776048
1 0.608027 0.36044 0.0408345 0.0264387 0.768131
1 0.984729 0.47923 0.0206886 0.0274529 0.765767
1 0.607655 0.437166 0.0403615 0.0245372 0.761508
2 0.0688613 0.553569 0.036928 0.0229054 0.758597
2 0.606845 0.462451 0.0427223 0.0257274 0.75804
1 0.757014 0.40393 0.0383774 0.0272487 0.757322
2 0.287248 0.550562 0.0229946 0.0248938 0.755503
2 0.953974 0.645641 0.0355789 0.0281211 0.755484
2 0.865249 0.564647 0.0500339 0.0267253 0.752769
2 0.912326 0.590101 0.0419617 0.0269372 0.746804
2 0.35088 0.571307 0.0346028 0.026316 0.746621
1 0.757224 0.430714 0.0386147 0.0276534 0.745666
1 0.163091 0.377468 0.027524 0.0246492 0.744654
2 0.35055 0.596621 0.0352542 0.0259395 0.743372
1 0.553743 0.411764 0.0486343 0.025335 0.739811
2 0.150466 0.525993 0.0387683 0.026368 0.739188
2 0.322847 0.547337 0.0229975 0.026142 0.738901
2 0.718097 0.486025 0.0413788 0.0267329 0.737557
2 0.415843 0.468672 0.0180859 0.0245123 0.736476
1 0.0328118 0.38381 0.0362567 0.0251793 0.736237
1 0.415843 0.364727 0.0174446 0.027597 0.735406
2 0.71402 0.594392 0.0311726 0.027695 0.733831
1 0.415938 0.392141 0.0176828 0.0271068 0.730402
1 0.0349742 0.360384 0.0346821 0.0223931 0.727635
1 0.151577 0.451915 0.0491099 0.0252127 0.726779
2 0.820108 0.562877 0.0404381 0.024359 0.724606
2 0.543778 0.621035 0.0358049 0.0286115 0.7219
2 0.983872 0.588627 0.0227062 0.0282326 0.720185
1 0.163443 0.401958 0.0276234 0.0251607 0.718443
2 0.602595 0.62262 0.0495901 0.0268176 0.713165
2 0.602568 0.515987 0.0525997 0.02735 0.712891
2 0.103191 0.553781 0.0296156 0.0237635 0.712573
1 0.819238 0.455914 0.0408897 0.0270646 0.712352
2 0.983568 0.617093 0.0224457 0.0281999 0.711513
1 0.289666 0.473286 0.0249949 0.0265133 0.710802
1 0.194999 0.378045 0.0365309 0.0250965 0.703374
1 0.230726 0.45493 0.0161076 0.0250842 0.703141
1 0.19459 0.50156 0.037439 0.0242193 0.699697
2 0.305214 0.524286 0.015262 0.0264991 0.695419
1 0.151162 0.476527 0.0494916 0.0245741 0.692347
2 0.147878 0.551416 0.0334871 0.0250097 0.692195
2 0.603218 0.649104 0.0477229 0.0265769 0.683463
1 0.00693982 0.409886 0.0138796 0.0238557 0.683366
2 0.602513 0.542679 0.0523579 0.0269464 0.681529
2 0.00582681 0.506786 0.0116536 0.0243891 0.677239
2 0.0347342 0.50572 0.025527 0.023387 0.677192
2 0.00523285 0.532461 0.0104657 0.025332 0.676087
1 0.553188 0.437023 0.048938 0.0252175 0.674508
2 0.602843 0.59568 0.0521513 0.0285469 0.673248
2 0.984484 0.451495 0.019846 0.0266027 0.663671
1 0.231696 0.407053 0.0153166 0.0249647 0.662471
2 0.323078 0.522739 0.0232544 0.0270018 0.661538
2 0.348823 0.622952 0.0341485 0.0265298 0.659993
1 0.218479 0.405621 0.0113071 0.0250944 0.651759
1 0.231538 0.430789 0.015938 0.0236841 0.648148
1 0.754585 0.457779 0.0318405 0.0265871 0.647024
1 0.78837 0.402705 0.0195784 0.0265913 0.64661
1 0.136367 0.427067 0.0248829 0.0247665 0.643098
2 0.152367 0.501192 0.040859 0.0238611 0.642058
2 0.0375822 0.530048 0.0183484 0.0244482 0.636847
2 0.60909 0.67336 0.0353182 0.0230148 0.632977
1 0.608046 0.334344 0.0409641 0.0237452 0.631206
2 0.325274 0.496385 0.0271181 0.0275251 0.62943
2 0.305812 0.498217 0.0147314 0.0270701 0.628937
1 0.195522 0.353545 0.0363226 0.0226801 0.626967
2 0.193522 0.576138 0.0359666 0.0220458 0.625761
2 0.551541 0.621175 0.0512292 0.0281349 0.621932
1 0.137318 0.377795 0.0260919 0.0249202 0.621849
1 0.00702696 0.385047 0.0140539 0.0248054 0.618702
2 0.758867 0.511183 0.0406448 0.0284414 0.611174
1 0.643118 0.414487 0.0294185 0.0253747 0.609589
2 0.760251 0.563474 0.0414503 0.0267316 0.609413
2 0.790235 0.537152 0.0193112 0.0253762 0.607258
1 0.231126 0.478244 0.0156759 0.0222279 0.600207
1 0.819923 0.483505 0.0405334 0.0282345 0.599612
1 0.218473 0.429583 0.0112279 0.0239056 0.590692
2 0.550114 0.358645 0.0391495 0.0272041 0.581642
0 0.126209 0.599076 0.0160133 0.0219531 0.581001
1 0.0066713 0.48311 0.0133426 0.0238923 0.577853
2 0.00513124 0.557159 0.0102414 0.0244897 0.577026
1 0.982993 0.316896 0.0183447 0.0214498 0.575678
2 0.588408 0.516035 0.024086 0.0266964 0.571457
2 0.305151 0.549303 0.0149325 0.0247484 0.567724
2 0.98322 0.644521 0.0223236 0.0280471 0.56607
1 0.642763 0.438741 0.0298267 0.024672 0.56315
2 0.305608 0.472316 0.0149789 0.0265252 0.56175
2 0.323004 0.571816 0.0224347 0.0254492 0.56019
2 0.615567 0.542537 0.0265125 0.0265802 0.558273
1 0.549077 0.385775 0.0384079 0.0270752 0.557106
2 0.588942 0.542298 0.024882 0.0264835 0.546464
1 0.768309 0.430109 0.060104 0.0281935 0.545287
2 0.592622 0.622849 0.0307018 0.0270978 0.544169
1 0.135627 0.402213 0.0226015 0.0255457 0.541986
1 0.300295 0.34722 0.0267062 0.0189306 0.5405
2 0.715877 0.32667 0.0411865 0.0243761 0.540078
2 0.953416 0.617927 0.0369469 0.0281649 0.537805
2 0.596129 0.462335 0.0393835 0.0257425 0.536675
2 0.340688 0.394039 0.0566499 0.0270701 0.53528
2 0.169092 0.526149 0.0129819 0.0258979 0.527382
1 0.137344 0.354634 0.0256597 0.0226524 0.524347
2 0.61535 0.568745 0.0261055 0.026569 0.521977
2 0.982798 0.671129 0.0219536 0.0251881 0.519035
2 0.614614 0.515939 0.0288089 0.0271492 0.518855
1 0.757405 0.350644 0.0397755 0.0277904 0.512371
2 0.788135 0.324059 0.019282 0.0230402 0.509525
1 0.218381 0.453554 0.0111447 0.0238986 0.500816
1 0.788178 0.348988 0.0196519 0.0267853 0.500595
