1 0.603995 0.499655 0.0457333 0.0453245 0.894943
1 0.651552 0.448615 0.0463619 0.056685 0.890459
1 0.603849 0.543848 0.0460836 0.0433132 0.889532
2 0.654196 0.720089 0.0502566 0.0450592 0.88786
1 0.604095 0.587006 0.0467381 0.0435155 0.88563
2 0.65422 0.764468 0.0504814 0.043867 0.883096
2 0.603783 0.718635 0.0464113 0.0435157 0.882507
2 0.654248 0.808227 0.0507356 0.0442841 0.881225
2 0.603884 0.674423 0.0464205 0.0425187 0.88071
2 0.654352 0.676121 0.0505583 0.0431349 0.880619
2 0.603888 0.630693 0.0465132 0.0426689 0.878656
2 0.432243 0.670332 0.0478596 0.0445441 0.87784
1 0.652718 0.545374 0.0487591 0.0422123 0.87653
2 0.653797 0.632173 0.0499975 0.0436746 0.87648
2 0.432495 0.626411 0.0481367 0.0437039 0.874897
1 0.65345 0.588424 0.0495049 0.0414083 0.874136
2 0.603739 0.763388 0.0467941 0.0432166 0.874071
1 0.651976 0.501102 0.0476942 0.0426641 0.871637
2 0.567018 0.717634 0.0237268 0.0441952 0.865837
2 0.566778 0.76291 0.0239441 0.0439175 0.864985
2 0.469272 0.583402 0.0255259 0.0438083 0.864443
2 0.653853 0.852363 0.0503399 0.0450234 0.862308
2 0.566482 0.806983 0.024366 0.0434486 0.859098
2 0.603671 0.807591 0.0469286 0.0435442 0.859094
2 0.432568 0.58232 0.0480348 0.0438014 0.858774
1 0.60403 0.446383 0.0454781 0.0580426 0.856874
2 0.469153 0.539194 0.0253496 0.0433863 0.856348
2 0.518322 0.584418 0.0239813 0.0438624 0.856278
2 0.493959 0.58398 0.0242682 0.0437971 0.854738
2 0.542527 0.717599 0.0236652 0.0443186 0.854361
2 0.567327 0.673428 0.0237209 0.0436963 0.853402
2 0.394265 0.670262 0.0279442 0.0450841 0.851814
2 0.431508 0.804717 0.0464073 0.0443549 0.851534
2 0.469332 0.627755 0.0255274 0.0435561 0.851177
2 0.567577 0.63001 0.0231974 0.0435764 0.851008
2 0.431251 0.847814 0.0462598 0.0442149 0.850991
2 0.469161 0.671929 0.0257581 0.0441805 0.850393
2 0.493998 0.53965 0.0248203 0.0438202 0.849014
2 0.432017 0.715033 0.047282 0.0440806 0.848224
2 0.542153 0.762563 0.0241167 0.0440362 0.847859
2 0.541916 0.806739 0.02378 0.0436327 0.847033
2 0.543056 0.585138 0.0242661 0.0437929 0.846955
2 0.431639 0.760117 0.0468174 0.044283 0.846326
2 0.517839 0.762229 0.0240849 0.0439307 0.843325
2 0.469391 0.494544 0.025032 0.0459134 0.842119
2 0.347263 0.823156 0.0336187 0.0425028 0.841927
2 0.567744 0.586064 0.0237038 0.043536 0.841018
2 0.518367 0.540394 0.0237377 0.0445691 0.838706
2 0.468761 0.715894 0.0258787 0.0440074 0.838255
2 0.517971 0.71728 0.0242134 0.0441874 0.838246
2 0.468235 0.848746 0.0275575 0.0458184 0.837226
2 0.566292 0.850348 0.0251347 0.0434238 0.837098
2 0.494142 0.495333 0.0249051 0.0454781 0.835641
2 0.542931 0.629116 0.0239361 0.043988 0.832941
2 0.394194 0.715624 0.0280098 0.0454522 0.832725
2 0.468531 0.76063 0.0263089 0.0447717 0.83253
2 0.394383 0.625609 0.0279737 0.0437659 0.831121
2 0.394361 0.580943 0.0276476 0.0428394 0.828843
2 0.493918 0.628312 0.0239895 0.0441716 0.828731
2 0.517619 0.806479 0.0238905 0.0440469 0.827447
2 0.493575 0.7618 0.024058 0.0448118 0.825047
2 0.468443 0.804706 0.0270588 0.0441433 0.824689
2 0.603666 0.851089 0.0470123 0.0435581 0.823342
2 0.432403 0.538205 0.0480106 0.0436161 0.822476
2 0.493625 0.717152 0.0236448 0.0446996 0.820839
2 0.542784 0.673142 0.0236264 0.0438115 0.820242
2 0.469256 0.440346 0.0245193 0.0576855 0.819658
2 0.348419 0.782372 0.0362766 0.0419573 0.819305
2 0.493827 0.672686 0.0235712 0.0445427 0.81565
2 0.393819 0.760393 0.0292058 0.0445736 0.81535
2 0.518496 0.496033 0.0236053 0.0454545 0.812865
2 0.518353 0.628818 0.0242218 0.0445219 0.811535
2 0.518101 0.672948 0.0245169 0.0444878 0.810849
2 0.653043 0.896493 0.0495537 0.0463009 0.810661
2 0.566416 0.893086 0.0257296 0.0438083 0.809583
2 0.347391 0.86214 0.0313054 0.0384411 0.80747
2 0.494236 0.441367 0.0244107 0.0573746 0.803702
2 0.349093 0.741368 0.0367368 0.0419776 0.802858
2 0.543192 0.497191 0.0248102 0.0448903 0.80209
2 0.541622 0.848973 0.0232367 0.0416684 0.80069
2 0.493549 0.805897 0.0241842 0.0445472 0.793238
2 0.393767 0.80541 0.0294932 0.0457092 0.790672
2 0.567854 0.542214 0.0241286 0.0439711 0.789405
2 0.348024 0.699957 0.0357111 0.0412825 0.78536
2 0.568028 0.497679 0.0246731 0.0455036 0.783172
2 0.433005 0.493781 0.0481241 0.0460515 0.782217
2 0.394262 0.537514 0.0275559 0.0429821 0.778097
2 0.431061 0.886267 0.0455372 0.0317251 0.777171
2 0.393773 0.848695 0.0289079 0.0436049 0.766468
2 0.543175 0.541461 0.0245339 0.044082 0.760763
2 0.543328 0.444494 0.0249107 0.0580163 0.758104
2 0.603489 0.895303 0.046867 0.0447232 0.753874
2 0.348256 0.658614 0.0321233 0.0416514 0.749571
2 0.568369 0.445173 0.0250312 0.0578795 0.747178
2 0.690207 0.868884 0.019121 0.0429237 0.741553
1 0.350932 0.483446 0.0271402 0.0514837 0.738304
2 0.4937 0.849727 0.0238853 0.0440314 0.722913
2 0.370865 0.821851 0.0180019 0.043201 0.711506
2 0.690251 0.541097 0.018841 0.0436198 0.693996
2 0.371066 0.859257 0.0180405 0.0381636 0.693733
2 0.690684 0.5838 0.0185951 0.0413197 0.684036
1 0.709842 0.541576 0.0195063 0.0452298 0.682717
2 0.393909 0.886734 0.0277316 0.0344293 0.682594
2 0.517867 0.848878 0.023465 0.0419729 0.681565
2 0.690831 0.625368 0.0186815 0.0417666 0.673288
2 0.432977 0.440426 0.0476761 0.0583004 0.668636
2 0.69102 0.828362 0.0177687 0.0416955 0.666872
2 0.691132 0.788562 0.0176052 0.0416443 0.642881
1 0.394317 0.440903 0.0274658 0.0574505 0.640922
2 0.518678 0.442853 0.0233973 0.0577909 0.636579
2 0.691204 0.74766 0.0175018 0.0420013 0.571502
2 0.351449 0.531761 0.0254992 0.0417669 0.560637
2 0.689956 0.490634 0.018166 0.0546541 0.560545
2 0.468141 0.885177 0.027922 0.0265703 0.547381
2 0.370892 0.779935 0.0140377 0.0437941 0.536586
1 0.432832 0.440651 0.047752 0.0578413 0.528573
2 0.349994 0.616143 0.027411 0.0430335 0.519644
2 0.709211 0.625192 0.0164791 0.0410674 0.50588
