2 0.44261 0.823409 0.0263763 0.0351469 0.844139
1 0.309776 0.506978 0.0225937 0.0330609 0.816549
2 0.44269 0.859571 0.0257335 0.0349486 0.81589
0 0.445977 0.536993 0.0298746 0.0355987 0.814162
2 0.442861 0.787277 0.0270771 0.0333085 0.810773
0 0.445738 0.572832 0.0305668 0.0356726 0.801258
0 0.446047 0.500696 0.0296604 0.0349538 0.800408
1 0.285673 0.510289 0.0252046 0.0297285 0.797038
0 0.476133 0.609625 0.028764 0.0357297 0.790613
0 0.515263 0.647577 0.0285383 0.035704 0.789011
0 0.476949 0.337068 0.02908 0.0369639 0.788985
1 0.262894 0.509922 0.0201036 0.0298258 0.785663
1 0.310408 0.474096 0.0229393 0.0334935 0.778717
2 0.442936 0.895115 0.0250788 0.0335695 0.778647
0 0.502794 0.329193 0.0220401 0.0371937 0.773239
0 0.476264 0.646131 0.0293976 0.0349225 0.771231
0 0.44572 0.608484 0.0301294 0.0351366 0.759453
0 0.51559 0.608843 0.0285755 0.0346839 0.757483
0 0.515209 0.570054 0.0300148 0.0367085 0.751219
0 0.478362 0.68329 0.0330684 0.0354284 0.741294
2 0.443316 0.931085 0.025115 0.0347615 0.729195
1 0.286015 0.478631 0.0248533 0.0312118 0.723792
0 0.446041 0.465402 0.0295983 0.0357658 0.722012
1 0.263007 0.48035 0.0198706 0.0291357 0.718147
2 0.443852 0.752544 0.027878 0.0312576 0.711444
0 0.476026 0.572102 0.0286722 0.0363877 0.710547
0 0.502556 0.295381 0.0222212 0.0368681 0.706465
2 0.58049 0.937774 0.025348 0.0369241 0.693164
1 0.286593 0.446893 0.0244321 0.03301 0.691064
2 0.307857 0.600588 0.0224616 0.0318032 0.6878
1 0.285146 0.540374 0.0253162 0.0294058 0.679734
2 0.514186 0.724772 0.0291434 0.0362786 0.67734
2 0.51492 0.763509 0.0278038 0.0364608 0.675776
2 0.580504 0.900586 0.023517 0.0383022 0.67343
1 0.309336 0.539065 0.0224309 0.0320258 0.663049
1 0.262861 0.540304 0.0194325 0.0291982 0.657648
0 0.502898 0.362819 0.0215925 0.0348042 0.652508
0 0.499638 0.422619 0.0169666 0.035997 0.647103
2 0.580069 0.863571 0.0227081 0.0361388 0.645224
2 0.481553 0.908167 0.0365339 0.0356475 0.641199
2 0.601543 0.881833 0.0169373 0.0343787 0.640473
2 0.305511 0.666012 0.0236926 0.031401 0.638171
1 0.475977 0.461512 0.0291241 0.0389939 0.636977
2 0.480216 0.759969 0.0365701 0.0365856 0.635751
2 0.57905 0.789241 0.0197916 0.032639 0.632731
0 0.496191 0.534096 0.011881 0.0357003 0.623273
2 0.58005 0.825847 0.0207582 0.0363311 0.616052
2 0.513768 0.956003 0.0235886 0.0353522 0.610771
2 0.578999 0.714126 0.0219591 0.0334108 0.605819
2 0.601814 0.916828 0.0159452 0.0347436 0.602371
2 0.579853 0.677689 0.022708 0.0333267 0.602062
2 0.514292 0.919499 0.025311 0.03886 0.600783
2 0.768749 0.799372 0.0255668 0.0281294 0.599731
2 0.443773 0.966928 0.0251967 0.035448 0.59644
2 0.337255 0.699012 0.0171512 0.0318415 0.588486
2 0.769233 0.742119 0.0252015 0.0258182 0.583027
2 0.515884 0.842178 0.026856 0.0373091 0.582821
2 0.477865 0.871145 0.0296538 0.0370892 0.578171
0 0.476945 0.305425 0.0286241 0.0378491 0.575868
0 0.476184 0.425492 0.0289444 0.0379394 0.573351
2 0.515432 0.880854 0.0261473 0.036072 0.573209
2 0.306572 0.633058 0.0230075 0.0317422 0.5732
2 0.770019 0.769943 0.0275357 0.0269431 0.570037
2 0.337037 0.666374 0.0195097 0.0321061 0.567629
2 0.336068 0.633986 0.0220804 0.030826 0.562725
0 0.516274 0.531566 0.0284327 0.0352178 0.556309
0 0.497856 0.458338 0.0149997 0.0375113 0.546542
0 0.496172 0.571227 0.0117438 0.0360396 0.546267
0 0.47698 0.369656 0.0292524 0.0366715 0.546127
0 0.476175 0.535452 0.0289093 0.0365305 0.540975
2 0.444897 0.716335 0.0282242 0.0333645 0.534261
2 0.768103 0.829861 0.0244352 0.0277484 0.532278
2 0.514236 0.686047 0.029489 0.0369006 0.530576
2 0.722131 0.638382 0.0165586 0.0230882 0.529067
2 0.283215 0.599766 0.0233029 0.0299426 0.518715
1 0.476319 0.498668 0.0293371 0.0388271 0.517428
2 0.335363 0.764445 0.0195282 0.0328533 0.515921
0 0.501903 0.392419 0.0200716 0.0277984 0.515362
0 0.44534 0.680732 0.0292843 0.0331777 0.515185
0 0.514484 0.686619 0.029718 0.0375404 0.515083
0 0.49684 0.495358 0.0127539 0.0389989 0.514969
2 0.475884 0.907152 0.0263506 0.0340829 0.510489
2 0.703247 0.637157 0.0166346 0.0232699 0.508746
2 0.515501 0.803021 0.0273312 0.0374283 0.508728
2 0.473569 0.870191 0.0219414 0.0366277 0.508173
2 0.768739 0.85997 0.0260222 0.0265975 0.507699
2 0.305277 0.730414 0.0243546 0.0322903 0.501737
2 0.305161 0.698823 0.0234036 0.0313823 0.501105
