2 0.317231 0.872537 0.063799 0.0716634 0.840051
2 0.318419 0.813274 0.0654834 0.073406 0.830114
2 0.317982 0.753105 0.066519 0.0707882 0.829926
2 0.315914 0.934428 0.0649088 0.0801273 0.821666
2 0.2661 0.853944 0.0375228 0.0690211 0.809801
2 0.615435 0.824185 0.0288043 0.099254 0.8007
2 0.264839 0.919344 0.0382689 0.0722287 0.799103
2 0.267165 0.79226 0.0367365 0.0686537 0.796557
2 0.642223 0.795794 0.0315052 0.106527 0.786956
2 0.645904 0.884457 0.0307722 0.101953 0.777554
2 0.262589 0.974353 0.0373377 0.0512949 0.775468
1 0.39399 0.78614 0.037434 0.115007 0.774204
2 0.267765 0.731734 0.0352208 0.0684021 0.767649
2 0.610248 0.736938 0.0302206 0.10072 0.751959
1 0.393877 0.714107 0.036359 0.0992428 0.743393
2 0.430228 0.864709 0.0322174 0.0937761 0.740548
1 0.588302 0.858401 0.0330377 0.113978 0.738671
2 0.618551 0.915225 0.0297426 0.0972605 0.733051
2 0.635481 0.711607 0.031403 0.124075 0.731707
1 0.694744 0.918067 0.0163485 0.058091 0.710493
2 0.560979 0.441327 0.0325122 0.0527378 0.708408
2 0.511051 0.862616 0.0222372 0.0876519 0.707526
2 0.558615 0.490018 0.032267 0.0540695 0.701801
2 0.650352 0.961687 0.0312812 0.0766251 0.696803
1 0.301942 0.409024 0.0793804 0.127529 0.671989
1 0.682549 0.93007 0.0140155 0.0573008 0.667596
1 0.394075 0.653828 0.036404 0.10961 0.66429
2 0.532228 0.836168 0.0249401 0.0985419 0.660793
1 0.717311 0.899258 0.0136175 0.0580931 0.655314
2 0.313459 0.977113 0.0646617 0.0457745 0.649601
1 0.707053 0.905917 0.0139 0.0596429 0.645865
2 0.429565 0.937785 0.0323318 0.0754673 0.639185
2 0.513044 0.941582 0.0237634 0.09894 0.639085
1 0.474118 0.902248 0.0514528 0.134253 0.633723
2 0.56031 0.346937 0.0257339 0.0592475 0.620565
1 0.720472 0.941949 0.012878 0.0546634 0.610322
2 0.36766 0.646625 0.0165662 0.0716713 0.599899
2 0.366992 0.704724 0.0194234 0.0730297 0.58354
2 0.211194 0.612137 0.0148542 0.0568134 0.578347
1 0.392923 0.605032 0.0340187 0.106781 0.56906
2 0.367542 0.886983 0.0184978 0.0797211 0.566379
2 0.367859 0.822411 0.0181004 0.074282 0.562946
1 0.57044 0.779137 0.056547 0.131078 0.557028
1 0.697449 0.960884 0.0147142 0.0485725 0.555741
2 0.368772 0.949053 0.0158464 0.0671501 0.55362
2 0.623151 0.975572 0.0250301 0.0488569 0.55141
2 0.534818 0.915152 0.0228559 0.0968235 0.533554
2 0.428846 0.72764 0.0340471 0.111117 0.532578
2 0.562314 0.394087 0.022258 0.0542609 0.532504
2 0.537153 0.977482 0.0213278 0.0450351 0.53063
2 0.355309 0.898144 0.0141473 0.0702128 0.528009
1 0.727716 0.88422 0.0152565 0.0610794 0.526552
2 0.555563 0.30133 0.0342659 0.0597178 0.525967
1 0.711145 0.949854 0.01381 0.0524163 0.50619
