2 0.500847 0.617261 0.11027 0.127289 0.906794
2 0.616155 0.593268 0.118083 0.128966 0.90185
2 0.712545 0.127814 0.101733 0.122135 0.900527
2 0.722321 0.457812 0.0981721 0.123947 0.892866
2 0.498298 0.508107 0.109291 0.129753 0.892355
2 0.494288 0.198181 0.107626 0.121214 0.89229
2 0.496277 0.403903 0.108395 0.125415 0.886303
2 0.61875 0.705872 0.119906 0.123146 0.882852
2 0.718369 0.348068 0.0991786 0.126546 0.880053
2 0.728846 0.68862 0.0974831 0.120411 0.876707
2 0.731581 0.807126 0.0959458 0.113302 0.876661
2 0.612486 0.485246 0.1192 0.132884 0.875667
2 0.715609 0.235532 0.100987 0.129084 0.87461
2 0.143136 0.294088 0.0739329 0.152983 0.873174
1 0.808141 0.678357 0.0417938 0.120475 0.871127
2 0.724093 0.574884 0.0962809 0.119557 0.869771
2 0.413434 0.528194 0.0601128 0.110898 0.869004
2 0.502525 0.721067 0.112191 0.11235 0.868846
2 0.495225 0.301871 0.105491 0.122725 0.864299
2 0.60997 0.377133 0.118431 0.13494 0.862001
1 0.814316 0.798446 0.0437561 0.121522 0.858201
1 0.796696 0.445333 0.0419891 0.113096 0.856117
2 0.630191 0.152404 0.0655832 0.111151 0.853914
2 0.142087 0.394231 0.0755372 0.14936 0.851818
2 0.621649 0.815497 0.120814 0.107309 0.850096
2 0.411685 0.425834 0.0595183 0.108132 0.846706
1 0.803221 0.558912 0.0421622 0.120773 0.833724
2 0.0791505 0.356403 0.0509455 0.125522 0.83285
2 0.144707 0.192109 0.0746659 0.150072 0.822269
2 0.288715 0.371809 0.100734 0.110499 0.815276
2 0.0804739 0.244229 0.0517497 0.135442 0.806337
2 0.0783358 0.464327 0.0489223 0.118872 0.804753
2 0.0343513 0.334113 0.0402746 0.116517 0.795198
2 0.362051 0.585906 0.0426147 0.102384 0.794581
2 0.288666 0.273559 0.102618 0.107712 0.794544
2 0.57291 0.171732 0.0497807 0.0963698 0.792539
2 0.414832 0.636686 0.0615307 0.112599 0.787059
1 0.819628 0.908426 0.0419345 0.100995 0.776469
2 0.607655 0.266565 0.118551 0.132111 0.773518
2 0.0814571 0.138689 0.0527292 0.125601 0.773386
2 0.139802 0.496733 0.0724276 0.132704 0.769498
1 0.788813 0.219637 0.0420384 0.114789 0.768485
2 0.289274 0.466405 0.103125 0.113221 0.754025
2 0.848606 0.808223 0.0293072 0.126383 0.75293
2 0.289512 0.669144 0.100574 0.11412 0.748748
2 0.646113 0.919697 0.0798086 0.0909655 0.734308
2 0.738395 0.915262 0.101825 0.0921768 0.723923
2 0.287582 0.564908 0.1054 0.101905 0.71054
1 0.977103 0.967029 0.0450577 0.0630692 0.696641
2 0.137153 0.594627 0.0676893 0.0972763 0.686176
2 0.792449 0.334061 0.0418944 0.115229 0.680704
2 0.408128 0.106248 0.0624637 0.0963141 0.658565
2 0.361748 0.482954 0.0415878 0.0992053 0.655484
2 0.83492 0.491224 0.0325271 0.136379 0.644301
2 0.0333401 0.4453 0.0424935 0.123909 0.631725
2 0.410162 0.219936 0.060047 0.107341 0.62943
2 0.82649 0.373162 0.0268773 0.135074 0.56672
2 0.850677 0.90981 0.0267456 0.0871522 0.529318
2 0.0791954 0.564973 0.0430931 0.0821775 0.523522
2 0.362088 0.685419 0.0430613 0.0922705 0.514647
