2 0.659575 0.56736 0.202128 0.0943327 0.861562
1 0.275766 0.414095 0.0599783 0.0569729 0.859944
1 0.530441 0.333516 0.0865562 0.078793 0.858593
1 0.527787 0.386227 0.0881716 0.0759894 0.854428
2 0.142946 0.686748 0.110456 0.0645937 0.852876
2 0.437986 0.412316 0.0866376 0.0745539 0.842456
1 0.226142 0.682567 0.0640333 0.0616652 0.835253
1 0.284653 0.368381 0.0546721 0.0542117 0.834166
1 0.803747 0.484922 0.103655 0.107112 0.832476
2 0.654147 0.490054 0.193519 0.10526 0.831387
1 0.522148 0.450659 0.0922602 0.0887615 0.831073
1 0.266623 0.463071 0.0594447 0.0595186 0.830877
2 0.46017 0.15258 0.0706389 0.0567289 0.827219
2 0.365475 0.42967 0.0607693 0.0680266 0.824347
1 0.510345 0.647199 0.0954356 0.0429859 0.823186
2 0.454795 0.247363 0.0753309 0.0591499 0.818444
1 0.515183 0.518216 0.0933482 0.0809126 0.816853
1 0.814068 0.575456 0.10281 0.106316 0.815617
1 0.323041 0.399709 0.0475451 0.0617 0.814535
1 0.258292 0.514155 0.0592779 0.057091 0.813414
2 0.153042 0.630125 0.105638 0.06127 0.803313
2 0.445467 0.301738 0.0838688 0.0627231 0.801851
1 0.291094 0.322008 0.0551571 0.0562841 0.801107
2 0.190409 0.479279 0.094473 0.061431 0.799151
2 0.41769 0.596116 0.0908537 0.0666521 0.798263
1 0.300042 0.281491 0.05694 0.0575938 0.795968
2 0.331717 0.672067 0.0616555 0.0662748 0.792845
2 0.131242 0.751921 0.118448 0.0635107 0.790282
2 0.892946 0.594257 0.065294 0.0991702 0.790166
2 0.886115 0.51657 0.0626438 0.0931673 0.787348
2 0.0994939 0.467966 0.0565963 0.0542642 0.78708
2 0.442372 0.353116 0.088265 0.0756736 0.786873
2 0.0877913 0.515635 0.0628623 0.0543625 0.78545
2 0.459237 0.201548 0.0756188 0.0612379 0.779661
2 0.0375714 0.69608 0.0722596 0.0535063 0.777467
2 0.411512 0.65214 0.0951483 0.0459095 0.776209
2 0.236362 0.62488 0.0609573 0.0580043 0.773851
2 0.878471 0.449724 0.0515996 0.0788631 0.773577
2 0.211029 0.389359 0.0915953 0.0645555 0.772167
2 0.200159 0.430678 0.094456 0.0675234 0.767215
2 0.622165 0.298603 0.0943926 0.0775075 0.765287
2 0.663827 0.635594 0.211928 0.0602896 0.764851
2 0.358468 0.484378 0.0647224 0.0661146 0.759427
1 0.280282 0.678973 0.0521687 0.0663171 0.753692
1 0.908822 0.347756 0.0353562 0.0476665 0.749565
1 0.181161 0.299728 0.0275479 0.0470042 0.743069
1 0.296089 0.558923 0.0500066 0.0670649 0.740225
1 0.306307 0.503155 0.0501113 0.0622417 0.728804
2 0.432467 0.470059 0.0880287 0.0702952 0.728123
2 0.854495 0.209393 0.0441416 0.0727239 0.725309
1 0.535319 0.225496 0.0860208 0.0837696 0.72512
1 0.901925 0.302208 0.0337056 0.0605389 0.723998
1 0.314278 0.451934 0.0451068 0.0577314 0.72339
1 0.33189 0.35146 0.0436484 0.0582233 0.716419
0 0.0307612 0.750425 0.0614976 0.0578291 0.716305
2 0.340011 0.604126 0.06537 0.0675684 0.708794
2 0.0510619 0.644972 0.0666359 0.0537283 0.704817
1 0.796529 0.275838 0.0994271 0.0993349 0.700422
1 0.333054 0.308459 0.034906 0.0554807 0.699745
1 0.87183 0.380712 0.0455686 0.08179 0.695501
1 0.757473 0.0388104 0.051372 0.0686645 0.695222
1 0.889592 0.184284 0.0325602 0.0560718 0.691515
1 0.54036 0.172269 0.0853614 0.0772843 0.661386
1 0.209745 0.743638 0.0468086 0.0578064 0.655094
2 0.108393 0.426879 0.0531118 0.0421367 0.649732
1 0.248952 0.567827 0.0609007 0.0630509 0.64867
2 0.116303 0.391524 0.0464163 0.0439352 0.637703
1 0.539105 0.127021 0.0911119 0.0839177 0.63523
1 0.285764 0.618197 0.0517456 0.0653476 0.634033
1 0.533885 0.271814 0.0815403 0.071457 0.619881
1 0.631385 0.129299 0.0883316 0.0732066 0.603701
1 0.510246 0.589459 0.0957294 0.0809335 0.603461
1 0.707943 0.281799 0.0774773 0.0685083 0.594588
1 0.168737 0.338879 0.0353135 0.0504524 0.593942
2 0.181936 0.523077 0.0918906 0.0533289 0.588045
1 0.790214 0.157692 0.0839614 0.105215 0.583965
1 0.89295 0.221946 0.035304 0.0487613 0.58381
2 0.347681 0.5446 0.0635489 0.0682518 0.573526
1 0.861204 0.263741 0.046858 0.0755933 0.572048
1 0.895985 0.257071 0.0351125 0.0508726 0.567435
1 0.417591 0.144717 0.01927 0.0385663 0.547648
1 0.30509 0.243846 0.0532443 0.0496474 0.547214
2 0.868081 0.318763 0.0432264 0.0704739 0.510901
1 0.857589 0.161569 0.0337842 0.0684944 0.501815
