2 0.151396 0.770259 0.110253 0.0724733 0.889896
2 0.223496 0.694717 0.0327822 0.0693131 0.887718
2 0.149039 0.835966 0.110597 0.0686552 0.886431
2 0.15353 0.705043 0.108272 0.078494 0.885827
2 0.641658 0.820061 0.0261099 0.0471854 0.883986
2 0.221565 0.762118 0.0333836 0.0717295 0.880796
2 0.225042 0.625465 0.0316354 0.0714065 0.88029
2 0.275476 0.554925 0.0647292 0.0671921 0.875487
2 0.16047 0.638845 0.0980407 0.0803313 0.873304
2 0.17103 0.514195 0.0838054 0.0771036 0.871092
2 0.351511 0.508577 0.0844656 0.0899484 0.869689
2 0.167684 0.575363 0.0885255 0.0800258 0.86863
2 0.674355 0.77951 0.0380399 0.0454899 0.868098
2 0.674994 0.82388 0.0388613 0.0462055 0.861095
2 0.219212 0.831963 0.0324656 0.0702046 0.860961
2 0.350632 0.571541 0.0867881 0.0950726 0.859271
2 0.641386 0.772622 0.0260628 0.0474123 0.856687
2 0.675395 0.869516 0.0398344 0.0457737 0.855707
2 0.673776 0.693727 0.0378886 0.0491412 0.854176
2 0.67395 0.736194 0.0378604 0.045941 0.853145
1 0.642109 0.921237 0.0278796 0.059544 0.852875
2 0.574316 0.808478 0.0496723 0.0577531 0.844211
2 0.641825 0.867477 0.0266957 0.0461109 0.84297
2 0.574206 0.758949 0.0488276 0.0595192 0.840301
2 0.574259 0.859465 0.0491602 0.0515752 0.83838
2 0.155011 0.905674 0.0952526 0.0744127 0.837069
2 0.349446 0.636946 0.0870048 0.0905968 0.834358
2 0.573735 0.706141 0.0476974 0.0592056 0.833409
2 0.611871 0.724321 0.0259081 0.0465091 0.825114
2 0.216996 0.90528 0.0308848 0.0778374 0.820877
2 0.572999 0.653421 0.0464062 0.0609615 0.814623
2 0.611515 0.770878 0.0243061 0.0463557 0.811762
2 0.227173 0.556859 0.0300578 0.065402 0.811493
2 0.276562 0.488629 0.0653025 0.0672189 0.809621
2 0.611114 0.86557 0.0231391 0.0459205 0.804766
2 0.611119 0.678323 0.0253046 0.0461977 0.800012
2 0.611616 0.817745 0.0236597 0.0474663 0.799064
2 0.610214 0.633694 0.0245863 0.0471611 0.798957
2 0.640647 0.726722 0.0268851 0.0442429 0.795027
1 0.227572 0.494407 0.0292128 0.0637669 0.782981
2 0.314851 0.765816 0.148955 0.078337 0.779409
2 0.572781 0.604023 0.0457626 0.0662632 0.774625
2 0.640202 0.682348 0.0272246 0.0454199 0.765498
2 0.673279 0.649288 0.0365728 0.0457336 0.735786
2 0.756718 0.768092 0.0209341 0.0391133 0.726364
2 0.756032 0.805592 0.0228592 0.0388385 0.724148
2 0.421904 0.531752 0.0398413 0.0648437 0.722002
2 0.41997 0.781003 0.046028 0.0685786 0.699253
2 0.274481 0.626094 0.0610803 0.071153 0.694084
2 0.505292 0.737884 0.0595976 0.0611478 0.682887
2 0.506437 0.624682 0.0579887 0.069184 0.682838
1 0.542738 0.907473 0.015486 0.0432245 0.67967
2 0.311265 0.909496 0.155998 0.0851094 0.678638
2 0.756477 0.843189 0.0229436 0.0379716 0.671759
1 0.518005 0.907538 0.0351364 0.0437683 0.668044
2 0.756655 0.731878 0.020287 0.0362431 0.662452
2 0.32361 0.834885 0.127816 0.0758777 0.6493
1 0.666761 0.921774 0.0220636 0.0573669 0.648519
2 0.5752 0.91309 0.0490762 0.0549014 0.648336
2 0.256394 0.761359 0.0372208 0.0689495 0.642743
1 0.672095 0.921577 0.0316766 0.0566325 0.637374
1 0.115642 0.532819 0.0255746 0.0667231 0.624384
2 0.757714 0.876672 0.0268077 0.0309341 0.604332
2 0.640555 0.640342 0.0272085 0.0421178 0.597976
2 0.3201 0.70045 0.141997 0.093114 0.565459
1 0.613553 0.919588 0.0262121 0.0608802 0.561611
2 0.421772 0.590995 0.0405793 0.0729786 0.54302
2 0.505988 0.684714 0.0591388 0.0681495 0.530594
2 0.541768 0.857229 0.0137462 0.0549333 0.528544
