1 0.547194 0.746721 0.111891 0.107427 0.913737
1 0.669422 0.860603 0.127192 0.108696 0.910805
1 0.547973 0.853779 0.115594 0.108176 0.909372
1 0.665188 0.757522 0.124103 0.105554 0.903396
1 0.460321 0.843464 0.0615529 0.121319 0.898164
1 0.381332 0.722464 0.104846 0.116385 0.891788
1 0.459604 0.949906 0.0603491 0.0924745 0.886497
1 0.548303 0.643469 0.109713 0.111583 0.88636
1 0.462315 0.728202 0.0609382 0.125084 0.875531
1 0.37788 0.840242 0.104511 0.119142 0.862212
1 0.663772 0.659441 0.12007 0.108484 0.860706
1 0.376338 0.949214 0.108108 0.098491 0.853607
1 0.384254 0.610868 0.103028 0.107032 0.853083
1 0.690818 0.405542 0.054504 0.0543118 0.848559
1 0.547526 0.953064 0.114465 0.086907 0.84491
1 0.74245 0.348859 0.0483792 0.0518455 0.815289
1 0.690377 0.365772 0.055453 0.0564032 0.815279
2 0.691994 0.488831 0.0516941 0.0572894 0.812448
1 0.636391 0.345108 0.0522054 0.0595898 0.809286
2 0.691507 0.4472 0.0536764 0.0524948 0.808418
2 0.637783 0.503854 0.0584836 0.0577773 0.795273
2 0.741583 0.471635 0.042484 0.0530965 0.792133
1 0.491239 0.360602 0.0249763 0.0370614 0.788705
1 0.464026 0.617977 0.0607291 0.118181 0.785143
1 0.741726 0.305615 0.0492881 0.0548289 0.781189
2 0.742541 0.42786 0.0468984 0.0550478 0.779356
1 0.509873 0.360903 0.0128214 0.038012 0.778518
1 0.689583 0.324849 0.0550684 0.0583195 0.777321
1 0.491494 0.323681 0.0245319 0.0382537 0.771539
1 0.637143 0.386779 0.0516988 0.0557443 0.77037
2 0.585518 0.479614 0.0477281 0.0498814 0.758914
2 0.741935 0.517021 0.0412227 0.0509126 0.756408
1 0.50975 0.39715 0.0133013 0.0394749 0.756311
2 0.63679 0.4629 0.0525263 0.0510398 0.753736
2 0.748415 0.651483 0.0426639 0.0484617 0.751967
2 0.692469 0.530463 0.0557537 0.0535583 0.742304
1 0.50965 0.323698 0.0131681 0.040957 0.739481
2 0.748986 0.698044 0.0412834 0.0428034 0.733669
1 0.678266 0.244904 0.0374798 0.0627168 0.723513
2 0.747874 0.604197 0.0458664 0.0427251 0.721491
1 0.63545 0.305791 0.0524958 0.06067 0.714122
1 0.490819 0.396511 0.025306 0.0383291 0.708154
1 0.63695 0.424466 0.0517672 0.0514802 0.707486
2 0.746126 0.561326 0.046299 0.0496003 0.698377
2 0.749799 0.745223 0.0392018 0.0467702 0.694247
1 0.740175 0.262671 0.0499773 0.0615029 0.691818
1 0.408014 0.364823 0.0383774 0.0433401 0.688218
1 0.4373 0.352953 0.0214424 0.0432378 0.686085
2 0.749971 0.793434 0.039621 0.0461237 0.66744
1 0.585066 0.327335 0.0474814 0.058438 0.667364
1 0.404765 0.532787 0.0402206 0.0384898 0.666507
1 0.509569 0.470285 0.0135189 0.0375172 0.663354
1 0.687392 0.282937 0.051931 0.059372 0.653137
1 0.490661 0.431615 0.0255043 0.0398968 0.640963
1 0.490484 0.470452 0.0253992 0.0387325 0.640935
1 0.738826 0.225154 0.0499465 0.0561212 0.639819
1 0.509125 0.433093 0.0131922 0.0378223 0.637197
1 0.58605 0.36742 0.0486641 0.054854 0.636217
2 0.584586 0.520203 0.0451959 0.046135 0.628614
1 0.43698 0.386983 0.0216988 0.0437774 0.627944
2 0.856719 0.800493 0.0384169 0.0372345 0.58702
1 0.538535 0.344809 0.0459715 0.0604019 0.583087
1 0.680106 0.284732 0.0381538 0.0577044 0.579971
1 0.585953 0.43666 0.0484982 0.0416479 0.569749
2 0.694417 0.574967 0.053567 0.0573943 0.569182
1 0.538419 0.384193 0.0459125 0.0551304 0.564645
1 0.634348 0.265342 0.0518654 0.0660751 0.562003
1 0.509067 0.506925 0.012815 0.0382409 0.541696
1 0.435256 0.529075 0.0218552 0.047811 0.529296
2 0.742889 0.388 0.0481773 0.0473459 0.51584
