2 0.0301978 0.660645 0.0603956 0.0969681 0.853039
2 0.160123 0.59503 0.0639413 0.0900926 0.82054
2 0.269623 0.791587 0.0635628 0.0977453 0.819946
2 0.0367704 0.569294 0.0717331 0.0887233 0.819785
2 0.384981 0.74469 0.0185595 0.0372061 0.819172
2 0.204538 0.781446 0.0673552 0.0960209 0.817667
2 0.55884 0.769762 0.0349325 0.0344197 0.814165
2 0.460213 0.864426 0.0436667 0.0389325 0.812391
2 0.460113 0.826955 0.0423884 0.0364674 0.812332
2 0.100506 0.580783 0.0652469 0.0968466 0.807172
1 0.409365 0.571996 0.0235528 0.034507 0.806876
2 0.558109 0.737955 0.0341709 0.0329531 0.806789
2 0.427788 0.750438 0.021792 0.0361342 0.805846
2 0.0244358 0.757922 0.0488715 0.0985366 0.805661
2 0.405419 0.784977 0.0228339 0.0375814 0.80457
2 0.559676 0.803086 0.0353665 0.0356226 0.804387
2 0.45952 0.790227 0.0409519 0.035909 0.802589
2 0.458796 0.754119 0.0395283 0.0363829 0.800467
2 0.405109 0.823057 0.023105 0.0367432 0.798371
2 0.148522 0.680294 0.0637298 0.0933991 0.797953
2 0.458693 0.718729 0.0391914 0.0350235 0.797609
2 0.556612 0.705031 0.0348176 0.0341675 0.79677
2 0.139734 0.272404 0.0578028 0.0776923 0.796619
2 0.427744 0.78716 0.0224325 0.0372201 0.79587
2 0.459632 0.903044 0.0436265 0.0384304 0.794506
2 0.19977 0.890019 0.0672709 0.127128 0.792733
2 0.363813 0.818228 0.0211662 0.0395031 0.79226
2 0.40461 0.86224 0.022296 0.0382313 0.791743
2 0.382336 0.899333 0.0197031 0.0393054 0.790738
2 0.384307 0.782087 0.0182237 0.0374712 0.790291
2 0.148732 0.209088 0.0553909 0.0780235 0.78875
2 0.366456 0.705771 0.0198524 0.0375837 0.788242
2 0.385861 0.70825 0.0186503 0.0361107 0.7871
2 0.383038 0.859625 0.0191307 0.0397223 0.786229
2 0.365833 0.74215 0.019685 0.036106 0.785888
2 0.129747 0.344102 0.0598978 0.0826297 0.784309
2 0.160159 0.0886917 0.0509874 0.0672869 0.783891
2 0.205772 0.17234 0.0519549 0.074522 0.781135
2 0.405748 0.747949 0.0227897 0.0369327 0.780665
2 0.155819 0.149264 0.0561888 0.0724547 0.78008
2 0.383694 0.820282 0.0185897 0.038732 0.777187
2 0.387083 0.67232 0.0187096 0.036044 0.776298
2 0.16765 0.511431 0.0600765 0.0877561 0.776041
2 0.19894 0.23066 0.0529697 0.0763886 0.774689
2 0.190261 0.293665 0.0555329 0.0782222 0.774041
2 0.109405 0.495864 0.0638285 0.0917575 0.774028
2 0.387419 0.636703 0.0187513 0.0352557 0.773638
2 0.36504 0.779476 0.0197609 0.0381102 0.771283
2 0.388672 0.568218 0.0181392 0.0348907 0.768799
2 0.21579 0.0552703 0.0555035 0.0665584 0.766344
2 0.273073 0.705781 0.0625336 0.0886104 0.764912
2 0.406411 0.711141 0.0225713 0.0362133 0.763126
2 0.427782 0.825121 0.0223484 0.0359977 0.761835
2 0.387962 0.602793 0.0183245 0.0349009 0.761291
2 0.369135 0.597416 0.0196261 0.0340702 0.760423
2 0.211898 0.113085 0.0515378 0.0711128 0.757211
2 0.367498 0.668945 0.0197277 0.0371706 0.752155
2 0.362398 0.857948 0.0224221 0.0404306 0.750776
2 0.133229 0.879946 0.074476 0.11513 0.749202
2 0.427297 0.863452 0.0227641 0.0380119 0.7491
2 0.428109 0.714277 0.0213599 0.036456 0.748525
2 0.630814 0.810423 0.0352353 0.0321867 0.746086
1 0.408626 0.606965 0.0234612 0.0362049 0.745027
2 0.368239 0.63282 0.0195142 0.0360394 0.744716
2 0.175168 0.434584 0.0610585 0.0850459 0.743468
2 0.458054 0.6843 0.0385551 0.0345222 0.736616
2 0.370035 0.564726 0.0193697 0.0344995 0.733617
2 0.3894 0.534864 0.0175747 0.0341016 0.733382
2 0.0514501 0.485933 0.0668047 0.0808967 0.732332
2 0.183679 0.360824 0.0569772 0.0784826 0.732151
2 0.560541 0.836972 0.0364298 0.0351693 0.727723
2 0.0183394 0.860958 0.0366788 0.105008 0.721936
2 0.69056 0.524498 0.0197669 0.0323314 0.72135
2 0.167894 0.0319297 0.0493714 0.0615509 0.721149
2 0.631394 0.842475 0.034315 0.0311001 0.719538
2 0.692038 0.552407 0.0194546 0.0313826 0.715569
2 0.404008 0.901247 0.0221348 0.0376697 0.715456
2 0.371039 0.530768 0.0188765 0.0327375 0.711058
2 0.119588 0.418962 0.0608048 0.0880825 0.695935
2 0.629062 0.747871 0.0351793 0.0309439 0.688815
2 0.295095 0.335329 0.0558369 0.080855 0.686003
1 0.45637 0.953724 0.0402153 0.0524427 0.682404
2 0.630242 0.716963 0.0292886 0.0305724 0.680271
2 0.407677 0.641847 0.0226329 0.0347203 0.677396
2 0.499123 0.794347 0.0313629 0.0350235 0.677281
2 0.629065 0.688264 0.0267416 0.0288913 0.67386
2 0.49859 0.829493 0.0299923 0.0358539 0.671803
2 0.231935 0.454001 0.0553089 0.0821107 0.670232
2 0.360495 0.897384 0.0230459 0.0403271 0.668187
2 0.264842 0.890854 0.0689353 0.109569 0.666065
2 0.428353 0.678148 0.0205969 0.0347685 0.660171
2 0.426493 0.902359 0.0232664 0.037736 0.660083
2 0.236657 0.379712 0.0551227 0.0783472 0.658857
2 0.776736 0.778748 0.0320368 0.0397096 0.657175
2 0.629604 0.779067 0.0358158 0.0307715 0.643747
2 0.873304 0.451547 0.0426185 0.0426373 0.643176
2 0.428662 0.643486 0.0197528 0.0341173 0.642669
2 0.090751 0.257085 0.0555006 0.0724898 0.640484
2 0.625427 0.602776 0.0240143 0.0280038 0.640206
2 0.879366 0.485601 0.0397561 0.0446134 0.638995
2 0.555689 0.673266 0.0345236 0.0321536 0.635234
2 0.0886306 0.66877 0.0669957 0.0988814 0.635203
2 0.606873 0.600958 0.0143955 0.0280437 0.629111
2 0.775657 0.742954 0.0343199 0.0401612 0.627475
2 0.381698 0.933401 0.0198641 0.0276862 0.624956
1 0.429396 0.609899 0.0192677 0.0345842 0.619096
2 0.687952 0.497688 0.0199536 0.0302492 0.616033
2 0.457685 0.65003 0.0377064 0.0351247 0.611536
2 0.619693 0.548203 0.0230133 0.0251407 0.61128
2 0.30682 0.159212 0.0491785 0.0722773 0.607811
2 0.622977 0.574134 0.0230402 0.0266981 0.606651
2 0.92761 0.785495 0.046048 0.0510992 0.602175
1 0.682295 0.441458 0.0202812 0.031626 0.601698
2 0.371736 0.499589 0.0187888 0.0334192 0.600884
2 0.628186 0.658685 0.0263863 0.0288154 0.600702
2 0.116539 0.0697548 0.0481296 0.0605823 0.599798
2 0.302961 0.214947 0.05072 0.0710315 0.597292
2 0.80561 0.589612 0.0476774 0.0390222 0.595232
2 0.498464 0.724978 0.0304363 0.032786 0.593361
2 0.0636586 0.864178 0.068741 0.0980644 0.592824
2 0.668091 0.838994 0.034843 0.0353097 0.592616
2 0.616293 0.522712 0.0197843 0.0260256 0.592419
2 0.667373 0.805736 0.0338269 0.0362519 0.589724
2 0.596217 0.841119 0.0348039 0.0325134 0.58947
2 0.716371 0.604499 0.0188364 0.0360974 0.585187
2 0.389706 0.502614 0.0169146 0.0347849 0.585121
1 0.408911 0.540349 0.0220125 0.0354257 0.580189
2 0.0744957 0.76609 0.0696768 0.10573 0.578716
2 0.627174 0.630918 0.0252002 0.0275227 0.575914
2 0.49893 0.759508 0.0311847 0.0337266 0.575305
1 0.407869 0.506552 0.0194513 0.0339118 0.57015
2 0.497223 0.660124 0.0273594 0.0316231 0.569722
2 0.668557 0.678129 0.0476024 0.0374037 0.567004
2 0.595148 0.808314 0.0343805 0.0341669 0.565578
2 0.764219 0.64558 0.0299435 0.0391838 0.563495
2 0.285925 0.472277 0.0603813 0.091116 0.560389
2 0.138992 0.773482 0.068474 0.101474 0.557482
2 0.798935 0.523965 0.0458781 0.0357828 0.555209
2 0.555168 0.642718 0.0349581 0.0304569 0.554195
2 0.713704 0.574535 0.0187151 0.0346092 0.553486
2 0.694849 0.580023 0.0194422 0.0310135 0.551585
2 0.768951 0.676377 0.0333 0.03947 0.549371
2 0.671365 0.709946 0.0482929 0.0406144 0.545631
2 0.755463 0.549082 0.0339543 0.038483 0.544988
2 0.497116 0.628797 0.0263172 0.0317744 0.541236
2 0.0774652 0.330586 0.0596217 0.0766611 0.541209
2 0.684511 0.469966 0.0204649 0.0302098 0.531239
2 0.666201 0.650317 0.0482145 0.0368587 0.530887
2 0.587415 0.6805 0.0281082 0.0297505 0.530595
2 0.772112 0.710171 0.0339043 0.03965 0.530457
2 0.291084 0.401233 0.0557286 0.0881552 0.528178
2 0.605451 0.572364 0.0123501 0.0258109 0.527181
2 0.750808 0.519584 0.030581 0.0347546 0.525868
2 0.497421 0.692628 0.0293544 0.0333399 0.515196
1 0.357147 0.0455203 0.0255824 0.0896423 0.50817
1 0.24197 0.310114 0.0534693 0.0759703 0.507664
2 0.498759 0.865498 0.0289946 0.0360577 0.504148
2 0.554806 0.614153 0.0349136 0.0295586 0.502065
2 0.665694 0.773847 0.032547 0.0377901 0.500755
