1 0.377148 0.673075 0.0962612 0.0892207 0.900707
1 0.377941 0.761637 0.0939338 0.0880857 0.879983
1 0.454024 0.674745 0.061302 0.0874502 0.879158
1 0.455518 0.763171 0.0603483 0.0856214 0.875566
1 0.636686 0.685785 0.0777624 0.0807701 0.87266
1 0.374277 0.903204 0.102211 0.186129 0.867348
1 0.709192 0.773144 0.0624418 0.0928162 0.852123
1 0.705643 0.691286 0.0644847 0.0747066 0.837992
0 0.269036 0.282389 0.056838 0.0369263 0.780478
1 0.376255 0.581385 0.094545 0.0785822 0.773925
0 0.274346 0.161823 0.0548723 0.0319976 0.770187
0 0.268375 0.315687 0.0569641 0.0392814 0.768964
0 0.270208 0.25106 0.0563666 0.0344984 0.762575
0 0.275426 0.131529 0.0531281 0.0336422 0.758486
0 0.271359 0.220867 0.0565929 0.0333816 0.742698
1 0.51749 0.90226 0.189971 0.17953 0.740173
0 0.272847 0.191259 0.0556459 0.0325206 0.736009
1 0.453561 0.588584 0.0605713 0.0857671 0.735778
0 0.276294 0.103786 0.051398 0.0315709 0.719897
1 0.641547 0.771117 0.0800066 0.0880324 0.68852
0 0.323035 0.0941172 0.0427398 0.0321265 0.646364
0 0.323169 0.123814 0.0432424 0.0346531 0.636878
1 0.858028 0.741616 0.0233869 0.0742454 0.635791
1 0.649076 0.899338 0.0842209 0.166475 0.629579
1 0.276727 0.576162 0.104541 0.0815663 0.629173
0 0.268186 0.348418 0.0572671 0.0376827 0.628287
0 0.487013 0.0102033 0.024579 0.020271 0.621425
1 0.834991 0.731041 0.0315022 0.0752662 0.60488
1 0.376264 0.497541 0.0944544 0.0791071 0.592617
1 0.279301 0.499217 0.100229 0.0725067 0.537677
1 0.86438 0.80432 0.02423 0.0602244 0.510907
0 0.48833 0.0340021 0.0235958 0.0276611 0.510407
0 0.314457 0.312743 0.0354497 0.0360379 0.501131
