2 0.687632 0.82119 0.128869 0.0510233 0.902388
2 0.554772 0.764607 0.133374 0.0479929 0.892942
2 0.553623 0.916945 0.135688 0.0465962 0.89092
2 0.554474 0.81527 0.134743 0.0512411 0.889053
1 0.556195 0.667969 0.130417 0.0499783 0.887656
2 0.554465 0.866623 0.134875 0.0481762 0.886593
2 0.68679 0.871589 0.127882 0.050407 0.886334
2 0.688239 0.970947 0.130984 0.0480751 0.886029
2 0.687992 0.725243 0.127452 0.0444132 0.885495
2 0.687923 0.92104 0.130244 0.0479159 0.881642
2 0.451729 0.761094 0.0668751 0.0473092 0.877814
1 0.687784 0.676476 0.125175 0.0505461 0.876539
2 0.554822 0.716018 0.132285 0.0465762 0.874516
2 0.453575 0.711999 0.0674069 0.0440981 0.874508
2 0.552996 0.968004 0.136384 0.0489875 0.873842
2 0.687856 0.772171 0.129137 0.0476307 0.873418
2 0.384167 0.462652 0.0728534 0.0486172 0.872877
2 0.382686 0.712012 0.0716917 0.0447213 0.872023
2 0.454862 0.664238 0.0660859 0.0458864 0.870976
2 0.381064 0.812424 0.0728051 0.048301 0.86992
2 0.451566 0.812419 0.0651397 0.048851 0.869662
2 0.383049 0.613928 0.0715111 0.048822 0.868335
2 0.38115 0.761474 0.0735846 0.0481848 0.866947
2 0.382877 0.663922 0.0711527 0.0469166 0.865462
2 0.455157 0.613907 0.0650375 0.0481656 0.86491
2 0.38353 0.563432 0.0718453 0.0483229 0.86463
2 0.383628 0.513379 0.0720941 0.0481623 0.864247
2 0.385049 0.411815 0.0710512 0.049557 0.863445
2 0.450437 0.914278 0.0625092 0.0473444 0.861436
2 0.776949 0.776737 0.0481169 0.0479714 0.860733
2 0.45557 0.563201 0.0654788 0.0473085 0.853947
2 0.450853 0.863222 0.062464 0.0468559 0.852853
2 0.455752 0.513213 0.0645107 0.0474859 0.851263
2 0.776277 0.684829 0.0470288 0.0482928 0.849969
2 0.455635 0.463184 0.0635113 0.0482042 0.84973
2 0.455929 0.412906 0.0618439 0.0484724 0.848706
2 0.776605 0.826069 0.0480484 0.0480026 0.848267
2 0.776012 0.492136 0.0473132 0.0490972 0.845469
2 0.776088 0.875167 0.0500346 0.047985 0.84474
1 0.556652 0.517485 0.130264 0.0532427 0.844206
2 0.775907 0.443174 0.0461329 0.0501003 0.843914
1 0.68749 0.429623 0.126817 0.0530741 0.840885
1 0.55636 0.616955 0.131414 0.0530208 0.840521
2 0.776438 0.925201 0.0481662 0.0488483 0.839594
2 0.4503 0.9659 0.0620009 0.0492563 0.838049
1 0.558032 0.419132 0.129592 0.0532375 0.837572
2 0.776278 0.730317 0.0470907 0.0431753 0.837357
2 0.359214 0.914895 0.116539 0.0488465 0.835899
2 0.776319 0.541102 0.0474335 0.0509643 0.835747
2 0.776601 0.637526 0.0479768 0.0481863 0.835239
2 0.776529 0.589662 0.0472961 0.0498049 0.83306
2 0.776616 0.972896 0.0461081 0.0452985 0.80743
2 0.268495 0.771828 0.0520762 0.0471457 0.806906
2 0.318769 0.81486 0.0498655 0.0475101 0.801829
2 0.319406 0.765159 0.0499368 0.0468563 0.793511
1 0.556137 0.467725 0.131231 0.0538632 0.790894
1 0.556564 0.567048 0.130971 0.0516462 0.786547
2 0.184678 0.883903 0.0945809 0.0427659 0.784627
2 0.192826 0.649314 0.0734037 0.041412 0.77924
2 0.186396 0.835861 0.0902489 0.0480393 0.777604
2 0.265919 0.92253 0.0576809 0.048139 0.774811
2 0.264611 0.971336 0.0617317 0.0455185 0.774402
2 0.319778 0.717047 0.0469794 0.0429838 0.774139
2 0.269217 0.724454 0.0541217 0.0481251 0.769961
2 0.357833 0.966735 0.118642 0.048957 0.763575
2 0.267746 0.823708 0.0525116 0.0502946 0.762834
2 0.266279 0.872693 0.0556786 0.0487168 0.757607
2 0.192818 0.788052 0.0835595 0.0392923 0.742198
2 0.688683 0.576569 0.127184 0.0545397 0.737246
2 0.184967 0.979019 0.0724003 0.0382827 0.715181
1 0.686808 0.479419 0.125624 0.054767 0.708444
2 0.382121 0.863376 0.0704785 0.0467037 0.692305
2 0.688298 0.626097 0.126262 0.0541039 0.63794
2 0.687681 0.528139 0.126838 0.0553879 0.619827
2 0.133356 0.63715 0.0407064 0.0442434 0.601001
2 0.27359 0.623066 0.0680657 0.0502127 0.578631
2 0.324877 0.864723 0.0588158 0.0478488 0.578414
2 0.194897 0.744447 0.0722304 0.0436184 0.562221
2 0.186237 0.933006 0.0827032 0.0482364 0.556045
2 0.271621 0.673878 0.0571987 0.0484597 0.540944
2 0.321403 0.670593 0.0429249 0.046179 0.530796
2 0.811647 0.975656 0.0220611 0.040694 0.528173
