1 0.581138 0.783178 0.188776 0.0928236 0.924794
1 0.573923 0.694739 0.184107 0.0860083 0.923457
1 0.848152 0.637178 0.106743 0.0663658 0.919147
1 0.280765 0.788272 0.174796 0.105076 0.918157
1 0.4281 0.784808 0.124071 0.0973219 0.915615
1 0.86503 0.705184 0.106033 0.0702244 0.910611
1 0.770094 0.635628 0.0909542 0.067314 0.909568
1 0.756348 0.571325 0.0852354 0.0647389 0.908792
1 0.78136 0.705407 0.0889513 0.0726495 0.907431
1 0.427386 0.691066 0.119582 0.0901243 0.907322
1 0.286831 0.688724 0.16694 0.0964713 0.90278
1 0.83714 0.574747 0.103991 0.063106 0.902634
1 0.702831 0.702705 0.0972919 0.0765305 0.901513
1 0.423059 0.532241 0.110653 0.0853727 0.899239
1 0.87938 0.777377 0.108228 0.0737851 0.898944
1 0.566137 0.616239 0.173893 0.0880262 0.897274
1 0.419893 0.334813 0.0990599 0.0738171 0.895819
1 0.951523 0.705315 0.0937293 0.0664896 0.895115
1 0.669874 0.50333 0.0869062 0.0687304 0.894174
1 0.425509 0.607026 0.114598 0.0873009 0.892232
1 0.716563 0.352608 0.0742253 0.0554411 0.891661
1 0.420981 0.461664 0.107528 0.0839925 0.887617
1 0.724213 0.403494 0.0758258 0.0612573 0.887115
1 0.653551 0.390608 0.0796125 0.0659556 0.884959
1 0.418132 0.276776 0.0967993 0.0718886 0.883738
1 0.679903 0.565154 0.0900373 0.0702631 0.883045
1 0.961195 0.77609 0.0776111 0.0725163 0.882989
1 0.937697 0.641605 0.0955191 0.0665283 0.882357
1 0.690889 0.631809 0.0928073 0.0718474 0.880999
1 0.647446 0.33896 0.076599 0.0626153 0.880943
1 0.734547 0.454842 0.078965 0.0626421 0.879075
1 0.918044 0.581342 0.0906488 0.0672499 0.872617
1 0.662055 0.445279 0.0849653 0.0696419 0.869253
1 0.419923 0.39571 0.102995 0.0780414 0.866242
1 0.548253 0.417943 0.155085 0.0881897 0.849016
1 0.538554 0.305029 0.147722 0.0875718 0.84435
1 0.903454 0.526463 0.0895276 0.066329 0.834578
1 0.86322 0.372349 0.0787618 0.0590847 0.831777
1 0.544769 0.360514 0.152764 0.0874941 0.828342
1 0.876074 0.422948 0.0801992 0.063379 0.827477
1 0.555835 0.481029 0.163017 0.0890576 0.82747
1 0.798631 0.779058 0.0940974 0.0754206 0.827256
1 0.810133 0.461201 0.0940998 0.0612965 0.822266
1 0.744164 0.512999 0.0792081 0.0618261 0.819275
1 0.308515 0.517008 0.125047 0.095075 0.815331
1 0.298092 0.598412 0.144927 0.0931683 0.813284
0 0.0640293 0.614747 0.0377174 0.019478 0.806178
1 0.707044 0.781091 0.0860832 0.0806236 0.801997
1 0.561877 0.545796 0.171291 0.0911436 0.80183
0 0.0140867 0.734927 0.0280162 0.0190605 0.799809
0 0.0458603 0.735777 0.0391976 0.0186455 0.798137
1 0.889339 0.471238 0.0832764 0.0650342 0.791291
0 0.0123587 0.753508 0.0247175 0.0189045 0.790344
0 0.0761014 0.737368 0.0250365 0.0186512 0.783277
0 0.0106426 0.617278 0.0212853 0.0160773 0.782768
0 0.033918 0.613125 0.0270144 0.0174651 0.776468
0 0.0743207 0.754531 0.0259952 0.0180584 0.771273
0 0.0156872 0.716315 0.0301333 0.0183635 0.770268
0 0.0316531 0.630249 0.0271443 0.0181652 0.765743
0 0.058899 0.648434 0.0368006 0.0178078 0.765231
1 0.798514 0.409052 0.0912327 0.0601393 0.762518
0 0.00934235 0.634647 0.0186847 0.0172909 0.754865
0 0.0257481 0.663465 0.0267081 0.0173274 0.747927
0 0.0851246 0.666675 0.0225444 0.0186874 0.744671
0 0.0227404 0.680687 0.0270927 0.0183565 0.740564
0 0.0288317 0.646731 0.0272715 0.0176535 0.739934
0 0.0900275 0.635026 0.0227312 0.0178766 0.73572
0 0.0181396 0.698218 0.0292426 0.0186968 0.733038
0 0.092987 0.617977 0.0234156 0.0189292 0.731941
0 0.0619765 0.63195 0.0371687 0.0179997 0.718207
0 0.0831917 0.685167 0.0234417 0.0179033 0.715928
0 0.0106373 0.770917 0.0212462 0.0156105 0.708855
1 0.822453 0.525616 0.0933269 0.0446865 0.705024
0 0.0778037 0.719911 0.0234459 0.0184166 0.7048
0 0.0727698 0.770949 0.0273574 0.0157903 0.68682
1 0.789451 0.358989 0.0857958 0.0548841 0.674746
1 0.17791 0.694515 0.0433081 0.114379 0.659745
1 0.0566391 0.665567 0.0389904 0.0183591 0.647191
1 0.310436 0.26212 0.124793 0.0957887 0.626485
0 0.0806111 0.701637 0.0240194 0.0186 0.62641
0 0.042708 0.753936 0.0403548 0.0189255 0.623893
0 0.0116196 0.601131 0.0231558 0.0159842 0.616812
0 0.0874469 0.650813 0.0231602 0.0183206 0.612344
1 0.128514 0.588096 0.0186946 0.0518159 0.607138
1 0.0482668 0.717849 0.0388575 0.018334 0.590213
1 0.1259 0.593948 0.0183655 0.0647867 0.579668
1 0.909315 0.392923 0.0312475 0.0503872 0.577137
1 0.146516 0.638191 0.0329041 0.0899862 0.576624
0 0.00585495 0.679097 0.0117099 0.0210603 0.571387
1 0.142366 0.639754 0.022143 0.0809286 0.568312
1 0.817741 0.503929 0.086806 0.0406732 0.56267
1 0.157527 0.558814 0.0370902 0.0826721 0.540559
1 0.152224 0.565133 0.0278173 0.0761231 0.5379
1 0.306811 0.316455 0.132493 0.101007 0.529541
1 0.157882 0.506773 0.0228623 0.0585714 0.507031
1 0.12055 0.653268 0.0196036 0.0732017 0.501077
