2 0.740618 0.451417 0.0442337 0.119889 0.849622
2 0.743427 0.5449 0.044067 0.107698 0.847728
2 0.630085 0.466654 0.0774975 0.164683 0.841364
2 0.420886 0.362305 0.152951 0.246262 0.840866
2 0.746752 0.646656 0.0428131 0.0990157 0.838832
2 0.709985 0.532154 0.0256304 0.113183 0.834853
2 0.626966 0.342441 0.0764667 0.185091 0.826511
2 0.706421 0.421914 0.0267431 0.121794 0.817356
2 0.417957 0.679685 0.160942 0.0982954 0.810534
2 0.797613 0.578376 0.0317252 0.0857761 0.809494
2 0.679824 0.384275 0.0295426 0.124384 0.808366
2 0.737402 0.356302 0.0424159 0.136168 0.808316
2 0.413167 0.170703 0.161868 0.317039 0.80307
2 0.734654 0.267519 0.0415424 0.131969 0.79985
2 0.683288 0.493875 0.03069 0.123627 0.79543
2 0.793977 0.502204 0.0314043 0.0897212 0.794035
2 0.71422 0.641769 0.0268843 0.104856 0.789646
2 0.703468 0.31984 0.025684 0.118041 0.788761
2 0.42189 0.0845645 0.146733 0.168783 0.785413
2 0.800057 0.659557 0.0317467 0.0807546 0.78459
2 0.637161 0.586444 0.0861201 0.142972 0.783271
2 0.820597 0.519731 0.0257704 0.074049 0.780329
2 0.700862 0.224613 0.0241841 0.107062 0.774565
2 0.817798 0.449243 0.0272942 0.082668 0.774348
2 0.54255 0.640571 0.0874504 0.166017 0.774061
2 0.823284 0.587817 0.0249504 0.0688916 0.767633
2 0.534407 0.328753 0.0786498 0.169409 0.756939
2 0.789979 0.423208 0.0297655 0.0886157 0.751803
2 0.53878 0.487166 0.0802645 0.14959 0.749398
2 0.42026 0.540512 0.159057 0.200104 0.744534
2 0.641803 0.688245 0.0910783 0.0660098 0.714759
2 0.814635 0.378377 0.0249069 0.0852659 0.695299
2 0.686237 0.604904 0.0311976 0.110167 0.690521
2 0.62221 0.222518 0.0793264 0.194181 0.685248
2 0.182936 0.226343 0.309441 0.377752 0.665088
0 0.892838 0.623045 0.0182085 0.0294115 0.645748
2 0.865225 0.486283 0.0247726 0.0662015 0.597674
2 0.870819 0.603349 0.0216322 0.0366391 0.583178
0 0.897261 0.681723 0.0193874 0.0352942 0.578755
0 0.895232 0.650751 0.0183834 0.029533 0.559288
2 0.826815 0.659393 0.0249943 0.0712145 0.543627
2 0.788328 0.352696 0.0282471 0.0830381 0.511055
