2 0.597129 0.634447 0.0935004 0.10747 0.882402
2 0.763258 0.540483 0.115467 0.110661 0.876449
2 0.675999 0.519362 0.0589195 0.104141 0.860317
2 0.773463 0.438253 0.141453 0.12625 0.852692
2 0.674416 0.416435 0.057932 0.118213 0.850678
2 0.767935 0.346845 0.131861 0.121141 0.848468
2 0.597429 0.523957 0.094231 0.109595 0.840948
2 0.59526 0.409156 0.0814772 0.108909 0.820811
2 0.598184 0.731499 0.0889158 0.0832064 0.803037
2 0.516888 0.642406 0.0700767 0.121116 0.783595
2 0.857127 0.51109 0.023168 0.0953982 0.760588
2 0.382489 0.493485 0.0238631 0.100334 0.749142
2 0.855457 0.444954 0.0244755 0.0532412 0.746426
2 0.918376 0.400295 0.10363 0.113623 0.74636
2 0.44279 0.463156 0.0845512 0.13369 0.725625
2 0.517334 0.749083 0.0713367 0.0985076 0.723773
2 0.449923 0.559483 0.0686056 0.120521 0.710647
2 0.336117 0.525319 0.0671292 0.117529 0.697693
2 0.466189 0.847138 0.11856 0.0858872 0.692658
2 0.286185 0.547032 0.0277113 0.0782137 0.691938
2 0.380665 0.582178 0.0256813 0.1022 0.681522
2 0.936084 0.843349 0.105785 0.088919 0.677239
2 0.742902 0.743647 0.0508774 0.0943566 0.675237
2 0.919541 0.485943 0.104691 0.129162 0.670347
2 0.252406 0.556827 0.0376614 0.0857498 0.669028
2 0.92652 0.662922 0.108879 0.0934494 0.656255
2 0.930558 0.752536 0.108765 0.0816657 0.655572
2 0.298571 0.69499 0.0567625 0.0683525 0.654231
2 0.517607 0.538065 0.0690878 0.12282 0.633947
1 0.860063 0.602636 0.0202628 0.0938022 0.610902
2 0.25129 0.626849 0.0363978 0.076277 0.606836
2 0.922632 0.568616 0.107258 0.101442 0.594568
2 0.778563 0.642153 0.130291 0.105827 0.577784
2 0.267571 0.475067 0.0170962 0.0750987 0.547851
2 0.385941 0.416037 0.0276335 0.0832091 0.547624
2 0.678699 0.733752 0.0656946 0.100697 0.543336
2 0.900916 0.752609 0.0502831 0.0794558 0.519264
1 0.594893 0.862494 0.0963792 0.133271 0.516601
1 0.248098 0.487735 0.0261936 0.0837666 0.515378
2 0.287696 0.476676 0.0240735 0.066421 0.504245
