1 0.10651 0.912345 0.113253 0.175309 0.901666
1 0.217485 0.920271 0.112039 0.159458 0.90119
1 0.219853 0.754883 0.110407 0.209789 0.896696
1 0.109251 0.738302 0.11344 0.200239 0.895659
1 0.322388 0.938708 0.0984305 0.122583 0.891804
1 0.324591 0.781159 0.10059 0.210905 0.876468
1 0.0291816 0.76352 0.0583632 0.216923 0.857911
1 0.434651 0.954984 0.124674 0.0900327 0.857682
1 0.21888 0.570102 0.113146 0.201055 0.851439
1 0.113583 0.556126 0.105232 0.191344 0.842206
1 0.543708 0.959324 0.0949366 0.0813518 0.837592
1 0.438277 0.645486 0.132126 0.201108 0.835073
1 0.027743 0.924934 0.0554859 0.150133 0.811337
1 0.0305811 0.581016 0.0611622 0.19632 0.803053
1 0.431684 0.827041 0.118034 0.209757 0.761372
1 0.978987 0.95476 0.0420264 0.0904798 0.751403
1 0.326012 0.617875 0.108121 0.203909 0.75117
1 0.54876 0.842651 0.100084 0.199655 0.730449
1 0.634864 0.975816 0.0797053 0.0483676 0.594426
1 0.62966 0.875375 0.0764761 0.203633 0.524092
