2 0.637075 0.791948 0.0367798 0.0342334 0.882396
1 0.365269 0.329109 0.0683631 0.0561644 0.877367
1 0.365323 0.278914 0.0676806 0.0552671 0.875093
1 0.663294 0.625531 0.0233294 0.0335039 0.868292
1 0.363343 0.431466 0.0703488 0.0608863 0.867952
1 0.365019 0.37942 0.0684515 0.0578561 0.867871
1 0.633719 0.656814 0.0349603 0.0333336 0.865978
1 0.631875 0.526413 0.0345987 0.0350968 0.858489
1 0.417913 0.426026 0.041803 0.0555413 0.85696
1 0.631859 0.461728 0.0346742 0.033942 0.856703
1 0.663871 0.658705 0.0227903 0.033953 0.856073
1 0.631971 0.493697 0.0346384 0.0353725 0.854996
1 0.662651 0.592948 0.0237395 0.0335128 0.853381
1 0.686227 0.533856 0.0264507 0.0369602 0.851579
1 0.489981 0.212502 0.10479 0.0595562 0.851115
1 0.66125 0.528304 0.0236586 0.0352492 0.850945
1 0.633202 0.62344 0.0344258 0.0334122 0.849467
1 0.661609 0.56084 0.0240105 0.034364 0.849199
1 0.6325 0.590808 0.034395 0.0335821 0.848589
1 0.632035 0.558778 0.0350504 0.0353306 0.846286
1 0.666991 0.792543 0.0222362 0.0333919 0.844464
1 0.660905 0.495735 0.0231937 0.035974 0.843966
1 0.365456 0.229176 0.0674018 0.056127 0.842153
1 0.477684 0.418317 0.0755212 0.0652478 0.840052
1 0.686754 0.566177 0.0267021 0.0357723 0.83959
2 0.635491 0.75823 0.0388054 0.0341616 0.839358
1 0.685478 0.501897 0.0268714 0.0378849 0.837642
2 0.634087 0.690093 0.0374473 0.0330486 0.836133
1 0.418123 0.373424 0.0399426 0.052718 0.835901
1 0.418297 0.321669 0.0388889 0.0541291 0.833152
1 0.490122 0.161906 0.101744 0.0582184 0.832964
2 0.689707 0.760979 0.0253326 0.0308511 0.828874
2 0.634726 0.724107 0.0385836 0.0347432 0.82882
1 0.684635 0.471232 0.0269548 0.036059 0.817115
2 0.688756 0.728971 0.0249646 0.0326902 0.816199
1 0.668001 0.826826 0.0224209 0.0340981 0.810371
1 0.476048 0.364934 0.0758271 0.0626123 0.809877
1 0.660219 0.464296 0.0226308 0.0334208 0.808528
1 0.317828 0.384518 0.0307628 0.0506862 0.808213
1 0.418595 0.270739 0.0386787 0.0553265 0.80716
1 0.47569 0.313261 0.0759827 0.0602613 0.804661
2 0.688012 0.695527 0.0245576 0.034351 0.795208
1 0.318174 0.334491 0.0300588 0.0504522 0.784985
1 0.319018 0.187931 0.0263273 0.0477525 0.78484
2 0.497591 0.845515 0.0659746 0.0562292 0.772282
1 0.490142 0.262335 0.10429 0.0556299 0.764806
1 0.318659 0.235349 0.0276146 0.050535 0.760648
1 0.687318 0.597219 0.0261047 0.0347212 0.758864
1 0.659548 0.438259 0.0222184 0.0248626 0.756575
1 0.317836 0.435357 0.0304914 0.0516285 0.738917
2 0.49936 0.899065 0.056716 0.0500376 0.730944
1 0.630924 0.436064 0.0339845 0.0251841 0.72754
1 0.683984 0.443886 0.0267776 0.0282315 0.725341
2 0.478595 0.517946 0.0854381 0.056435 0.723545
2 0.495947 0.733702 0.0700682 0.0562442 0.716659
2 0.481959 0.571153 0.087115 0.0558126 0.716647
2 0.688174 0.661223 0.0251867 0.0338627 0.703127
1 0.36602 0.17966 0.0681251 0.0577258 0.682757
1 0.418712 0.222149 0.0396744 0.056771 0.673813
2 0.496198 0.789408 0.0689728 0.0568906 0.664783
1 0.664488 0.692107 0.0224091 0.034293 0.662985
1 0.68798 0.629381 0.0258425 0.0329295 0.653649
2 0.638624 0.826335 0.0354863 0.0342892 0.644154
1 0.52795 0.411978 0.0289393 0.0551443 0.635631
1 0.669253 0.861647 0.0235735 0.034678 0.634587
2 0.707452 0.697911 0.0140177 0.0331556 0.633852
2 0.47949 0.466399 0.0739406 0.0524229 0.627245
2 0.690791 0.793045 0.0251288 0.0325114 0.626306
2 0.471476 0.624892 0.112487 0.0536951 0.609887
2 0.494214 0.678655 0.0710255 0.0526659 0.59747
2 0.639877 0.86074 0.0359919 0.034346 0.596389
1 0.318394 0.284805 0.0289403 0.0494955 0.596122
2 0.665292 0.726223 0.021834 0.0336658 0.548695
1 0.528901 0.462982 0.027534 0.0505466 0.548417
2 0.708359 0.730599 0.0144747 0.032771 0.54582
1 0.706396 0.508858 0.016778 0.0333007 0.541588
1 0.366888 0.143191 0.0704146 0.0379113 0.528316
1 0.688287 0.661917 0.0255114 0.0333593 0.51733
2 0.472726 0.678651 0.114547 0.0533881 0.501565
