1 0.40529 0.555871 0.131748 0.123353 0.885836
1 0.286703 0.682273 0.11215 0.133501 0.878509
1 0.284911 0.594348 0.111417 0.13293 0.877882
1 0.403836 0.46362 0.128997 0.137326 0.857664
1 0.28445 0.779199 0.11757 0.139708 0.856784
1 0.511632 0.668853 0.0724933 0.140965 0.842309
1 0.407336 0.661287 0.132728 0.0977273 0.821608
1 0.581057 0.499574 0.0393468 0.116177 0.82115
1 0.516142 0.766877 0.0709719 0.136165 0.811713
1 0.504999 0.407435 0.0699642 0.151868 0.810957
1 0.506885 0.491037 0.0697822 0.147079 0.804193
1 0.689383 0.775689 0.0589737 0.136267 0.7994
1 0.286326 0.507009 0.105189 0.132546 0.790355
1 0.584528 0.601403 0.0410258 0.154696 0.776073
1 0.67244 0.683697 0.0338431 0.093764 0.774491
1 0.403532 0.420912 0.127337 0.190899 0.768954
1 0.619298 0.622972 0.0312084 0.109504 0.766694
1 0.549277 0.459675 0.0222572 0.0930164 0.765758
1 0.045036 0.476171 0.0757869 0.164836 0.746564
1 0.669864 0.610366 0.0305838 0.0991534 0.736776
1 0.551141 0.533029 0.0210029 0.0781765 0.725091
1 0.409634 0.933225 0.134847 0.127863 0.720738
1 0.695623 0.64015 0.0256303 0.0946424 0.716006
1 0.699758 0.712041 0.0255384 0.0884478 0.709331
1 0.509775 0.581724 0.0722874 0.14181 0.707489
1 0.409541 0.755847 0.134497 0.0959044 0.696558
1 0.404274 0.392219 0.125156 0.137627 0.628602
1 0.615376 0.542243 0.0306404 0.103412 0.626366
1 0.643208 0.588506 0.0256942 0.087032 0.623446
1 0.694038 0.863829 0.0582872 0.128083 0.596434
1 0.644559 0.652238 0.0251055 0.0860819 0.566421
2 0.519017 0.857776 0.0741634 0.129144 0.565842
