2 0.634346 0.644181 0.027562 0.0396678 0.873032
2 0.634118 0.686076 0.0272562 0.0408028 0.861482
2 0.634106 0.727135 0.0279426 0.0404846 0.858016
2 0.411472 0.760314 0.102669 0.0466296 0.849488
2 0.601984 0.727202 0.0338589 0.0434573 0.843508
2 0.634398 0.526172 0.0279001 0.0392647 0.841387
2 0.634423 0.488318 0.0276135 0.0386256 0.841369
2 0.332973 0.705401 0.0568728 0.0542712 0.837131
2 0.487545 0.762256 0.0441099 0.0436649 0.835469
2 0.634321 0.603727 0.029011 0.0411704 0.832114
2 0.491643 0.561109 0.0440483 0.0512831 0.82929
2 0.488698 0.712105 0.0442203 0.0513743 0.827669
2 0.601512 0.559741 0.0348757 0.0440753 0.822622
2 0.634288 0.564162 0.0285658 0.0402663 0.821979
2 0.490846 0.610334 0.0424599 0.0479249 0.821568
2 0.601623 0.600786 0.0345115 0.0432632 0.819491
2 0.489948 0.660553 0.0438982 0.0514238 0.818916
2 0.411582 0.707634 0.102644 0.0529918 0.816472
2 0.601645 0.519608 0.0346474 0.0431848 0.814189
2 0.41303 0.41395 0.0996685 0.0679185 0.813586
2 0.491961 0.514889 0.0433037 0.049445 0.808315
2 0.601932 0.641692 0.0338232 0.0422917 0.798497
2 0.602157 0.769473 0.0337737 0.0351641 0.797328
2 0.634178 0.767653 0.0272444 0.0357841 0.797195
2 0.33238 0.759945 0.0560259 0.0489135 0.785989
2 0.413175 0.459302 0.0967719 0.0598764 0.774702
2 0.492244 0.469371 0.0429115 0.0477027 0.773629
2 0.571999 0.634342 0.0257067 0.0436318 0.763685
2 0.413739 0.655422 0.103236 0.0549801 0.748551
2 0.491836 0.424855 0.0424336 0.0488004 0.747323
2 0.572225 0.591325 0.024943 0.0443144 0.722615
2 0.601021 0.481136 0.03486 0.0425769 0.714826
2 0.33315 0.594416 0.0568051 0.053746 0.709814
2 0.571875 0.549625 0.0245928 0.0392751 0.702703
2 0.571029 0.678143 0.0272229 0.0434306 0.692903
2 0.333307 0.649495 0.0567692 0.0548328 0.692054
2 0.571527 0.510897 0.0239611 0.0405203 0.686117
2 0.416475 0.358409 0.0995585 0.0835119 0.678029
2 0.522073 0.7722 0.0216564 0.0268419 0.672406
2 0.334327 0.337296 0.0622109 0.0639262 0.668311
2 0.413579 0.602304 0.105077 0.055355 0.667566
2 0.413072 0.502229 0.10288 0.0581506 0.662512
2 0.688492 0.577832 0.0229196 0.0370952 0.647899
2 0.537639 0.517105 0.0428348 0.0435553 0.6474
2 0.664431 0.766968 0.0319389 0.0298029 0.642003
2 0.413386 0.552271 0.103406 0.0586597 0.631092
2 0.545004 0.738098 0.0221305 0.0342973 0.629925
2 0.688326 0.614928 0.0216721 0.0375175 0.628256
2 0.538691 0.560224 0.0424364 0.0413444 0.628153
2 0.570551 0.72558 0.0266041 0.04817 0.612974
2 0.54154 0.647382 0.0340094 0.0476843 0.605928
2 0.539873 0.602628 0.0401588 0.0442804 0.600108
2 0.663672 0.689551 0.0303237 0.0396238 0.570939
2 0.6888 0.541602 0.0238224 0.0370737 0.567623
2 0.274092 0.475503 0.0649389 0.0602203 0.54548
2 0.543182 0.695011 0.0290032 0.0420359 0.543781
2 0.558762 0.771715 0.0499501 0.0308065 0.52403
2 0.664016 0.729385 0.0311478 0.0372761 0.519985
2 0.334175 0.540821 0.0553134 0.059299 0.514405
2 0.601915 0.684251 0.0340993 0.0423311 0.511244
0 0.601916 0.683994 0.0339681 0.0424424 0.500456
