1 0.20116 0.621652 0.0381922 0.032165 0.865389
1 0.265073 0.626881 0.039627 0.0307627 0.862812
1 0.265347 0.59421 0.0401046 0.0327928 0.862027
1 0.26653 0.528157 0.0418217 0.0343921 0.861494
1 0.294427 0.629096 0.0195829 0.0307551 0.859845
1 0.265998 0.560918 0.0411445 0.0338518 0.859163
1 0.202071 0.556026 0.0384012 0.0337757 0.85574
2 0.317288 0.757329 0.0249269 0.0300936 0.854825
1 0.201843 0.589175 0.0382048 0.0319892 0.854145
1 0.233537 0.559143 0.0242553 0.0336132 0.854137
1 0.232886 0.624579 0.0241997 0.0308644 0.85371
2 0.316936 0.724792 0.024824 0.0308344 0.852383
1 0.469259 0.603112 0.0339487 0.0359874 0.850425
2 0.931047 0.293979 0.0975299 0.0778762 0.849679
1 0.233893 0.525818 0.0244393 0.0345039 0.84957
2 0.846979 0.53165 0.0700382 0.0747622 0.848644
1 0.233134 0.592635 0.02454 0.0329301 0.84836
1 0.202485 0.522384 0.0389636 0.0344474 0.846651
2 0.931638 0.370488 0.0984219 0.0769884 0.845943
2 0.931873 0.215022 0.0934879 0.080145 0.842162
2 0.846329 0.609117 0.0679527 0.0750259 0.840002
1 0.469237 0.567015 0.0340494 0.0355418 0.839603
1 0.200896 0.654427 0.038347 0.0316423 0.838816
2 0.847997 0.378707 0.0715011 0.0767091 0.835841
1 0.267392 0.492708 0.0433583 0.0389011 0.831924
2 0.780777 0.36537 0.0615191 0.0431287 0.830508
2 0.536972 0.748554 0.0441469 0.0352125 0.828651
2 0.317411 0.788977 0.0245721 0.0303108 0.82806
1 0.647445 0.38739 0.0264846 0.0462273 0.826843
1 0.469355 0.639209 0.0337555 0.0358474 0.825031
2 0.847007 0.454927 0.0704186 0.0755453 0.82318
2 0.232907 0.720728 0.0241349 0.0304211 0.821436
2 0.2327 0.786247 0.0243856 0.0303359 0.820107
1 0.294722 0.59661 0.0191957 0.0326398 0.817256
1 0.165755 0.521002 0.0337393 0.0349228 0.816875
1 0.647659 0.429916 0.0264765 0.0399559 0.815242
2 0.850021 0.302439 0.0746346 0.0756959 0.814773
1 0.164713 0.587364 0.0351654 0.0327772 0.813318
2 0.537219 0.713584 0.0441844 0.0347253 0.812785
1 0.165602 0.554733 0.033771 0.0337817 0.812244
0 0.231988 0.919664 0.0239173 0.028984 0.809891
2 0.232896 0.753319 0.0240464 0.0305614 0.80636
2 0.264828 0.690194 0.0384359 0.0307825 0.803314
0 0.255856 0.919563 0.0193716 0.0295441 0.79973
2 0.200994 0.719444 0.0371672 0.0307928 0.799505
2 0.346587 0.757621 0.0322738 0.0317054 0.799037
2 0.931933 0.447129 0.0956154 0.0762733 0.798344
2 0.781298 0.138072 0.0614218 0.0470318 0.793197
2 0.851247 0.224976 0.0773399 0.0796748 0.792466
1 0.716734 0.57163 0.0271331 0.0384627 0.792326
2 0.780767 0.290042 0.0605673 0.0434474 0.792256
2 0.347399 0.789717 0.032906 0.0320326 0.791993
2 0.780846 0.21399 0.0619417 0.0421498 0.789847
1 0.163749 0.65227 0.0346076 0.0325764 0.789268
2 0.348756 0.822427 0.0354587 0.0303359 0.7873
2 0.295208 0.819208 0.0185524 0.0300995 0.786302
2 0.29467 0.723365 0.0183451 0.0304438 0.786038
2 0.7249 0.684 0.0452686 0.0393647 0.781632
1 0.647758 0.468415 0.0261366 0.0385956 0.780599
0 0.255508 0.951965 0.0196287 0.0295107 0.779592
2 0.470265 0.711418 0.0301366 0.0358626 0.778202
1 0.164059 0.619773 0.035064 0.0336937 0.777427
2 0.275711 0.885247 0.0183129 0.0313554 0.777154
2 0.161983 0.716144 0.0373336 0.031096 0.776814
2 0.536882 0.784513 0.0440563 0.0360889 0.773712
2 0.200934 0.751366 0.0368721 0.0311173 0.772064
0 0.3496 0.986342 0.0354964 0.0273169 0.771043
2 0.2008 0.784434 0.0369861 0.0319911 0.771007
2 0.349421 0.856254 0.0374743 0.0317378 0.77071
2 0.295095 0.755582 0.0178163 0.0304845 0.769387
1 0.295408 0.564162 0.0185599 0.0327285 0.766077
1 0.469378 0.495587 0.0326942 0.0375973 0.76544
2 0.295092 0.852243 0.0179269 0.0296338 0.765215
2 0.295261 0.78719 0.0184135 0.029537 0.764252
2 0.275916 0.851198 0.0183849 0.0298876 0.763241
1 0.264726 0.658743 0.038672 0.031453 0.762571
0 0.936714 0.681028 0.0817373 0.076473 0.760803
1 0.469664 0.675642 0.0331223 0.0356371 0.758187
1 0.580123 0.527231 0.0332539 0.0384177 0.755293
2 0.725025 0.726363 0.0460915 0.0432105 0.754026
1 0.580015 0.563562 0.0328171 0.0378458 0.753543
0 0.349589 0.922507 0.0382725 0.0288218 0.751604
2 0.933069 0.523804 0.089207 0.0760347 0.749107
2 0.265217 0.721663 0.0387856 0.0302678 0.74855
2 0.232542 0.818775 0.0239429 0.0304372 0.748223
0 0.349654 0.954789 0.0376695 0.0299203 0.746947
0 0.31687 0.954542 0.0244699 0.0314145 0.746847
2 0.317652 0.853947 0.0225239 0.0304694 0.746111
1 0.469432 0.531726 0.0333229 0.0361345 0.743329
2 0.665915 0.731862 0.0192263 0.0386243 0.742994
2 0.469473 0.748811 0.0279966 0.0377949 0.742781
1 0.162924 0.684466 0.0360084 0.0317042 0.74192
1 0.232615 0.657015 0.0242405 0.0311862 0.74191
2 0.275851 0.818174 0.0188655 0.0297955 0.741492
2 0.231916 0.884936 0.0234978 0.0302873 0.739721
1 0.294216 0.660438 0.0195504 0.0304074 0.739487
1 0.580245 0.491401 0.0338333 0.0394038 0.737971
1 0.316662 0.662702 0.0247775 0.0301039 0.733948
2 0.665951 0.771229 0.0190909 0.0385609 0.733358
2 0.780323 0.440329 0.0610909 0.0424329 0.731842
2 0.294239 0.692272 0.018813 0.029706 0.731774
2 0.849501 0.686786 0.0678173 0.0736326 0.731371
2 0.200519 0.817296 0.036852 0.0311122 0.729491
1 0.234477 0.489843 0.0244436 0.0371468 0.727767
2 0.689262 0.690567 0.0258514 0.0398404 0.726839
0 0.317216 0.887975 0.0224613 0.032399 0.724296
0 0.255455 0.984758 0.0196849 0.0288049 0.7209
2 0.265933 0.753918 0.0387044 0.0303391 0.720295
2 0.161932 0.74892 0.0373813 0.0321508 0.719273
1 0.647582 0.506372 0.0260254 0.0379502 0.716447
2 0.232715 0.689123 0.0245031 0.0299714 0.716082
0 0.316992 0.986234 0.0249162 0.0275323 0.705838
1 0.31688 0.631353 0.0249408 0.0320008 0.705085
2 0.990041 0.288312 0.0199183 0.0741385 0.702531
1 0.717837 0.6087 0.0298819 0.0383946 0.698733
1 0.468614 0.45725 0.0307284 0.0385875 0.698444
0 0.210093 0.919333 0.0166136 0.029085 0.697653
2 0.689093 0.730254 0.02623 0.0409636 0.692152
1 0.165393 0.484062 0.0346516 0.0373703 0.691812
2 0.231385 0.984414 0.0233931 0.0291305 0.691733
1 0.537829 0.640858 0.0462311 0.0365445 0.690929
0 0.316889 0.921848 0.0238881 0.0301443 0.690676
2 0.537059 0.821548 0.0432354 0.0365371 0.6845
0 0.34983 0.889869 0.0385409 0.0335352 0.684274
2 0.344805 0.7243 0.0296834 0.0323674 0.676908
2 0.20106 0.687038 0.037988 0.032165 0.675123
2 0.689102 0.652327 0.0258274 0.0395529 0.673975
2 0.576321 0.820721 0.0336445 0.0372275 0.672118
1 0.646946 0.619834 0.0240151 0.0380413 0.669828
2 0.161946 0.782323 0.0376939 0.0318747 0.668215
2 0.68881 0.808828 0.025531 0.0377012 0.667928
0 0.231677 0.951847 0.0233373 0.0288725 0.666318
2 0.576415 0.783549 0.0331608 0.036202 0.661023
2 0.779888 0.592522 0.062035 0.0415813 0.65906
2 0.725079 0.645002 0.0443713 0.036532 0.656611
2 0.680163 0.615309 0.0434126 0.039703 0.656099
2 0.688991 0.769997 0.026046 0.0398906 0.654242
1 0.647703 0.544438 0.0259804 0.0381658 0.653835
2 0.666314 0.692552 0.0193924 0.0375554 0.652651
1 0.58058 0.454377 0.0342291 0.042011 0.6521
1 0.295758 0.531856 0.0178329 0.0344256 0.651717
1 0.130901 0.651957 0.0326609 0.0320685 0.648243
2 0.57797 0.710748 0.0354181 0.034691 0.647623
2 0.780519 0.327339 0.059797 0.0361437 0.64441
1 0.392198 0.604684 0.027792 0.0351695 0.643205
2 0.468866 0.786854 0.0263876 0.0360282 0.642314
1 0.647627 0.582542 0.0247536 0.0384562 0.639388
2 0.781073 0.251743 0.0612458 0.0363846 0.637817
2 0.265648 0.786216 0.0380066 0.03033 0.632749
2 0.294934 0.886015 0.0181409 0.0317856 0.625419
2 0.275669 0.920046 0.0175106 0.0300682 0.622768
1 0.727109 0.413538 0.0441883 0.042298 0.618473
1 0.57993 0.60081 0.0337185 0.037435 0.617133
2 0.727123 0.45262 0.0444345 0.0443696 0.613458
2 0.665984 0.810645 0.0191019 0.0361497 0.613294
1 0.723103 0.371119 0.0385933 0.0466606 0.611776
2 0.256704 0.818606 0.0206696 0.0301614 0.608139
2 0.231993 0.851461 0.0230513 0.0292702 0.606368
1 0.391726 0.639827 0.0275638 0.0348834 0.601469
2 0.726736 0.492732 0.0458684 0.042714 0.601143
1 0.316768 0.599335 0.0245248 0.0323385 0.600317
1 0.738973 0.570172 0.0185433 0.0392085 0.598243
2 0.316564 0.693158 0.0243891 0.0275246 0.596907
2 0.576775 0.746719 0.0334114 0.0370589 0.590614
2 0.537785 0.677688 0.0453029 0.035821 0.590478
2 0.934543 0.6019 0.0860651 0.0774864 0.583769
2 0.99042 0.365629 0.0191598 0.0737537 0.582878
1 0.203136 0.486226 0.0400492 0.0392183 0.579539
2 0.989486 0.209834 0.0210287 0.0766093 0.579484
2 0.780509 0.516859 0.0609157 0.0408014 0.575393
2 0.624853 0.735136 0.018609 0.0350189 0.569972
0 0.689131 0.925246 0.0245456 0.0355825 0.568619
1 0.615789 0.556024 0.0367679 0.0435617 0.565059
1 0.645535 0.657818 0.0221197 0.0394479 0.558329
0 0.689432 0.888283 0.0238586 0.0383841 0.556122
2 0.676526 0.653879 0.03969 0.0398359 0.555517
1 0.316812 0.566568 0.0248455 0.0333422 0.548424
1 0.605482 0.446424 0.016485 0.0435067 0.545908
2 0.854234 0.150641 0.080513 0.0761181 0.545293
2 0.209049 0.983739 0.0170015 0.0290981 0.54433
1 0.100734 0.977321 0.146245 0.0453583 0.541517
2 0.255769 0.851623 0.0182654 0.0293239 0.540388
1 0.623858 0.478243 0.0204891 0.0420592 0.53928
0 0.6047 0.926666 0.0222129 0.0254549 0.537691
0 0.190842 0.984186 0.0185334 0.030747 0.537144
2 0.681236 0.577802 0.0432055 0.0415795 0.536611
2 0.200365 0.849625 0.0369388 0.0300105 0.536097
0 0.190554 0.919105 0.0193634 0.0309133 0.535862
2 0.52934 0.568796 0.0325043 0.0348064 0.535185
2 0.200194 0.883166 0.0361066 0.0290887 0.529699
2 0.579318 0.675511 0.036019 0.0362872 0.529346
1 0.615859 0.516337 0.0364859 0.0424628 0.52519
2 0.317827 0.820792 0.0239526 0.0303827 0.52427
1 0.392778 0.568729 0.0273399 0.0362026 0.520887
1 0.605071 0.483945 0.016227 0.0420146 0.51003
1 0.391292 0.674141 0.0276402 0.0347059 0.503784
2 0.624623 0.699399 0.0187832 0.0325923 0.503118
