1 0.548802 0.877385 0.0578939 0.0698967 0.900614
1 0.543011 0.749418 0.055673 0.0640567 0.886731
1 0.594265 0.762328 0.0481299 0.0723994 0.885722
1 0.546165 0.811386 0.0568547 0.0665567 0.879609
1 0.59041 0.705024 0.0466864 0.0668176 0.876592
1 0.40565 0.861064 0.0632836 0.0771921 0.873307
1 0.635584 0.779678 0.0403066 0.0709098 0.870758
1 0.540374 0.691815 0.0544011 0.0645217 0.869522
1 0.817225 0.957733 0.0413714 0.0587804 0.861817
1 0.598923 0.821965 0.0487148 0.0704241 0.860829
1 0.538491 0.635711 0.0529025 0.0607637 0.860506
1 0.603248 0.886058 0.0511067 0.0729245 0.855757
1 0.771431 0.898558 0.0472719 0.0551157 0.854032
1 0.585867 0.651486 0.0434591 0.0636467 0.852866
1 0.550975 0.948895 0.060249 0.0775003 0.850498
1 0.778913 0.953696 0.0504426 0.0576623 0.850463
1 0.407266 0.791924 0.0628569 0.072443 0.850013
1 0.535378 0.583069 0.0502915 0.057291 0.846052
1 0.403935 0.937042 0.0634048 0.0837527 0.844291
1 0.630314 0.723346 0.0402621 0.0713467 0.841224
1 0.745877 0.745771 0.0481064 0.0551808 0.839144
1 0.640465 0.838439 0.0411835 0.0756871 0.837811
1 0.651322 0.964438 0.0428159 0.0702664 0.835317
1 0.46776 0.681151 0.056928 0.0781311 0.834875
2 0.464002 0.866105 0.0529469 0.0761201 0.831869
1 0.62029 0.622919 0.0354601 0.0634511 0.825874
1 0.625252 0.67186 0.0385883 0.06916 0.820224
1 0.531093 0.491703 0.0459185 0.0474789 0.818159
1 0.807718 0.90198 0.0386027 0.0574015 0.817758
1 0.606762 0.955966 0.0526439 0.0761175 0.817722
1 0.532832 0.535816 0.048003 0.0531597 0.815314
1 0.646314 0.901489 0.0430212 0.0737899 0.812037
1 0.468714 0.740883 0.0589314 0.077258 0.811855
1 0.577875 0.552531 0.0424158 0.06095 0.805659
1 0.581626 0.599512 0.0426416 0.0598232 0.805115
1 0.666987 0.803484 0.0280358 0.068243 0.804283
1 0.678475 0.919284 0.0285872 0.0684738 0.797768
1 0.752671 0.794929 0.0531664 0.0537935 0.796215
1 0.703829 0.744213 0.032046 0.0508105 0.788428
1 0.614077 0.574476 0.0348622 0.0616455 0.787409
1 0.529858 0.449316 0.0451261 0.0497566 0.782363
1 0.764664 0.846688 0.0444541 0.0529764 0.778442
1 0.727506 0.951014 0.0296141 0.0524063 0.775145
1 0.721953 0.897014 0.0308468 0.0566064 0.774447
1 0.714079 0.843459 0.0267021 0.0544114 0.772639
1 0.375561 0.598333 0.0234756 0.0689757 0.767521
1 0.707883 0.791888 0.0295405 0.0533464 0.764226
1 0.648652 0.645885 0.0237849 0.0649648 0.758393
1 0.574078 0.509697 0.0405016 0.0598627 0.758341
1 0.672773 0.858651 0.0282463 0.0625527 0.757762
1 0.660632 0.747956 0.0273597 0.0679209 0.753126
1 0.61078 0.533458 0.0341873 0.0571548 0.749779
1 0.692214 0.836277 0.0209446 0.0587243 0.744527
1 0.654645 0.695257 0.0258085 0.0655239 0.744024
1 0.698226 0.890021 0.0221542 0.0604672 0.731873
1 0.374386 0.650222 0.0206313 0.0707323 0.729208
1 0.683881 0.973246 0.0275452 0.053508 0.713876
1 0.324156 0.486123 0.024452 0.060314 0.713872
1 0.349801 0.496276 0.0335532 0.0711207 0.712669
1 0.643502 0.597561 0.0224867 0.0592452 0.71257
2 0.467868 0.80175 0.0582227 0.0703258 0.709748
1 0.376999 0.550287 0.0258424 0.0618793 0.705328
1 0.412171 0.615012 0.0535688 0.0755048 0.701734
1 0.799322 0.849965 0.0384466 0.0562183 0.7015
1 0.571386 0.468666 0.0392795 0.0587116 0.68973
1 0.385143 0.422435 0.0200768 0.0546172 0.688046
1 0.372662 0.704279 0.0191239 0.0671083 0.686994
1 0.703092 0.943815 0.0221486 0.055616 0.684306
1 0.809075 0.767873 0.0281931 0.0486372 0.668643
1 0.3632 0.824044 0.0262181 0.078025 0.666446
1 0.348277 0.529968 0.0342738 0.0574418 0.664736
1 0.686911 0.785435 0.0204598 0.0559184 0.664618
1 0.414133 0.55611 0.0502154 0.0587236 0.659629
1 0.844483 0.967396 0.0263062 0.0535091 0.644319
1 0.366374 0.763727 0.0266665 0.0706406 0.642064
1 0.638654 0.557346 0.0231829 0.0514546 0.641129
1 0.568688 0.425718 0.0390917 0.0538051 0.638179
2 0.360968 0.88911 0.0242385 0.0798449 0.637928
1 0.607772 0.490115 0.0332347 0.0593927 0.632363
1 0.835946 0.916536 0.0289385 0.0612081 0.631586
1 0.67149 0.684169 0.0190253 0.055741 0.629384
1 0.321641 0.530365 0.0229908 0.0651304 0.626538
1 0.667442 0.63932 0.0156801 0.0507502 0.626019
1 0.325579 0.842191 0.0452008 0.072604 0.623506
1 0.328682 0.787787 0.0404834 0.0763871 0.609746
1 0.383912 0.464382 0.0199812 0.0596857 0.606826
1 0.791072 0.801213 0.0387711 0.0539241 0.603284
1 0.829589 0.867346 0.027244 0.0595003 0.591893
1 0.38015 0.508379 0.0227754 0.0605111 0.573892
1 0.786363 0.990904 0.043265 0.0181914 0.559454
1 0.782937 0.755472 0.0376729 0.0525055 0.558578
1 0.470018 0.947074 0.0649199 0.0868067 0.551058
1 0.680605 0.737283 0.0175501 0.0526288 0.540715
1 0.829036 0.78421 0.0180552 0.0440092 0.512089
1 0.526552 0.40574 0.043917 0.0511008 0.508409
1 0.351068 0.45279 0.0322442 0.0476592 0.504004
