0 0.852419 0.944061 0.10582 0.0263403 0.877079
1 0.609537 0.468161 0.0816991 0.0267198 0.872598
1 0.609416 0.442212 0.0816761 0.0270541 0.868503
1 0.609546 0.416563 0.0819239 0.0280388 0.867501
1 0.609848 0.521069 0.0831573 0.0272967 0.858067
0 0.850588 0.887394 0.104565 0.0273358 0.857642
1 0.609943 0.389795 0.0820475 0.0283774 0.857359
0 0.448867 0.960039 0.10835 0.027479 0.855243
1 0.610024 0.494807 0.0820527 0.0266109 0.854601
0 0.244913 0.90031 0.113601 0.0292682 0.849404
1 0.610059 0.547476 0.0825401 0.0268952 0.847336
0 0.345386 0.927645 0.0838454 0.0279445 0.845583
1 0.690536 0.525199 0.0778173 0.0269104 0.844305
1 0.612006 0.600053 0.0826065 0.0272506 0.841032
0 0.143724 0.93806 0.0834792 0.0299008 0.838639
1 0.610774 0.573557 0.082786 0.0271509 0.838455
0 0.851528 0.916238 0.105126 0.0266389 0.836429
1 0.691496 0.55109 0.0794543 0.0274899 0.83263
1 0.766397 0.398638 0.0769715 0.0282901 0.832437
0 0.347925 0.869658 0.0835786 0.0272478 0.832368
1 0.764329 0.607642 0.0605023 0.0279856 0.832293
0 0.346548 0.898536 0.0841964 0.0280801 0.830679
1 0.612758 0.627636 0.083649 0.0285883 0.829264
0 0.243183 0.986711 0.116196 0.0265783 0.825637
0 0.346015 0.986268 0.0859073 0.0267899 0.825461
0 0.76721 0.939858 0.0595733 0.028207 0.823515
1 0.766252 0.424522 0.0771645 0.0281078 0.822265
0 0.149352 0.8247 0.080992 0.0298359 0.821882
0 0.248966 0.814508 0.114393 0.0302357 0.821515
0 0.448442 0.930495 0.108424 0.0266613 0.821198
0 0.246252 0.871703 0.113638 0.0286237 0.82065
0 0.346031 0.956937 0.0866601 0.0283351 0.820404
0 0.144722 0.910067 0.0823698 0.0294842 0.817883
1 0.764454 0.634466 0.0596648 0.0275997 0.816883
0 0.85344 0.993925 0.108299 0.01215 0.814337
0 0.145615 0.881766 0.0804275 0.0296854 0.812725
0 0.147772 0.852848 0.0807042 0.0298052 0.812242
1 0.697685 0.631172 0.0729036 0.0278022 0.809347
0 0.767392 0.968569 0.0594662 0.0283472 0.808322
0 0.150793 0.797206 0.0812322 0.030409 0.806041
1 0.689941 0.499227 0.0764395 0.0260989 0.804672
1 0.694196 0.603902 0.0787699 0.0278968 0.804332
1 0.702589 0.685464 0.0637671 0.0279629 0.803354
0 0.243378 0.958035 0.114726 0.0286843 0.799175
0 0.247401 0.843216 0.114312 0.0299717 0.798035
0 0.243706 0.929086 0.113996 0.0288074 0.797784
1 0.612535 0.681742 0.0841906 0.0279191 0.797465
1 0.693073 0.57749 0.0797337 0.0278317 0.794424
1 0.764391 0.661014 0.059497 0.0277065 0.793293
1 0.35636 0.643736 0.0813214 0.0267468 0.789638
1 0.612623 0.654672 0.0842605 0.0284206 0.788394
0 0.768008 0.991794 0.0594627 0.0164125 0.781293
0 0.142513 0.966029 0.0841925 0.0303696 0.77842
0 0.348802 0.841583 0.0817787 0.0277447 0.778365
0 0.852905 0.972687 0.107008 0.0276573 0.775718
1 0.764419 0.580778 0.0633522 0.0276619 0.775019
1 0.766283 0.450656 0.0768964 0.0275599 0.775002
1 0.700587 0.65815 0.0678967 0.0280402 0.773073
0 0.153571 0.688221 0.0757424 0.0313887 0.767892
0 0.152431 0.769817 0.0809792 0.0307193 0.766303
1 0.766247 0.373873 0.0765291 0.0256383 0.763702
1 0.609685 0.362917 0.0817163 0.0283719 0.762963
0 0.153013 0.743395 0.07973 0.0302153 0.761334
0 0.766931 0.911481 0.0599367 0.0284885 0.75854
0 0.44912 0.90173 0.108393 0.0269199 0.756544
0 0.15295 0.715955 0.0769399 0.0289415 0.755842
1 0.846566 0.585362 0.104025 0.0286491 0.754219
1 0.764798 0.743462 0.0591437 0.0283293 0.753833
1 0.453368 0.676232 0.10954 0.0282454 0.750936
1 0.764181 0.687986 0.059377 0.0277504 0.749688
1 0.689521 0.473099 0.0747911 0.0259911 0.748345
0 0.349692 0.812312 0.0812191 0.0286053 0.747841
1 0.764179 0.715589 0.0590015 0.0276365 0.742918
0 0.155499 0.660159 0.0770213 0.0335029 0.741344
0 0.535648 0.988253 0.058141 0.0234937 0.739824
0 0.448599 0.987815 0.108869 0.0243708 0.739694
1 0.846995 0.639222 0.105067 0.0271532 0.737596
1 0.612238 0.709299 0.0827256 0.0283184 0.734384
1 0.355409 0.670838 0.0815097 0.0274027 0.733035
1 0.689316 0.446961 0.0755796 0.0267216 0.731807
1 0.358968 0.455376 0.0772926 0.0254599 0.731047
1 0.357491 0.588754 0.0815021 0.0283061 0.73095
1 0.481633 0.489082 0.168504 0.027379 0.726472
1 0.689 0.420962 0.0775556 0.0278969 0.719618
1 0.540075 0.597726 0.057894 0.0268869 0.718458
1 0.766154 0.555216 0.0709183 0.0275572 0.71306
1 0.358533 0.481521 0.0784065 0.025093 0.712285
1 0.846812 0.612109 0.104949 0.0274997 0.709023
1 0.354604 0.698911 0.0816653 0.0275003 0.699114
0 0.14181 0.989492 0.0841483 0.0210154 0.698927
0 0.250898 0.78601 0.112246 0.0296405 0.694543
1 0.703181 0.712732 0.0621459 0.0273418 0.691865
0 0.25218 0.757663 0.110102 0.0295588 0.690712
0 0.0899479 0.884762 0.0288489 0.0260145 0.686575
1 0.689756 0.394357 0.0756707 0.0281673 0.679949
1 0.356627 0.616575 0.081818 0.0270857 0.678687
1 0.766651 0.478206 0.078195 0.0273549 0.677401
1 0.481822 0.461564 0.16823 0.0311991 0.675297
1 0.358341 0.508029 0.0796355 0.0266639 0.673693
1 0.359573 0.428992 0.0763073 0.02523 0.673512
1 0.539783 0.707039 0.0601737 0.0282498 0.670452
1 0.357315 0.560699 0.0814361 0.0293814 0.665468
1 0.702498 0.740136 0.0635198 0.0278944 0.665358
0 0.947083 0.994962 0.0726674 0.0100763 0.665225
1 0.539738 0.651657 0.0605073 0.0277195 0.663996
0 0.253529 0.730017 0.110068 0.0293909 0.662015
1 0.847248 0.666317 0.104734 0.0261999 0.65825
0 0.102887 0.666035 0.0301216 0.0264227 0.658183
1 0.539505 0.679317 0.0600984 0.0281916 0.65582
0 0.0890256 0.91173 0.0279557 0.0276421 0.651591
1 0.453889 0.648402 0.109695 0.0289581 0.650839
0 0.849989 0.859081 0.104561 0.026827 0.650766
1 0.702992 0.768008 0.0628557 0.027923 0.638085
1 0.539408 0.57029 0.0577148 0.0271793 0.635128
0 0.948346 0.945667 0.0783108 0.0265774 0.626617
0 0.610498 0.989005 0.0861169 0.0219906 0.621995
0 0.102181 0.640346 0.0329867 0.0275873 0.621895
0 0.102023 0.692468 0.0282062 0.0280789 0.617345
1 0.612221 0.736765 0.0819296 0.0280817 0.610731
0 0.0984259 0.748275 0.027653 0.027569 0.608748
0 0.155438 0.632886 0.0736757 0.0340727 0.606287
1 0.767299 0.503784 0.0781618 0.0266462 0.606232
1 0.36136 0.349738 0.0788377 0.0242114 0.600764
0 0.448908 0.872629 0.106898 0.0265693 0.598048
1 0.360061 0.402934 0.0765726 0.0260485 0.596788
2 0.276587 0.430451 0.0833219 0.025287 0.593983
1 0.540287 0.624443 0.058884 0.0265745 0.592813
0 0.947512 0.974977 0.0769707 0.0277596 0.588477
1 0.765235 0.770974 0.0592435 0.0279779 0.585516
1 0.939026 0.615362 0.0767753 0.0270618 0.585032
1 0.611757 0.764751 0.0813214 0.0279152 0.584964
2 0.277422 0.404558 0.0832105 0.0263572 0.584036
0 0.535517 0.961192 0.0583354 0.0283035 0.583697
0 0.15698 0.529859 0.0658591 0.0299646 0.578572
1 0.357525 0.534566 0.0797237 0.0299546 0.562955
0 0.449268 0.845473 0.10731 0.0264416 0.561831
1 0.609882 0.821345 0.0822807 0.0291772 0.560184
2 0.454266 0.541719 0.111375 0.0278191 0.558927
2 0.540098 0.570375 0.0572749 0.0274925 0.558682
1 0.274983 0.35242 0.0767409 0.0293079 0.557635
0 0.254975 0.701912 0.109286 0.0304026 0.541139
0 0.0994562 0.720246 0.0275912 0.0280436 0.527841
1 0.691103 0.369686 0.0731632 0.0258798 0.519703
0 0.766415 0.882887 0.0603006 0.0286919 0.515991
1 0.36106 0.37592 0.0780198 0.0271856 0.51274
1 0.61085 0.792775 0.0818073 0.027997 0.505924
