2 0.655121 0.520267 0.307135 0.311606 0.909261
2 0.65726 0.839544 0.313745 0.319372 0.90485
2 0.421633 0.212882 0.153534 0.298842 0.904393
1 0.279647 0.532577 0.11388 0.314916 0.896754
2 0.078935 0.837168 0.143373 0.295044 0.893404
2 0.0797401 0.52509 0.142918 0.305577 0.883806
2 0.427241 0.828778 0.14784 0.294038 0.883103
2 0.902801 0.213008 0.171247 0.29292 0.881765
1 0.280467 0.837943 0.113075 0.289541 0.88023
2 0.423951 0.524599 0.15217 0.310416 0.88005
2 0.0848298 0.20565 0.137373 0.289971 0.878518
2 0.895134 0.837604 0.172208 0.311285 0.876425
2 0.895043 0.52312 0.1811 0.314068 0.871617
1 0.27957 0.218421 0.111679 0.306821 0.870146
2 0.654883 0.208613 0.303183 0.295575 0.86378
2 0.215137 0.222989 0.0182306 0.0527437 0.839829
2 0.214844 0.275921 0.0174833 0.0506272 0.804244
1 0.654525 0.210367 0.303541 0.294561 0.760829
1 0.182352 0.529014 0.0449997 0.307555 0.753054
2 0.215323 0.174278 0.0176047 0.0495411 0.731042
2 0.215322 0.121321 0.0177623 0.0546756 0.696386
2 0.214674 0.334053 0.0174079 0.0624026 0.658198
1 0.184489 0.213187 0.0429491 0.297222 0.642024
1 0.185273 0.332374 0.0405851 0.0745668 0.61233
2 0.214884 0.48496 0.0165297 0.0481777 0.581989
1 0.181823 0.839275 0.0440524 0.301999 0.559655
2 0.213788 0.741099 0.0172003 0.0631797 0.543068
