1 0.298521 0.41439 0.06302 0.0641002 0.906379
1 0.295033 0.475945 0.0644176 0.0662863 0.898449
1 0.558548 0.604225 0.0645431 0.0648366 0.889219
1 0.549249 0.249729 0.0562208 0.0555763 0.889172
1 0.301668 0.356292 0.0615235 0.0607794 0.888869
1 0.364025 0.352961 0.0655114 0.0599369 0.886014
1 0.360238 0.474236 0.0683169 0.0650873 0.882861
1 0.550391 0.303998 0.0561271 0.0566908 0.881778
1 0.55161 0.359149 0.0571779 0.0572716 0.880527
1 0.47434 0.244132 0.0940273 0.0613686 0.879288
1 0.367989 0.295085 0.0694622 0.0608717 0.87927
1 0.304665 0.299104 0.0597974 0.0601615 0.878987
1 0.361745 0.412138 0.0669897 0.0627073 0.87674
1 0.55275 0.416642 0.0589573 0.0624354 0.876106
1 0.307521 0.244616 0.0568519 0.0568835 0.871744
1 0.554028 0.478804 0.0602108 0.0629099 0.866899
1 0.474512 0.414871 0.0979873 0.0625527 0.863922
1 0.651348 0.399351 0.0454185 0.0550549 0.862544
1 0.653517 0.452718 0.0488438 0.0544703 0.861915
1 0.252977 0.311802 0.0495421 0.0655037 0.860767
1 0.477768 0.35472 0.0908625 0.0596421 0.860583
1 0.656433 0.507817 0.0502049 0.0585788 0.859846
2 0.479057 0.54236 0.0920182 0.0612441 0.859679
1 0.20776 0.283321 0.0475667 0.0515739 0.859166
1 0.203305 0.335551 0.050648 0.0537175 0.858763
2 0.356865 0.540331 0.0635621 0.0621011 0.856279
1 0.198294 0.3891 0.0519809 0.0556061 0.853718
1 0.647736 0.296302 0.0436943 0.051958 0.852759
1 0.648653 0.346459 0.0439034 0.0509339 0.848716
1 0.477073 0.47864 0.0945637 0.0637638 0.848089
1 0.367756 0.240531 0.066416 0.0569312 0.846985
1 0.210103 0.233039 0.0416752 0.0497544 0.839964
1 0.255717 0.256604 0.0520702 0.0620521 0.835806
2 0.197567 0.748243 0.112524 0.0744315 0.833392
2 0.652145 0.748845 0.0941416 0.0693271 0.831189
2 0.290851 0.801013 0.0731073 0.0405605 0.821848
1 0.24859 0.370195 0.049789 0.063355 0.814963
2 0.288323 0.731143 0.063788 0.0526502 0.811543
2 0.374142 0.673621 0.114116 0.0703514 0.804955
1 0.120474 0.543298 0.0144946 0.0372752 0.803173
1 0.245153 0.428046 0.0494377 0.0639268 0.801596
2 0.556063 0.541421 0.0621038 0.0644124 0.800802
1 0.608102 0.488443 0.0482416 0.0698572 0.799125
1 0.647194 0.245683 0.0436398 0.0474751 0.796901
1 0.4734 0.299686 0.0968482 0.0589125 0.795742
1 0.193659 0.44349 0.0552018 0.0554714 0.795109
1 0.600416 0.266528 0.0491114 0.0561646 0.793741
2 0.198314 0.678807 0.109503 0.0732557 0.79136
2 0.210518 0.554576 0.101408 0.0693629 0.778835
1 0.605336 0.43052 0.0462486 0.0631428 0.775957
1 0.475776 0.19318 0.0905085 0.0573078 0.746557
1 0.736798 0.823953 0.076855 0.0718731 0.743702
1 0.0968732 0.554473 0.0176147 0.0343806 0.736794
2 0.481321 0.606038 0.0870977 0.0631162 0.732344
1 0.0909764 0.611204 0.01528 0.0365522 0.731116
1 0.094311 0.581458 0.0165132 0.0369753 0.729405
2 0.564722 0.744608 0.0721899 0.0793964 0.72792
1 0.353004 0.605581 0.0635863 0.0639859 0.720313
1 0.603423 0.3735 0.0463671 0.0659446 0.708115
1 0.548043 0.196134 0.057506 0.056436 0.702012
1 0.601234 0.31674 0.0465374 0.0581675 0.696916
2 0.289145 0.763352 0.0681993 0.0380114 0.695284
2 0.0861024 0.666802 0.0198746 0.0339687 0.673354
1 0.118537 0.573207 0.0135382 0.0322401 0.672056
2 0.0832848 0.697835 0.0220537 0.0349711 0.66735
1 0.241776 0.486908 0.0482568 0.069266 0.662999
1 0.138302 0.527876 0.0203382 0.0334663 0.662112
1 0.659055 0.565535 0.0507028 0.0612287 0.6573
2 0.374631 0.800054 0.0930234 0.044565 0.652961
1 0.102127 0.501055 0.0169998 0.0415651 0.646846
1 0.120353 0.514106 0.0159952 0.0413304 0.644893
1 0.101115 0.52971 0.017788 0.0374464 0.635643
1 0.108255 0.561918 0.0110194 0.0400032 0.635235
2 0.290444 0.604341 0.0649753 0.0635511 0.628327
1 0.0353082 0.475676 0.0343281 0.0407978 0.608479
2 0.082884 0.72886 0.0264641 0.0340778 0.608003
2 0.292655 0.539961 0.0664947 0.06603 0.59592
1 0.191825 0.495333 0.0543354 0.0521511 0.578811
1 0.115981 0.600664 0.0134513 0.0336281 0.577347
1 0.368053 0.186409 0.067462 0.0540348 0.567683
0 0.990761 0.734536 0.0174591 0.0200861 0.565814
1 0.0734145 0.488527 0.0210371 0.0382791 0.564742
1 0.134036 0.577126 0.0204114 0.0305 0.563908
2 0.100618 0.731156 0.0224402 0.0347253 0.549338
2 0.206971 0.615849 0.103931 0.065198 0.546624
1 0.135944 0.552301 0.0210297 0.0300054 0.535563
1 0.1408 0.503342 0.0217921 0.0329455 0.534849
2 0.370868 0.73847 0.101165 0.0664254 0.509087
1 0.117097 0.513023 0.012039 0.0434944 0.500702
