1 0.0442094 0.406124 0.0664304 0.105368 0.929998
1 0.27109 0.509393 0.0584015 0.103395 0.921737
1 0.378323 0.508921 0.0577951 0.100039 0.91926
1 0.0441325 0.511989 0.0671684 0.106387 0.91871
1 0.377045 0.408651 0.0575191 0.0996436 0.91755
1 0.443487 0.508546 0.0725824 0.100261 0.915866
1 0.118797 0.510307 0.0828365 0.106342 0.914399
1 0.379262 0.608903 0.0572887 0.0979216 0.914103
1 0.11881 0.405187 0.0831204 0.105829 0.910822
1 0.270369 0.407692 0.0584291 0.103044 0.906015
1 0.200542 0.509359 0.0812844 0.104354 0.905555
1 0.442304 0.410807 0.0731152 0.0974106 0.900663
1 0.201154 0.612409 0.0813787 0.100827 0.896816
1 0.199886 0.406492 0.0823679 0.0993561 0.888694
1 0.270948 0.612377 0.0580669 0.102803 0.88831
1 0.444564 0.605034 0.0716516 0.0926311 0.880126
1 0.779381 0.423085 0.0771 0.220876 0.878205
2 0.783793 0.609848 0.0780178 0.187045 0.867841
1 0.605716 0.238993 0.0383113 0.174085 0.85756
1 0.643875 0.495024 0.0276072 0.152306 0.848048
1 0.57182 0.282657 0.0323236 0.153391 0.839343
1 0.607947 0.367677 0.0395163 0.153567 0.83773
2 0.87373 0.594394 0.0990986 0.223212 0.826233
1 0.67544 0.520382 0.0344576 0.0898572 0.822464
1 0.646564 0.645908 0.0282126 0.14971 0.82224
1 0.863885 0.161231 0.103227 0.31852 0.818904
1 0.717677 0.451319 0.0517618 0.183746 0.814592
1 0.544299 0.316742 0.0250407 0.131134 0.811257
1 0.546993 0.431378 0.0259625 0.13277 0.806522
2 0.204334 0.72433 0.0882491 0.109341 0.800012
1 0.71418 0.280789 0.0489737 0.204517 0.791086
1 0.610315 0.514361 0.0384939 0.143291 0.788427
1 0.548307 0.551262 0.0246811 0.125533 0.778529
1 0.493365 0.379781 0.0242163 0.122725 0.75661
1 0.574048 0.401136 0.0318115 0.134223 0.75361
2 0.597338 0.661662 0.0717197 0.130998 0.732534
1 0.951958 0.106805 0.0902854 0.21361 0.72423
1 0.677956 0.684399 0.0345743 0.0859389 0.720544
1 0.772031 0.0916679 0.0741432 0.183047 0.712642
2 0.444533 0.696301 0.0694759 0.0820642 0.712056
2 0.497671 0.677128 0.0250898 0.0972587 0.710241
1 0.710348 0.112887 0.0506049 0.225773 0.706069
1 0.647722 0.761896 0.0310493 0.0619156 0.701432
1 0.522987 0.562571 0.0289951 0.116561 0.686255
1 0.575284 0.530391 0.0317125 0.138314 0.679653
1 0.00530059 0.52101 0.0105123 0.102359 0.672613
1 0.493906 0.483581 0.0243291 0.132837 0.666073
1 0.776858 0.226433 0.0765173 0.260209 0.665459
1 0.523116 0.446027 0.0246704 0.129731 0.661822
1 0.596951 0.762713 0.071868 0.064495 0.652953
1 0.324033 0.424247 0.0472095 0.110477 0.645597
1 0.00533189 0.425671 0.0105527 0.109868 0.635291
1 0.723126 0.759278 0.0502351 0.0554662 0.627802
2 0.494619 0.578482 0.0250653 0.11031 0.625221
1 0.86748 0.353332 0.100753 0.290976 0.615744
1 0.97663 0.290285 0.0467404 0.315736 0.604039
2 0.118662 0.728912 0.0806675 0.116784 0.600541
1 0.676845 0.603183 0.0345539 0.0719329 0.583557
1 0.325897 0.619525 0.0479258 0.0864985 0.576603
1 0.325252 0.534695 0.0465965 0.0686052 0.562432
1 0.719617 0.632207 0.0496029 0.18045 0.560831
1 0.523842 0.342226 0.0180337 0.108869 0.55001
1 0.640831 0.34952 0.0279039 0.165002 0.547686
