1 0.880814 0.32666 0.182256 0.127965 0.893827
2 0.260549 0.623183 0.100379 0.0814463 0.88661
1 0.470496 0.340909 0.104883 0.112569 0.884985
1 0.471048 0.267599 0.100517 0.113014 0.877188
1 0.279905 0.407317 0.0900609 0.0841626 0.876948
1 0.373 0.37384 0.0908982 0.0918323 0.876471
2 0.90197 0.428544 0.187203 0.117394 0.875636
1 0.707987 0.272573 0.150906 0.114549 0.864144
2 0.266978 0.549296 0.100535 0.0800453 0.864096
1 0.377096 0.307984 0.0887332 0.0914399 0.861657
2 0.272327 0.474933 0.0961722 0.0822154 0.850647
1 0.284275 0.343689 0.083698 0.0802033 0.849075
1 0.207957 0.306533 0.0876504 0.0792987 0.836492
1 0.763468 0.451327 0.0959301 0.112611 0.834305
1 0.287746 0.286011 0.0819538 0.0724772 0.833569
2 0.680873 0.457978 0.0673511 0.111146 0.827884
2 0.228199 0.704664 0.051888 0.0812327 0.823243
2 0.369734 0.446671 0.0890521 0.0937401 0.822988
2 0.468063 0.420942 0.110169 0.101395 0.822699
2 0.697621 0.782944 0.072131 0.100281 0.818134
2 0.547141 0.424362 0.039763 0.0524504 0.817905
2 0.90751 0.540269 0.183696 0.124285 0.815988
2 0.54763 0.513264 0.0389911 0.0532091 0.812923
2 0.613905 0.682442 0.0878513 0.0915464 0.811627
2 0.225605 0.784663 0.0471796 0.0773646 0.805034
1 0.865922 0.211751 0.170702 0.163886 0.798118
2 0.547656 0.470323 0.0388335 0.0418299 0.792465
2 0.546409 0.383764 0.0406485 0.0432695 0.778902
0 0.37361 0.607222 0.0632646 0.0860448 0.77593
2 0.613156 0.791022 0.0956137 0.103607 0.769251
2 0.277705 0.70431 0.0551846 0.0801928 0.756794
0 0.689196 0.566386 0.0773895 0.102092 0.754516
2 0.910803 0.658483 0.178069 0.130027 0.753277
2 0.548498 0.607859 0.0403872 0.0546809 0.751749
2 0.540927 0.795861 0.047817 0.0872599 0.747441
0 0.69684 0.675071 0.0742198 0.110041 0.742468
2 0.544204 0.32071 0.0416084 0.0785395 0.736297
2 0.494655 0.777862 0.0474421 0.0730049 0.733669
2 0.18826 0.491549 0.0802747 0.074486 0.725402
2 0.601629 0.395534 0.0700473 0.100013 0.722882
0 0.43696 0.598716 0.0643499 0.0913334 0.72222
2 0.548125 0.562856 0.0392112 0.0444552 0.717896
2 0.365544 0.525357 0.0821159 0.0907593 0.714354
2 0.274964 0.784247 0.0515376 0.0772031 0.714248
1 0.215024 0.250784 0.0851631 0.0814082 0.709559
2 0.609563 0.585155 0.0785584 0.103677 0.700058
2 0.54895 0.701516 0.0416801 0.0536217 0.698077
2 0.32375 0.779236 0.0388056 0.0658882 0.697696
2 0.549408 0.661401 0.0412741 0.0434013 0.678901
2 0.372097 0.692657 0.0633689 0.0808078 0.655505
2 0.60542 0.485532 0.0728883 0.0976432 0.654675
1 0.141717 0.281494 0.030817 0.0584614 0.637327
2 0.466225 0.504175 0.11412 0.0932227 0.62651
2 0.775966 0.554492 0.0872498 0.107123 0.621564
2 0.54753 0.495334 0.0398814 0.0891102 0.585435
1 0.201034 0.366547 0.0899109 0.0803201 0.581087
2 0.436203 0.689984 0.0663722 0.0890945 0.568229
2 0.148706 0.562174 0.0319934 0.0700541 0.56794
2 0.785241 0.667573 0.0966819 0.114558 0.565701
2 0.43905 0.510874 0.0658682 0.0932203 0.553721
2 0.618231 0.39356 0.0381319 0.102644 0.544641
2 0.138498 0.388715 0.0448294 0.0653717 0.523925
