1 0.359492 0.754033 0.0521999 0.0837015 0.931186
1 0.412025 0.752878 0.0537677 0.0834869 0.926748
1 0.411902 0.670114 0.0539291 0.0836551 0.920871
1 0.625225 0.669266 0.0528574 0.0864417 0.920041
1 0.359743 0.671228 0.052168 0.0838773 0.918415
1 0.359011 0.83788 0.0527917 0.0837034 0.917346
1 0.625503 0.753413 0.0521776 0.086127 0.917185
1 0.573459 0.670283 0.052059 0.0849017 0.916092
1 0.360187 0.587892 0.053076 0.0832198 0.915965
1 0.853384 0.7478 0.0590195 0.0857809 0.915342
1 0.358942 0.920588 0.0538383 0.0840799 0.914239
1 0.412246 0.586998 0.0546709 0.0828291 0.914149
1 0.574141 0.753757 0.0517916 0.0843294 0.913394
1 0.936303 0.660656 0.110347 0.0864108 0.913374
1 0.521297 0.837202 0.0556615 0.0837853 0.913068
1 0.412134 0.837185 0.0548379 0.083809 0.912911
1 0.574366 0.837927 0.0519407 0.0834509 0.91194
1 0.850252 0.581348 0.0613674 0.0861593 0.91178
1 0.360372 0.507429 0.0523035 0.0791129 0.911472
1 0.521265 0.919561 0.0553654 0.0810999 0.91011
1 0.624668 0.585841 0.0526602 0.0856555 0.909578
1 0.851196 0.664686 0.0619438 0.0859036 0.909006
1 0.791203 0.582262 0.0582739 0.0853539 0.908389
1 0.208288 0.515218 0.0505965 0.0834082 0.907843
1 0.622901 0.505516 0.0538664 0.079529 0.907776
1 0.733105 0.58092 0.0605071 0.0857021 0.906931
1 0.573104 0.587303 0.0518105 0.0841606 0.905147
1 0.793497 0.749485 0.0624617 0.0837964 0.904492
1 0.411671 0.919787 0.0544445 0.0809116 0.9041
1 0.792062 0.665748 0.059914 0.0849863 0.90405
1 0.208388 0.595892 0.0516815 0.0840149 0.903417
1 0.466484 0.836956 0.0554411 0.0841898 0.902458
1 0.207763 0.678238 0.0520372 0.0827106 0.902362
1 0.412604 0.505869 0.0554673 0.07884 0.900894
1 0.258615 0.92299 0.053498 0.0820782 0.899512
1 0.854798 0.833443 0.0584549 0.0863674 0.899046
1 0.574305 0.920103 0.0516504 0.0807895 0.897891
1 0.572428 0.506151 0.0521502 0.079639 0.897837
1 0.793095 0.918753 0.0596657 0.0848737 0.897483
1 0.466907 0.752579 0.0553921 0.08371 0.896199
1 0.30903 0.921565 0.0487696 0.0812168 0.895627
1 0.935741 0.577701 0.113459 0.0862561 0.894927
1 0.793504 0.833855 0.0616861 0.0844454 0.894445
1 0.466349 0.919529 0.0552784 0.0795209 0.89242
1 0.207296 0.759686 0.0514999 0.0827388 0.892099
1 0.854344 0.916645 0.0601851 0.08181 0.887876
1 0.20716 0.844216 0.0518347 0.0838855 0.886835
1 0.206618 0.927493 0.0511311 0.0810028 0.886616
1 0.626134 0.837074 0.052442 0.0830188 0.882427
1 0.937443 0.744247 0.110694 0.0860217 0.880062
1 0.62607 0.919507 0.0521923 0.0836273 0.879843
1 0.678497 0.917605 0.0532148 0.0805646 0.875584
1 0.359484 0.981485 0.0517495 0.0363922 0.869579
1 0.466888 0.980804 0.0542863 0.0383928 0.868883
1 0.676896 0.581773 0.0542496 0.0851484 0.868711
1 0.626403 0.980709 0.0509134 0.0385828 0.865647
1 0.73436 0.917027 0.0587383 0.0809583 0.864849
1 0.411909 0.980938 0.0542305 0.0381244 0.864305
1 0.521406 0.980862 0.0548346 0.0382759 0.86239
1 0.259294 0.673364 0.0530126 0.0839853 0.860313
1 0.792432 0.980002 0.0571857 0.0399956 0.859949
1 0.707089 0.749407 0.112302 0.0846753 0.854789
1 0.574453 0.981244 0.0514122 0.0375119 0.854048
1 0.937863 0.830896 0.110081 0.0862489 0.852625
1 0.309132 0.981782 0.0479409 0.0355286 0.850252
1 0.259185 0.982231 0.0529952 0.0350192 0.844474
1 0.678845 0.980188 0.0524698 0.0396237 0.842509
1 0.309266 0.671962 0.0495135 0.0832156 0.841901
1 0.308822 0.839613 0.0497705 0.0838293 0.838835
1 0.258624 0.840184 0.0532617 0.0855047 0.838307
1 0.854644 0.979143 0.0602776 0.0417148 0.833765
1 0.309898 0.58917 0.0494427 0.0814423 0.829291
1 0.911661 0.978078 0.052982 0.0431762 0.815346
1 0.734825 0.979807 0.0583292 0.0403851 0.809439
1 0.965221 0.97771 0.0541161 0.0438901 0.808869
1 0.733517 0.665004 0.058996 0.0848277 0.80199
1 0.521659 0.752947 0.0542115 0.0824219 0.791383
1 0.521352 0.586021 0.0543616 0.0835884 0.776921
1 0.706808 0.664572 0.113437 0.0861075 0.776649
1 0.259844 0.591712 0.0523504 0.0847891 0.760593
1 0.46676 0.504973 0.0563358 0.0800966 0.755074
1 0.964447 0.913696 0.0543133 0.0809781 0.754051
1 0.466594 0.668872 0.0551868 0.0832097 0.744923
1 0.466333 0.585877 0.0552641 0.0820317 0.739921
1 0.993707 0.578557 0.0125856 0.0859765 0.730359
1 0.521326 0.504443 0.0541059 0.0785609 0.703597
1 0.521276 0.669387 0.0552393 0.0843613 0.701691
1 0.994334 0.662402 0.0113326 0.0853735 0.691944
1 0.995015 0.746103 0.00996971 0.0868921 0.683744
1 0.708464 0.834469 0.111523 0.0839056 0.677095
1 0.25908 0.510614 0.0499629 0.0789092 0.667397
1 0.285256 0.590211 0.0986794 0.0831794 0.660776
1 0.20749 0.984065 0.0512042 0.0318708 0.658489
1 0.494061 0.66956 0.110368 0.0848859 0.648271
1 0.283459 0.755944 0.101748 0.085072 0.645781
1 0.995157 0.83062 0.0096859 0.0853276 0.611849
1 0.309332 0.508606 0.0515685 0.0789946 0.611803
1 0.995484 0.915411 0.00903104 0.0834995 0.601046
1 0.677138 0.502937 0.0586424 0.0760835 0.597635
1 0.734329 0.834565 0.0589153 0.0822155 0.592596
1 0.995923 0.97755 0.00815487 0.0448996 0.588067
1 0.493409 0.585423 0.111293 0.0831343 0.585431
1 0.91109 0.914568 0.0544598 0.0812817 0.581223
1 0.285064 0.50863 0.101983 0.0797359 0.554633
1 0.283271 0.838595 0.100252 0.0854248 0.551098
1 0.677589 0.665097 0.0536814 0.0863115 0.534719
1 0.705754 0.502939 0.115438 0.0769067 0.516623
