1 0.33323 0.632047 0.0373551 0.0663227 0.919252
1 0.296652 0.632639 0.0375626 0.0653224 0.913576
1 0.333834 0.566508 0.0379146 0.0662587 0.910406
1 0.258205 0.764122 0.0399847 0.0666314 0.910348
1 0.332897 0.697763 0.0379315 0.0657476 0.908684
1 0.2971 0.566979 0.0376859 0.0657807 0.908415
1 0.334614 0.502723 0.038178 0.062495 0.90807
1 0.296198 0.698134 0.0370195 0.0656391 0.906686
1 0.258606 0.698416 0.0393365 0.0660305 0.906292
1 0.25892 0.632678 0.0397457 0.0654058 0.904708
1 0.332361 0.829489 0.0375055 0.067766 0.903999
1 0.295396 0.829869 0.0380772 0.0672008 0.902841
1 0.29593 0.763368 0.0370546 0.0657165 0.902492
1 0.257891 0.830512 0.040238 0.0666809 0.901822
1 0.257943 0.89662 0.0393923 0.0659837 0.89999
1 0.29564 0.89585 0.038071 0.0650044 0.897656
1 0.332756 0.762857 0.0380244 0.0653527 0.896196
1 0.221498 0.897044 0.0362248 0.0676337 0.89603
1 0.665203 0.869794 0.0363245 0.0701839 0.895674
1 0.258625 0.566814 0.0406674 0.0664217 0.895505
1 0.221509 0.83045 0.0358295 0.0666594 0.89128
1 0.332434 0.895355 0.0369596 0.0641811 0.890782
1 0.222379 0.699044 0.0352433 0.0660436 0.890267
1 0.367745 0.564123 0.0322367 0.0679728 0.889982
1 0.433677 0.888729 0.035804 0.0668647 0.888851
1 0.665164 0.937863 0.0363238 0.0704725 0.888716
1 0.434601 0.75641 0.0355992 0.069502 0.888588
1 0.70002 0.936215 0.0350315 0.0715755 0.886858
1 0.297651 0.50302 0.0373807 0.0634651 0.884882
1 0.258242 0.503291 0.0431679 0.0637499 0.884381
1 0.665401 0.801397 0.0356932 0.0716432 0.884352
1 0.665226 0.734258 0.0357071 0.0723238 0.88419
1 0.631022 0.670761 0.0360588 0.07036 0.88406
1 0.699726 0.798494 0.0345091 0.0721216 0.882166
1 0.736033 0.933835 0.0376356 0.0709663 0.88118
1 0.630428 0.940218 0.0352556 0.0689572 0.880462
1 0.733961 0.727806 0.0358914 0.0702677 0.880188
1 0.220972 0.565455 0.0369286 0.0706817 0.880133
1 0.665425 0.666928 0.0352356 0.071859 0.88
1 0.769148 0.72511 0.0354913 0.0689347 0.879738
1 0.434557 0.823334 0.0365515 0.0668474 0.879697
1 0.221834 0.764262 0.0363164 0.0659932 0.879564
1 0.222259 0.962036 0.035766 0.0648563 0.879552
1 0.735334 0.796139 0.0375021 0.0733595 0.879517
1 0.73581 0.865064 0.0373072 0.0681179 0.878425
1 0.367263 0.827865 0.0333673 0.0679033 0.877778
1 0.69943 0.73044 0.0345148 0.0715611 0.877053
1 0.222149 0.633503 0.0352419 0.0662796 0.877036
1 0.699833 0.663057 0.0345657 0.070075 0.877032
1 0.630452 0.872379 0.0365164 0.069883 0.876626
1 0.400049 0.891045 0.0328108 0.0675524 0.875574
2 0.91902 0.769261 0.0395375 0.0767439 0.874963
1 0.367417 0.893488 0.0337691 0.0651896 0.874865
1 0.434258 0.690344 0.0351791 0.0703476 0.873044
1 0.40008 0.825637 0.0335445 0.0678521 0.872295
1 0.699941 0.867442 0.0348006 0.068799 0.872082
1 0.368847 0.500895 0.0315811 0.0635815 0.871874
1 0.734152 0.660343 0.0350196 0.0703145 0.871407
1 0.630922 0.737762 0.0363108 0.0731612 0.871317
1 0.433729 0.95525 0.0346571 0.0694068 0.87007
1 0.770201 0.793721 0.0324824 0.0738263 0.869359
2 0.866938 0.922261 0.0662896 0.0803728 0.868044
1 0.433902 0.491979 0.033462 0.0663434 0.867555
1 0.400352 0.561511 0.0346619 0.0688374 0.865963
1 0.767758 0.657723 0.0333584 0.0693102 0.857119
1 0.258652 0.95971 0.0378276 0.0616153 0.854219
1 0.367759 0.959285 0.034041 0.0681471 0.853911
2 0.918268 0.846075 0.0379955 0.0774247 0.851904
1 0.869202 0.541835 0.0591003 0.0758964 0.849106
1 0.400768 0.957191 0.0325284 0.0685067 0.847688
1 0.434105 0.623861 0.0352106 0.0706512 0.84564
1 0.219184 0.502324 0.036787 0.062619 0.845387
1 0.33274 0.950563 0.0357963 0.0460012 0.844214
1 0.434499 0.557865 0.0347492 0.0690392 0.843723
1 0.601607 0.74038 0.0260479 0.0728756 0.841201
1 0.601742 0.87429 0.0223768 0.0692664 0.839031
1 0.869243 0.314741 0.0593383 0.078806 0.838796
1 0.630877 0.804924 0.0361994 0.0715455 0.838534
2 0.918793 0.692298 0.0399765 0.0768113 0.83849
1 0.969222 0.388514 0.0611457 0.0736907 0.838004
1 0.96889 0.462643 0.061533 0.080001 0.837804
1 0.296304 0.950318 0.0374933 0.0444485 0.836991
1 0.60175 0.941444 0.0241968 0.0675419 0.83303
1 0.5617 0.743385 0.0484968 0.0757506 0.829227
1 0.367622 0.761142 0.0332906 0.0684111 0.82423
2 0.804807 0.861413 0.0379705 0.0669748 0.821456
1 0.601838 0.80741 0.0242192 0.071126 0.814847
1 0.184188 0.897416 0.0388858 0.0667806 0.814276
1 0.869006 0.446463 0.0604065 0.11479 0.814084
1 0.511974 0.679978 0.0540745 0.0697757 0.813939
1 0.466106 0.488376 0.0348484 0.068299 0.813237
1 0.367596 0.629841 0.0324488 0.0673765 0.811504
1 0.512077 0.745346 0.0520565 0.0747335 0.808294
1 0.400457 0.627859 0.0345394 0.0680111 0.807691
1 0.468787 0.75201 0.0336851 0.069141 0.805675
1 0.40021 0.759814 0.034901 0.0669071 0.804884
1 0.468413 0.686724 0.0337124 0.0698163 0.801835
1 0.401036 0.496923 0.0348373 0.0662331 0.794336
1 0.968791 0.197268 0.0624169 0.15162 0.79041
2 0.868295 0.769236 0.0619946 0.0791209 0.789462
1 0.467531 0.554118 0.0331352 0.0677547 0.788449
1 0.601055 0.67303 0.0274721 0.0689129 0.788206
1 0.968991 0.311545 0.0615121 0.0840761 0.785247
2 0.867111 0.979745 0.0670883 0.0405095 0.784456
1 0.5647 0.6739 0.0411018 0.0641515 0.78155
1 0.467907 0.62014 0.0329796 0.0684799 0.779369
1 0.0360192 0.467171 0.0582151 0.0941306 0.777748
1 0.498026 0.548972 0.0287842 0.0700621 0.777547
1 0.866005 0.196434 0.0672891 0.153602 0.764874
2 0.804512 0.790174 0.0365982 0.0733507 0.764028
1 0.869103 0.464189 0.0608951 0.0791502 0.759328
0 0.0570606 0.115895 0.0347818 0.0585372 0.751889
2 0.867969 0.846771 0.0635422 0.0807048 0.751255
2 0.919266 0.616632 0.0403872 0.0772148 0.749936
1 0.665523 0.986083 0.0353939 0.0278348 0.74869
1 0.367655 0.695412 0.032949 0.0688395 0.748539
2 0.802062 0.65505 0.0328568 0.0690809 0.732603
1 0.186851 0.634155 0.0348252 0.0656216 0.715944
2 0.969029 0.77022 0.0604331 0.0777205 0.71401
1 0.185149 0.764887 0.036206 0.0648196 0.712207
1 0.184697 0.830599 0.0377924 0.0667026 0.708511
1 0.86958 0.390878 0.0590244 0.0744264 0.707751
1 0.0359054 0.790347 0.0680274 0.0781244 0.707003
2 0.806599 0.981831 0.0465702 0.0363383 0.699487
2 0.806383 0.929457 0.0421733 0.0705316 0.69537
1 0.700242 0.98499 0.0331734 0.0300211 0.688562
2 0.803259 0.722501 0.0336204 0.0651119 0.684872
1 0.18311 0.964183 0.0411108 0.0638062 0.680835
1 0.400156 0.692922 0.0351019 0.0693551 0.671258
2 0.769647 0.982665 0.0300115 0.0346695 0.669116
0 0.057075 0.177199 0.0360475 0.0583566 0.667144
2 0.771152 0.861872 0.0309419 0.0679333 0.661857
2 0.765976 0.587062 0.0251228 0.064952 0.661832
2 0.968664 0.847262 0.060802 0.0774782 0.66035
1 0.631645 0.987068 0.0335929 0.0258641 0.657741
2 0.918645 0.540606 0.0394992 0.0753215 0.656141
1 0.469071 0.819005 0.0330824 0.0680054 0.65327
1 0.0372231 0.863839 0.0706041 0.0743167 0.649968
2 0.969533 0.69316 0.0600411 0.0765191 0.649263
1 0.561487 0.855147 0.044891 0.112406 0.645216
1 0.771176 0.931366 0.0298447 0.0714827 0.64261
1 0.0348996 0.564885 0.0599725 0.0717392 0.640557
1 0.499489 0.613684 0.0311234 0.0729385 0.623366
2 0.869085 0.692582 0.0616947 0.0775732 0.622497
2 0.918535 0.922636 0.0381542 0.0765071 0.615154
1 0.468888 0.950675 0.0316293 0.0751922 0.613475
1 0.91852 0.460268 0.0398064 0.0861181 0.591965
2 0.918456 0.97981 0.0356857 0.0403791 0.591407
0 0.174213 0.0184309 0.0628952 0.0368619 0.578309
2 0.771128 0.930693 0.0310951 0.0687127 0.565949
1 0.968991 0.540305 0.0612876 0.0763916 0.559016
1 0.510935 0.61351 0.0540695 0.0715616 0.549931
1 0.46872 0.885007 0.0321203 0.0643236 0.542797
2 0.94966 0.923727 0.0996096 0.0765795 0.537781
2 0.969071 0.98106 0.0593536 0.0378805 0.519607
2 0.918853 0.312762 0.0393545 0.0808296 0.517436
1 0.771156 0.862827 0.0306353 0.0668131 0.517216
1 0.497756 0.484946 0.027986 0.0647427 0.513973
1 0.566663 0.937822 0.0347878 0.057065 0.511522
1 0.918526 0.197016 0.0389406 0.151674 0.504804
