2 0.895486 820 173 923 223
2 0.892092 1339 150 1414 198
3 0.888854 1058 271 1159 317
2 0.887549 819 79 921 123
3 0.885738 823 273 929 321
3 0.883545 1319 411 1362 456
3 0.883503 1065 366 1164 416
3 0.882727 1224 412 1319 458
2 0.882571 819 124 922 172
2 0.881939 1049 129 1151 176
3 0.881922 1217 273 1313 319
2 0.88101 570 276 637 331
3 0.880336 1002 319 1061 365
3 0.87928 705 275 767 323
3 0.879197 996 272 1058 318
2 0.878196 1051 175 1153 223
2 0.877993 924 173 988 223
2 0.877835 637 273 702 327
3 0.877549 931 272 996 319
3 0.876866 1220 320 1316 365
3 0.875889 1355 322 1429 367
3 0.874737 825 322 933 372
3 0.874569 1054 224 1156 271
2 0.873622 1342 192 1419 240
2 0.8733 922 78 985 123
2 0.87258 987 172 1051 222
3 0.872555 768 225 820 272
3 0.871913 1359 367 1430 411
2 0.871275 569 173 637 225
2 0.871121 767 173 819 224
2 0.869447 257 211 301 267
2 0.86915 1045 86 1150 131
2 0.86897 257 260 300 316
2 0.868859 766 81 818 125
3 0.868551 826 425 935 475
2 0.868302 706 174 767 225
3 0.868292 1363 456 1433 499
3 0.868167 1222 366 1318 412
3 0.868101 936 321 1000 368
3 0.867957 709 326 767 377
2 0.867598 571 121 637 174
2 0.866226 138 330 173 384
2 0.865718 508 126 572 179
3 0.865529 1062 319 1162 365
2 0.865016 140 280 175 336
3 0.864644 769 275 821 322
3 0.863882 939 369 1003 417
3 0.863555 1064 417 1165 465
2 0.863334 923 124 986 172
2 0.863221 767 125 818 173
3 0.863082 769 377 822 426
2 0.863038 1151 132 1212 180
2 0.862999 296 305 359 360
3 0.862182 1006 367 1062 415
3 0.862024 1166 366 1221 413
3 0.861057 1156 225 1215 270
3 0.860983 1008 417 1062 467
3 0.860082 825 373 935 424
2 0.859902 570 223 637 276
2 0.859699 140 232 178 288
3 0.859637 991 223 1055 270
2 0.859428 984 81 1046 125
2 0.858878 398 290 504 346
3 0.858797 822 225 926 272
3 0.858743 1318 367 1360 410
3 0.858629 1163 319 1219 364
2 0.858196 637 221 701 272
3 0.858065 1159 271 1217 317
2 0.85771 297 357 355 409
3 0.856307 768 428 824 477
2 0.855718 399 343 504 396
2 0.855534 1208 95 1299 144
3 0.854884 1224 459 1319 511
2 0.854543 298 254 363 309
3 0.854284 770 324 822 374
3 0.854257 1350 277 1426 323
2 0.854113 507 177 570 230
2 0.854054 507 284 569 337
2 0.853935 706 127 766 175
3 0.853267 1361 411 1432 455
3 0.852296 928 226 992 271
2 0.851204 638 118 702 171
2 0.850874 1150 89 1209 135
3 0.850846 1316 321 1358 366
2 0.850815 398 187 505 246
2 0.850652 399 138 507 195
3 0.850415 1168 414 1223 461
2 0.850057 1336 110 1410 157
3 0.849145 828 476 934 535
2 0.848648 256 309 297 366
2 0.847917 985 125 1049 173
2 0.847322 108 335 140 389
3 0.846937 1312 275 1352 321
2 0.846808 260 163 304 219
2 0.845391 299 203 372 260
3 0.84487 939 419 1005 469
3 0.843001 706 225 767 273
2 0.842871 638 170 702 221
2 0.842637 1154 178 1214 224
2 0.842484 706 81 765 127
3 0.841537 1010 468 1062 517
3 0.841337 1432 410 1512 453
2 0.840072 1299 103 1337 148
3 0.83871 1319 456 1363 501
3 0.837685 1170 461 1225 512
3 0.837619 111 480 142 528
2 0.837565 572 331 635 382
3 0.837046 1064 465 1167 516
2 0.836359 1421 241 1473 283
2 0.835292 358 300 397 354
3 0.834892 1215 228 1308 272
2 0.834874 398 239 504 296
2 0.833671 108 287 142 343
2 0.833495 400 398 504 450
2 0.833221 1215 184 1303 230
3 0.832826 352 403 397 455
2 0.831677 355 352 397 403
2 0.82977 11 311 51 363
2 0.829635 1211 139 1300 188
2 0.827723 256 361 296 414
3 0.827644 140 476 176 525
2 0.827632 1412 157 1463 203
3 0.821378 139 428 172 478
3 0.818796 938 471 1007 527
2 0.816363 110 383 140 435
3 0.814351 1430 367 1511 411
2 0.813273 1300 144 1340 192
3 0.812577 111 527 142 567
2 0.811507 1409 117 1457 162
2 0.811223 10 356 50 407
2 0.81016 1345 235 1423 281
2 0.810084 110 240 145 297
2 0.806024 302 154 380 211
2 0.805827 361 249 398 302
3 0.804688 175 470 257 521
3 0.803826 141 524 177 569
2 0.803262 1303 188 1343 233
2 0.801761 645 491 705 544
2 0.801433 138 379 171 432
2 0.801274 1417 198 1468 243
2 0.792326 507 229 569 283
2 0.791812 144 185 181 242
3 0.788515 771 480 827 535
3 0.784937 255 463 301 515
3 0.783028 401 452 503 501
2 0.782226 638 328 701 380
2 0.781461 713 431 767 479
2 0.780114 53 204 116 268
3 0.773823 14 492 51 538
3 0.773202 299 408 352 461
2 0.769337 715 482 771 539
2 0.769033 12 268 53 321
2 0.765329 113 191 148 250
3 0.765006 11 445 50 494
3 0.756701 78 483 111 530
3 0.75389 110 430 140 482
3 0.748691 711 380 767 429
2 0.748301 705 53 764 82
3 0.747186 1427 323 1485 367
2 0.746885 173 225 223 283
3 0.744723 49 437 79 490
3 0.743685 50 486 81 535
3 0.734956 171 419 255 472
2 0.733301 15 225 57 277
3 0.731695 76 435 109 485
2 0.728396 218 221 260 278
2 0.725716 171 274 221 331
3 0.723771 259 515 302 564
2 0.71595 170 323 220 380
2 0.715472 49 393 81 444
3 0.714372 515 446 563 496
2 0.713698 50 254 103 313
2 0.711824 10 402 50 449
2 0.708657 1046 52 1147 87
3 0.708529 79 530 112 568
2 0.70455 1469 243 1502 285
2 0.702974 49 347 85 399
2 0.701184 223 175 263 231
3 0.698151 351 456 399 508
2 0.697594 216 270 259 325
2 0.696746 176 177 229 237
2 0.696627 82 251 114 310
2 0.691694 48 300 97 355
2 0.68896 256 410 297 465
2 0.686666 366 197 398 254
3 0.684624 1434 453 1512 498
2 0.678319 516 500 567 555
3 0.676341 300 459 352 512
2 0.67375 1466 205 1500 246
3 0.670285 1308 231 1347 275
3 0.664883 512 389 566 440
2 0.662347 577 495 637 548
3 0.660812 508 337 568 386
3 0.660189 301 511 352 562
3 0.657315 0 495 16 541
2 0.652266 1011 517 1062 540
2 0.650594 577 385 633 438
2 0.649808 84 296 111 349
3 0.637345 938 517 1008 544
2 0.636373 215 318 258 374
2 0.631628 1453 129 1491 167
3 0.623469 1425 281 1480 324
2 0.615772 1149 60 1205 92
3 0.611414 641 437 703 489
2 0.610076 170 368 255 423
2 0.609872 79 388 112 437
2 0.579848 1460 162 1495 208
2 0.576412 640 384 703 434
2 0.574868 84 341 110 393
2 0.569952 171 322 258 378
2 0.563918 301 511 353 562
3 0.554845 352 507 401 558
2 0.551615 983 50 1040 82
3 0.544894 217 518 258 565
3 0.537039 17 538 52 572
3 0.535279 1427 324 1511 368
3 0.530955 639 383 702 435
2 0.530148 0 276 16 328
2 0.527301 0 231 18 284
3 0.525046 828 488 934 549
3 0.520309 176 521 259 567
2 0.507693 821 53 918 80
2 0.506441 0 316 15 366
2 0.505577 351 456 399 508
