3 0.903924 979 1147 1473 1384
3 0.900896 790 910 972 1136
3 0.89903 1033 7 1254 127
3 0.896508 1892 1317 2071 1518
3 0.896407 1469 914 1876 1136
3 0.892881 1463 698 1862 902
3 0.890166 979 905 1468 1143
3 0.88439 1477 1122 1887 1366
3 0.881018 986 473 1451 682
3 0.880651 978 687 1460 899
3 0.877607 2071 1287 2210 1504
3 0.873599 1859 712 2038 900
3 0.872319 2185 899 2418 1074
3 0.871312 2202 1056 2428 1257
3 0.86859 1484 1344 1891 1520
3 0.863716 1831 523 2012 714
3 0.863636 1000 289 1445 476
3 0.853748 2000 538 2150 719
3 0.850525 1802 353 1985 534
3 0.850115 1886 1101 2056 1319
2 0.843912 2046 900 2186 1090
3 0.837049 1748 74 1927 231
3 0.833835 1448 493 1842 694
3 0.829288 1257 19 1420 93
3 0.828092 2029 720 2172 895
3 0.820895 1867 17 2007 136
2 0.81378 2436 1029 2569 1172
3 0.807876 2037 148 2189 301
2 0.804406 152 860 313 1088
2 0.799785 2422 883 2555 1025
3 0.798282 1873 906 2050 1106
3 0.790492 1773 199 1960 373
3 0.787128 799 642 974 898
3 0.779942 2293 329 2396 470
3 0.777521 2377 354 2470 484
3 0.775633 2449 382 2549 496
3 0.770502 1016 128 1253 282
3 0.766786 2323 449 2428 601
2 0.761701 322 658 510 863
2 0.757052 2059 1083 2203 1286
2 0.747794 168 1089 306 1262
2 0.742294 174 644 329 852
3 0.734413 2142 561 2285 728
3 0.732887 1441 315 1816 498
3 0.728518 2189 293 2315 458
3 0.724771 816 467 984 647
3 0.72252 1915 119 2048 255
3 0.716677 2539 750 2628 869
2 0.711613 349 460 538 641
3 0.704995 2416 287 2515 395
3 0.698 2001 34 2145 179
3 0.697658 2514 623 2609 745
3 0.69723 2256 216 2363 351
2 0.694457 22 866 155 1043
3 0.690459 871 3 1041 121
3 0.680769 2429 1173 2587 1410
2 0.67134 332 272 585 449
3 0.669009 2342 243 2445 380
3 0.658364 2562 523 2641 627
2 0.645126 2361 594 2529 738
2 0.633237 573 912 697 1102
3 0.6288 2160 184 2277 321
3 0.627176 2577 1005 2647 1122
2 0.621473 363 127 618 282
3 0.618825 2535 424 2607 527
3 0.616519 1974 371 2131 560
3 0.60905 986 1390 1492 1520
3 0.603752 839 282 1004 460
3 0.601221 2211 1214 2429 1468
3 0.587499 2414 478 2574 624
3 0.565579 2399 740 2543 883
3 0.558266 2099 365 2269 580
3 0.539928 2499 502 2586 624
2 0.539188 2650 869 2688 990
3 0.538213 2141 557 2363 729
3 0.531872 2450 497 2582 625
3 0.530576 708 53 830 129
2 0.525804 790 1147 968 1368
3 0.516025 2240 431 2345 589
2 0.514971 572 1151 698 1355
2 0.513697 310 1113 398 1265
3 0.505673 2058 261 2219 446
