2 0.878601 32 526 175 651
2 0.872433 857 499 935 547
2 0.868883 888 290 966 332
2 0.86248 839 289 890 329
2 0.853564 873 373 955 418
2 0.84888 862 457 942 503
2 0.848465 865 416 947 459
2 0.846445 932 501 983 550
2 0.842472 949 372 1003 419
2 0.83778 579 465 609 503
2 0.833523 962 287 1013 331
2 0.833194 938 460 992 507
2 0.832746 1010 289 1060 337
2 0.83266 882 331 961 374
3 0.831005 404 370 477 471
2 0.830923 944 416 998 461
2 0.818824 955 328 1008 375
3 0.817873 68 181 170 296
3 0.817697 156 205 246 319
3 0.816407 440 198 511 301
2 0.814189 1149 509 1172 553
3 0.81219 335 149 448 289
2 0.811377 611 434 648 475
2 0.808354 621 370 660 408
2 0.806284 980 505 1029 559
3 0.805641 970 602 1028 663
2 0.801839 834 329 887 371
3 0.800742 975 552 1031 607
3 0.799346 183 101 274 222
2 0.795748 644 442 682 481
2 0.795316 1005 332 1053 385
2 0.789259 130 0 237 90
2 0.788936 616 402 655 442
2 0.786964 650 409 689 449
2 0.784027 1116 535 1146 578
2 0.783196 825 369 878 414
3 0.783012 422 286 489 383
2 0.781045 559 430 590 465
2 0.780029 551 463 584 499
2 0.777003 605 468 643 508
2 0.7769 1122 505 1151 548
2 0.771956 516 429 566 463
2 0.771706 999 376 1049 430
2 0.771122 602 503 639 541
2 0.768755 584 430 617 467
2 0.76418 855 590 924 639
2 0.7591 1058 429 1086 486
2 0.758519 819 409 870 456
2 0.755427 674 480 708 521
2 0.755056 1072 524 1114 576
2 0.754167 989 464 1036 514
3 0.75123 461 122 524 218
2 0.750269 1152 476 1175 520
2 0.744532 1126 467 1154 514
2 0.744115 643 475 677 515
2 0.740885 1050 475 1082 527
2 0.737509 994 419 1045 471
2 0.736146 790 367 832 410
2 0.73272 1130 424 1159 479
2 0.729174 656 375 694 418
2 0.728854 757 366 797 408
2 0.724865 575 499 604 537
2 0.721506 511 461 558 496
2 0.719057 1044 517 1076 571
2 0.717521 590 396 623 433
2 0.711987 574 535 603 578
2 0.708881 46 404 191 530
2 0.7078 1082 443 1128 503
2 0.705458 549 496 579 534
2 0.705139 0 778 107 1051
2 0.704819 1079 484 1121 543
2 0.699934 54 0 155 70
2 0.697347 205 26 299 126
2 0.695149 1094 367 1136 428
2 0.68946 853 547 929 592
2 0.686138 785 405 824 453
2 0.685145 1145 547 1170 587
2 0.680842 1036 561 1069 609
2 0.678569 565 395 596 431
2 0.675177 1075 309 1104 368
2 0.674755 1157 440 1184 487
2 0.674584 640 510 672 550
2 0.668748 677 448 710 486
2 0.657035 522 395 573 430
3 0.655713 390 461 452 549
2 0.653876 1091 406 1134 467
2 0.653587 1031 606 1064 662
3 0.648795 478 38 545 141
3 0.647608 37 87 120 175
2 0.647126 805 288 842 327
2 0.645768 763 328 804 366
2 0.644245 1029 513 1051 565
2 0.642106 601 539 634 586
2 0.640928 596 364 627 401
2 0.640263 1069 353 1099 416
2 0.639895 1063 387 1092 450
2 0.637904 685 417 717 454
3 0.633425 927 547 977 598
2 0.627942 1098 331 1139 385
2 0.617864 752 405 788 449
2 0.609912 484 427 520 464
2 0.609886 670 517 705 554
2 0.605142 0 387 32 513
2 0.60448 797 327 839 368
2 0.602915 1065 568 1111 613
2 0.593656 1053 337 1076 401
2 0.588395 513 495 554 533
3 0.577521 494 0 569 56
3 0.574233 105 78 198 206
2 0.569361 1030 471 1054 522
2 0.569141 814 451 861 494
3 0.562734 263 231 433 379
2 0.55971 809 491 850 534
3 0.554779 350 57 473 196
2 0.554439 1056 297 1077 352
2 0.553888 828 492 860 535
2 0.552398 691 388 718 424
2 0.549304 1062 611 1101 661
2 0.549295 0 518 28 639
2 0.549077 1158 400 1184 451
2 0.541963 787 449 819 492
3 0.540695 0 38 41 148
3 0.540682 138 310 226 419
3 0.536773 1111 573 1140 614
2 0.536592 1153 441 1181 492
2 0.532244 743 486 777 526
2 0.532122 769 288 817 327
2 0.527098 219 442 383 539
2 0.523525 813 492 861 536
2 0.507017 509 495 544 532
2 0.504281 1181 456 1206 497
