3 0.869337 75 327 146 397
3 0.868001 80 396 151 464
3 0.86378 104 589 175 650
3 0.860313 99 525 168 588
3 0.856403 0 266 60 336
3 0.856172 141 255 213 326
3 0.854558 1 335 71 410
3 0.853306 0 196 52 270
3 0.851676 175 586 249 641
3 0.850714 33 604 104 666
3 0.848635 88 462 159 527
3 0.842897 168 526 238 588
3 0.842097 153 393 224 456
3 0.838618 6 406 79 477
3 0.836832 24 537 95 607
3 0.832726 114 648 182 710
3 0.83268 162 460 231 527
3 0.829727 52 715 123 779
3 0.828236 0 728 48 793
3 0.827549 125 709 189 770
3 0.821232 1193 91 1363 219
3 0.816629 1381 406 1482 548
3 0.815264 0 667 42 729
3 0.812904 184 640 257 703
3 0.812154 1202 176 1358 314
2 0.8121 1835 898 1920 1039
3 0.81166 1377 312 1495 459
2 0.808622 1463 924 1523 1034
3 0.80552 43 662 115 720
3 0.803682 16 471 85 536
3 0.800914 148 327 219 395
3 0.798539 359 139 420 181
3 0.796456 1061 50 1189 152
3 0.79177 1207 249 1345 385
3 0.791139 463 162 529 203
3 0.789295 530 198 591 240
3 0.785471 194 700 262 761
2 0.769662 1821 1002 1894 1080
2 0.767605 1429 885 1472 984
3 0.766114 0 120 43 198
3 0.763791 360 181 420 226
3 0.763757 1329 387 1396 498
2 0.761762 1472 829 1533 956
2 0.758591 1054 508 1082 584
1 0.757776 61 256 140 327
2 0.756526 1219 711 1256 800
3 0.751676 1172 309 1207 395
3 0.750175 463 122 529 162
3 0.750059 48 115 128 189
2 0.745101 1739 950 1793 1055
3 0.743739 124 40 193 115
3 0.740803 56 776 135 864
3 0.739655 38 43 123 115
2 0.727002 1773 961 1830 1068
3 0.720181 464 205 530 241
3 0.718123 654 144 692 183
2 0.717126 1695 1016 1735 1080
3 0.716671 0 607 31 668
3 0.71648 1064 261 1129 350
3 0.715316 1119 354 1167 447
1 0.711953 52 186 134 260
2 0.709846 1203 908 1233 986
2 0.707383 1856 809 1920 941
3 0.705226 1170 380 1205 465
2 0.701377 1153 652 1183 736
2 0.695671 1279 831 1328 943
3 0.691917 1127 283 1176 376
2 0.690476 1180 676 1220 772
2 0.689924 1118 560 1157 647
3 0.684272 1129 213 1198 312
2 0.679647 1078 526 1110 605
2 0.677956 1784 744 1844 871
1 0.668272 134 185 213 253
2 0.665772 650 36 674 55
1 0.665342 1633 335 1714 451
2 0.665303 1323 883 1404 1009
3 0.662308 128 114 206 186
3 0.661663 0 49 38 119
3 0.658648 1222 343 1338 473
2 0.653875 1352 736 1431 868
2 0.649668 1428 798 1482 916
2 0.649637 1184 614 1225 720
2 0.648438 1105 806 1135 905
3 0.648165 1370 574 1456 716
3 0.647725 1128 138 1194 232
2 0.647016 1604 944 1684 1059
2 0.640185 674 36 698 55
2 0.638719 1402 959 1459 1057
2 0.636197 1154 585 1187 672
3 0.636012 654 184 693 225
2 0.635779 1829 537 1920 690
2 0.631251 1227 850 1273 960
3 0.630335 1067 194 1132 281
3 0.624292 0 539 23 608
2 0.622763 1276 910 1323 1009
3 0.62009 1056 444 1084 523
2 0.619335 1214 620 1257 732
2 0.619249 1073 585 1100 668
2 0.6151 1139 711 1180 804
3 0.612786 1322 548 1379 661
3 0.612465 0 5 35 52
2 0.60906 1116 623 1152 716
2 0.608969 1238 865 1279 964
3 0.605971 1489 379 1623 526
2 0.604817 1252 736 1299 837
2 0.599506 1101 733 1134 827
2 0.599468 1167 883 1203 972
2 0.597271 1686 905 1759 1029
2 0.595425 1306 707 1355 808
1 0.592789 1665 568 1775 705
2 0.592403 1163 521 1195 608
1 0.591686 1615 434 1695 558
3 0.591611 1275 428 1332 550
2 0.590964 1256 666 1311 771
3 0.589622 592 147 656 188
3 0.58832 1262 339 1336 469
3 0.587309 1086 397 1119 483
3 0.582892 1337 307 1403 420
3 0.582494 1058 384 1090 461
2 0.57411 1203 775 1248 870
3 0.566485 1806 636 1883 771
2 0.564759 1204 760 1238 857
3 0.564236 197 764 264 844
2 0.564222 1368 819 1411 937
2 0.563539 1171 801 1204 892
2 0.560119 0 789 54 872
2 0.559951 811 38 842 57
3 0.556939 531 115 593 156
2 0.556235 1192 546 1224 638
2 0.555175 1166 451 1202 540
2 0.550976 1247 800 1281 901
3 0.549517 1396 238 1503 366
2 0.544477 1729 1034 1774 1080
3 0.544102 1118 422 1167 513
2 0.540778 1068 642 1098 735
3 0.537835 1061 323 1118 399
2 0.536388 1283 752 1322 874
2 0.5313 1194 759 1232 854
2 0.528769 1763 848 1821 965
3 0.528487 1506 473 1610 627
2 0.52196 1182 739 1212 829
3 0.520055 1083 463 1113 545
2 0.519082 630 36 650 55
2 0.517752 810 20 841 36
3 0.516853 638 106 694 145
3 0.515698 1236 421 1282 525
3 0.512447 1034 433 1058 502
3 0.509752 1325 475 1377 581
2 0.509548 530 242 590 283
3 0.507343 1065 124 1150 220
3 0.504735 1066 123 1129 214
