3 0.890925 343 648 445 729
2 0.87372 77 415 105 437
2 0.86926 77 394 105 415
2 0.857113 77 373 106 394
2 0.819509 104 416 126 438
2 0.817243 49 610 167 682
3 0.816468 601 494 625 522
2 0.812622 77 353 107 374
3 0.810073 555 531 600 560
3 0.805721 599 531 626 560
3 0.786329 555 492 601 526
3 0.785876 904 695 991 738
3 0.779182 505 492 554 527
2 0.772473 171 275 195 296
3 0.768343 1895 423 1919 448
2 0.764763 104 394 126 416
2 0.762019 499 234 537 254
2 0.761948 446 648 569 728
2 0.757897 171 295 193 316
3 0.756254 493 331 534 349
3 0.756171 494 349 535 368
3 0.755084 662 533 702 565
3 0.752223 387 325 409 344
2 0.750811 498 254 537 273
3 0.747733 381 529 411 561
3 0.747357 147 418 170 439
2 0.743167 78 333 108 352
3 0.743094 387 305 409 324
2 0.740759 13 268 34 289
3 0.7396 481 491 507 527
3 0.738896 663 495 696 523
3 0.737909 1786 556 1810 578
3 0.736738 170 418 190 439
3 0.735256 625 495 662 522
3 0.728699 1893 447 1918 471
3 0.724182 1806 393 1830 418
3 0.721202 171 397 191 418
3 0.715862 1831 559 1881 581
2 0.71223 148 274 171 295
3 0.712066 495 310 537 328
2 0.711877 411 228 435 249
3 0.709574 1898 397 1920 423
3 0.706755 148 396 170 418
3 0.706013 381 489 412 526
3 0.705647 905 655 991 691
2 0.704037 104 438 126 459
2 0.700775 31 415 76 437
3 0.699653 534 369 563 386
3 0.697946 1755 484 1795 508
3 0.696934 1832 536 1884 559
2 0.696712 410 248 433 266
3 0.69478 186 608 251 681
3 0.693638 385 346 407 363
3 0.693179 32 394 75 415
3 0.691537 412 530 460 563
3 0.68663 1753 508 1792 532
2 0.685284 110 273 144 294
2 0.677257 193 297 215 318
3 0.677098 534 350 564 369
2 0.676944 410 286 431 306
2 0.674557 172 357 191 376
2 0.673507 15 309 33 330
3 0.67306 168 478 191 499
2 0.67302 531 427 563 446
2 0.671687 405 404 426 423
3 0.670543 1766 392 1808 417
2 0.670421 124 395 148 417
2 0.667874 1797 464 1820 487
2 0.667028 77 438 105 460
3 0.666166 1783 601 1805 623
3 0.663903 33 372 76 394
3 0.662937 493 368 533 385
3 0.662091 500 530 553 563
3 0.661894 1830 581 1878 602
2 0.661865 124 417 148 439
2 0.654079 194 275 217 297
3 0.652632 1806 556 1832 578
3 0.649473 453 491 483 526
3 0.648614 497 272 536 290
3 0.646752 143 478 168 499
3 0.645917 147 437 169 457
3 0.643853 1828 394 1894 419
3 0.640749 443 367 468 385
3 0.639482 170 438 190 457
2 0.638234 539 235 571 255
3 0.637981 167 500 196 524
3 0.635438 288 404 317 417
2 0.634665 102 499 125 526
3 0.63255 1752 532 1789 555
3 0.632466 1834 513 1887 535
3 0.631443 1102 651 1153 689
2 0.627164 37 270 81 290
3 0.625572 1821 442 1847 465
2 0.624484 11 456 31 478
2 0.624086 234 358 255 378
3 0.624055 282 372 317 388
3 0.623347 430 307 471 326
3 0.6224 629 533 661 563
3 0.622116 207 459 230 478
2 0.622064 435 231 473 250
3 0.619623 468 328 493 347
3 0.619585 1829 603 1875 625
3 0.616307 571 256 593 275
3 0.616206 473 271 496 290
3 0.613608 1843 445 1892 468
2 0.613242 387 228 411 248
2 0.612705 82 272 111 292
3 0.611189 282 358 318 374
2 0.608885 12 415 31 438
3 0.608582 481 530 506 564
3 0.607141 470 308 493 327
3 0.607124 1517 832 1546 889
3 0.606854 1844 420 1896 445
3 0.604526 1891 471 1916 493
3 0.60374 1476 820 1521 879
2 0.602001 189 418 210 439
2 0.601519 104 458 125 477
2 0.599365 538 255 571 275
3 0.59934 1826 420 1895 444
3 0.597505 1040 652 1103 688
2 0.594693 235 320 257 341
3 0.594283 1825 419 1875 442
3 0.592819 457 530 481 564
3 0.591568 128 500 166 525
3 0.59146 1802 417 1827 441
3 0.591175 665 494 705 524
3 0.590467 1879 560 1910 582
3 0.590336 570 275 591 295
3 0.58799 318 405 337 418
3 0.587657 1816 466 1844 488
3 0.585971 190 397 212 418
2 0.583612 125 374 147 395
3 0.583147 171 376 191 397
3 0.581457 429 326 468 346
2 0.579034 433 251 473 270
2 0.577767 75 497 104 524
2 0.575245 236 299 258 321
2 0.57358 5 329 15 350
2 0.572484 1800 441 1823 464
3 0.570994 1837 491 1888 512
3 0.570479 1804 580 1831 601
3 0.569406 34 351 76 373
2 0.567968 410 305 430 325
2 0.567479 35 312 79 332
3 0.56699 34 332 77 352
3 0.566246 148 376 170 397
3 0.566246 992 655 1028 688
2 0.565811 215 298 236 319
3 0.565037 320 358 338 373
2 0.562223 105 374 126 395
3 0.560729 428 346 454 367
3 0.560231 536 332 566 349
2 0.560091 76 476 104 497
3 0.559353 1807 533 1833 555
3 0.558564 189 478 207 497
3 0.558216 287 324 319 340
3 0.556893 383 382 405 403
3 0.555162 207 438 230 458
2 0.554689 9 371 32 393
2 0.551008 148 356 171 376
3 0.54969 538 275 569 294
3 0.547308 468 348 493 367
3 0.545856 1877 582 1907 603
2 0.545658 9 393 32 415
3 0.543754 191 377 211 397
3 0.541034 1099 689 1151 734
2 0.538399 113 254 142 273
3 0.537042 1885 515 1915 537
3 0.534349 474 252 498 271
2 0.533663 337 304 362 322
2 0.533051 320 306 337 324
2 0.532631 103 477 126 499
3 0.530184 1763 416 1805 440
2 0.529316 108 314 138 334
3 0.527886 1525 779 1557 839
3 0.52763 1428 754 1463 804
2 0.523657 172 317 192 338
3 0.521485 1842 468 1890 490
3 0.519875 1813 489 1840 511
3 0.516228 1429 805 1460 859
2 0.515578 295 277 320 293
3 0.512502 365 324 386 343
2 0.51187 8 350 23 371
3 0.51047 1883 537 1913 560
2 0.510384 86 253 114 272
3 0.508957 1887 493 1915 514
3 0.507501 1482 763 1530 825
2 0.507293 231 379 254 398
2 0.505588 148 255 170 274
3 0.502124 1759 440 1801 463
3 0.501489 409 326 429 346
