2 0.89392 973 1039 1272 1160
2 0.89075 692 1049 971 1160
2 0.885794 1279 1016 1579 1138
2 0.885249 1773 965 2017 1090
2 0.884352 521 1052 690 1161
2 0.883382 1585 995 1763 1114
2 0.882832 2025 954 2096 1063
2 0.865396 1588 1113 1761 1219
2 0.834016 533 1159 705 1246
2 0.827824 1276 1134 1578 1244
2 0.827035 699 1163 979 1270
2 0.825947 981 1157 1278 1285
2 0.801263 2022 1057 2106 1151
2 0.789377 1773 1078 2016 1198
2 0.742872 1007 124 1045 150
2 0.71407 1007 91 1045 118
3 0.705704 581 602 635 627
2 0.704316 1044 122 1072 148
3 0.692488 499 560 537 585
3 0.687619 581 628 637 655
2 0.682818 1043 153 1071 181
2 0.675289 1008 155 1044 182
3 0.636319 633 600 660 624
2 0.615929 1044 90 1073 118
3 0.613405 497 639 541 663
3 0.61199 540 636 578 659
3 0.609654 494 665 542 690
2 0.609288 1292 109 1325 137
2 0.608543 443 671 481 696
3 0.606714 497 588 539 612
3 0.60234 498 538 535 560
2 0.587261 441 597 479 620
2 0.586777 2494 1082 2523 1141
2 0.586334 143 839 169 866
2 0.579374 892 109 923 132
2 0.573213 976 129 1008 152
2 0.570992 442 628 480 650
3 0.567209 633 570 661 597
3 0.559466 634 625 660 652
2 0.558837 974 188 1009 218
2 0.557137 41 773 65 801
3 0.555263 607 497 637 522
2 0.554614 40 665 66 691
3 0.55407 541 661 573 686
2 0.551975 975 219 1008 248
2 0.544217 1008 185 1044 214
3 0.542168 539 558 577 581
2 0.526457 68 455 98 485
3 0.520534 504 436 537 460
2 0.517916 948 221 976 249
3 0.513317 607 523 636 546
2 0.505693 40 692 66 714
3 0.504561 540 581 581 606
2 0.500662 68 487 97 514
