2 0.884862 839 606 1037 684
2 0.879503 200 512 331 588
2 0.879478 650 582 830 665
2 0.867354 480 558 644 640
2 0.861709 337 609 473 686
2 0.861128 338 537 475 614
2 0.835709 647 657 822 730
2 0.822703 1040 624 1153 691
2 0.817575 1155 581 1265 630
2 0.814015 831 681 1032 744
2 0.812852 202 582 330 655
2 0.806689 1299 592 1383 647
2 0.803239 481 635 640 709
2 0.792929 1155 628 1241 699
2 0.732507 1265 584 1301 637
2 0.698811 1383 603 1483 650
1 0.651853 957 330 978 348
1 0.642737 962 304 982 320
1 0.63338 989 258 1012 275
1 0.615152 1013 277 1036 294
1 0.609329 1013 260 1038 276
1 0.600737 954 347 975 364
1 0.599856 922 324 947 344
1 0.595999 847 348 872 368
3 0.592889 0 938 130 1069
1 0.589094 924 363 948 379
1 0.586514 869 260 890 276
1 0.584311 979 331 1003 348
1 0.56195 896 375 916 393
1 0.546678 920 345 945 363
1 0.544168 867 300 887 319
1 0.542452 882 29 906 48
1 0.542372 973 219 995 236
1 0.540942 1650 516 1675 546
1 0.536955 1011 300 1033 316
1 0.533797 938 158 961 177
1 0.529983 890 260 912 276
1 0.52766 986 277 1011 293
1 0.526182 898 346 920 366
1 0.526012 885 157 909 177
1 0.525318 909 157 939 176
1 0.524109 967 254 990 271
1 0.522339 965 277 987 293
1 0.52136 933 220 956 238
1 0.518218 910 178 936 195
1 0.517626 1006 330 1031 347
1 0.511411 975 366 996 382
1 0.509673 976 349 999 366
1 0.501344 822 347 846 365
1 0.501212 873 371 896 391
1 0.500739 923 302 948 323
