1 0.892292 1230 192 1337 265
1 0.887472 1986 996 2107 1092
1 0.879403 1591 357 1721 444
1 0.878202 1989 903 2109 1002
1 0.877589 1994 811 2114 909
1 0.876169 2000 724 2115 821
1 0.874142 471 471 639 551
1 0.874135 965 653 1172 755
1 0.873017 2106 908 2193 1002
1 0.871607 946 833 1148 947
1 0.870393 1004 402 1203 490
1 0.869864 1332 194 1425 268
1 0.868898 974 565 1178 664
1 0.866976 1589 433 1720 524
1 0.866499 1998 557 2110 649
1 0.866481 1416 270 1504 349
3 0.866382 2257 1171 2393 1282
1 0.86584 1444 1067 1556 1174
1 0.865031 1904 900 1994 999
1 0.864268 856 558 981 652
1 0.863736 1468 778 1577 885
1 0.862636 2001 638 2113 735
1 0.860512 803 909 937 1014
1 0.860221 987 482 1191 573
3 0.860011 1125 1146 1242 1271
1 0.859606 956 741 1160 853
3 0.858563 1706 43 1800 105
1 0.857739 842 642 971 742
3 0.856987 1589 515 1721 614
1 0.856794 1454 969 1563 1076
1 0.856709 1475 688 1580 789
1 0.855392 1017 328 1214 408
3 0.855261 1596 148 1714 222
1 0.854409 486 398 655 475
1 0.854396 1900 318 1986 398
1 0.851274 829 731 960 832
3 0.85035 1426 135 1512 203
1 0.85025 870 476 997 565
1 0.850021 1994 476 2106 568
3 0.849775 1430 74 1516 139
1 0.849631 1716 369 1816 454
1 0.849486 888 398 1009 482
1 0.848812 364 469 477 547
1 0.847558 1219 260 1330 340
1 0.847157 1905 389 1995 475
1 0.846753 1593 283 1717 363
1 0.846707 631 971 799 1083
1 0.846655 1483 597 1586 700
1 0.846257 2335 671 2456 759
1 0.84525 1907 464 2000 558
3 0.843766 1259 7 1359 68
1 0.843006 1502 277 1597 359
1 0.842957 1909 715 2003 816
1 0.842914 1909 631 2005 727
1 0.842671 1498 350 1593 436
3 0.841774 1510 141 1599 212
1 0.840864 1405 420 1496 509
1 0.840233 2112 733 2193 826
1 0.840187 442 619 606 704
1 0.839053 457 546 620 629
3 0.838984 1241 128 1345 194
3 0.838839 1710 100 1803 167
1 0.83878 1906 808 1998 906
3 0.838544 1513 79 1599 146
1 0.83809 2105 566 2181 657
3 0.837986 1242 1157 1341 1277
1 0.837867 2103 998 2190 1090
1 0.837834 1987 402 2099 486
1 0.837618 1894 247 1978 321
1 0.837137 1506 206 1598 282
1 0.836943 2099 489 2179 576
1 0.836883 1410 343 1501 426
1 0.836879 2186 998 2272 1087
1 0.8353 1493 427 1592 519
1 0.834907 1260 861 1464 972
1 0.834499 2172 498 2259 586
1 0.834203 1720 617 1911 716
1 0.834134 2188 910 2271 1000
3 0.832115 1981 1182 2095 1304
1 0.830143 1983 1088 2104 1177
1 0.829879 1422 200 1508 274
3 0.829813 1596 86 1712 154
1 0.829426 1176 576 1292 673
1 0.828364 2331 597 2450 681
1 0.827146 1978 331 2091 408
1 0.827004 2191 824 2272 914
1 0.826647 304 471 375 546
1 0.826338 1908 546 2003 642
1 0.826127 2083 344 2169 423
1 0.824939 815 820 948 922
1 0.824617 2189 738 2271 830
1 0.824207 1902 1089 1989 1179
1 0.823616 430 693 593 787
1 0.823544 2109 648 2188 741
1 0.82333 2091 414 2175 499
1 0.823311 2323 525 2442 606
1 0.822684 931 926 1136 1035
1 0.822348 474 256 686 335
1 0.821206 2176 573 2266 667
1 0.820953 1806 235 1902 311
1 0.818842 1305 411 1408 504
1 0.818569 346 540 463 617
1 0.817677 2338 752 2460 841
1 0.815971 2159 357 2242 435
1 0.815571 648 799 823 902
1 0.815184 2242 439 2317 517
3 0.815125 625 1067 796 1221
1 0.814951 2165 424 2250 508
1 0.812875 636 885 809 988
1 0.812392 663 326 753 402
1 0.80839 2184 658 2269 747
1 0.807552 2254 507 2328 598
1 0.807432 2264 664 2338 752
1 0.807059 800 1001 930 1105
1 0.806663 1461 872 1571 980
1 0.806435 1190 492 1301 581
1 0.805985 2268 744 2341 835
1 0.804921 2298 386 2422 459
3 0.804489 1596 31 1709 91
1 0.804397 1949 80 2049 143
1 0.804133 1031 251 1223 334
1 0.803578 2310 454 2434 533
1 0.802298 2270 829 2343 917
1 0.800938 349 336 469 405
3 0.800425 1249 68 1350 129
1 0.800353 2043 96 2117 156
1 0.797762 2102 1086 2188 1173
1 0.79716 319 680 435 767
1 0.79713 2111 819 2195 913
3 0.796679 2391 1156 2502 1264
3 0.795651 1594 215 1715 292
1 0.795156 903 327 1022 402
1 0.793967 499 328 675 402
1 0.790663 329 610 448 688
3 0.789278 999 1123 1124 1266
1 0.788573 369 271 484 341
1 0.786888 1902 995 1993 1092
1 0.786426 287 541 355 615
1 0.783597 2615 919 2688 991
1 0.783491 2400 347 2463 414
1 0.782007 2291 324 2408 390
3 0.780825 1712 161 1806 231
1 0.780784 1273 762 1377 874
1 0.778962 1200 407 1312 498
1 0.777937 2234 373 2310 446
1 0.777757 371 399 491 475
1 0.774222 678 253 763 330
1 0.773161 2615 987 2687 1063
1 0.771346 628 470 884 557
1 0.770445 1714 296 1814 375
1 0.770168 1793 49 1878 113
1 0.769985 1168 666 1286 766
1 0.769521 690 549 868 643
1 0.769164 2073 275 2157 349
1 0.769126 670 712 837 817
3 0.765789 2499 1141 2608 1256
1 0.764616 1719 447 1817 539
1 0.762008 2184 1084 2268 1169
1 0.759966 2265 1077 2399 1165
1 0.759361 2445 615 2564 698
1 0.757466 2269 911 2344 1001
1 0.757375 1488 508 1591 609
1 0.757112 1811 377 1910 464
1 0.754877 608 547 867 642
1 0.754791 2261 586 2336 675
3 0.753519 1517 17 1600 80
1 0.75132 418 772 577 865
3 0.749156 1886 1187 1983 1308
1 0.747676 1323 265 1419 344
1 0.747333 1283 670 1385 776
1 0.747229 682 629 849 727
1 0.746482 580 706 836 815
1 0.74578 701 472 881 557
1 0.745134 2341 913 2464 1000
1 0.744918 308 756 426 842
1 0.744717 2413 409 2476 478
1 0.743237 2138 226 2219 295
3 0.738554 796 1097 918 1232
1 0.738472 2452 684 2579 771
1 0.738445 552 960 632 1062
1 0.735838 1717 705 1911 810
1 0.731313 1212 334 1320 415
1 0.730713 2459 993 2524 1075
3 0.730354 1966 198 2070 268
3 0.72982 1713 225 1811 302
1 0.728873 2341 832 2465 920
1 0.725074 924 1018 1136 1133
1 0.724057 1879 120 1963 189
1 0.719802 2457 760 2570 844
1 0.712637 1294 496 1402 592
1 0.710815 2226 303 2296 377
1 0.709362 1714 801 1910 903
1 0.709129 457 940 561 1055
2 0.708519 1138 947 1257 1054
1 0.705422 2612 1059 2688 1130
1 0.70477 1872 62 1955 125
3 0.704581 1885 184 1971 253
1 0.703834 2065 212 2145 279
3 0.702908 1702 0 1793 48
1 0.702761 1131 1042 1251 1152
1 0.702421 1810 306 1907 384
1 0.701163 2101 58 2179 114
1 0.699874 2455 1066 2516 1151
1 0.6987 2613 846 2687 920
1 0.698384 1247 1051 1353 1160
1 0.697577 2638 648 2688 718
1 0.697461 2511 1062 2613 1145
1 0.694889 599 627 850 723
1 0.693814 274 611 340 685
1 0.692934 561 873 638 971
1 0.690029 1295 496 1490 594
3 0.68932 1543 1179 1786 1316
1 0.688253 1290 583 1486 688
3 0.685694 1586 604 1720 707
1 0.685579 2268 998 2345 1085
1 0.682894 1317 337 1414 417
1 0.681967 436 854 569 950
1 0.680898 2460 840 2571 919
1 0.679604 917 251 1032 330
1 0.678759 248 747 315 834
1 0.678505 1553 1073 1699 1185
1 0.676083 2088 6 2160 61
1 0.667792 1812 452 1912 545
1 0.665924 2627 580 2688 654
1 0.665771 1973 262 2078 336
1 0.664783 1255 959 1459 1068
3 0.664552 1338 1168 1543 1304
1 0.663498 262 678 325 755
3 0.662459 1338 131 1430 198
1 0.662372 2395 1072 2461 1158
1 0.66147 2054 152 2132 217
1 0.655535 2558 916 2618 993
1 0.652829 1710 895 1907 997
3 0.650787 1801 169 1894 242
1 0.648247 1887 182 1969 253
1 0.644505 2456 363 2546 425
1 0.644296 2461 916 2566 997
1 0.643682 755 250 923 329
3 0.643463 1577 696 1719 798
1 0.638755 1722 532 1912 629
1 0.635823 2616 519 2683 588
1 0.634672 1576 786 1716 890
1 0.630396 2436 545 2552 621
1 0.630282 2657 474 2688 532
1 0.629874 291 834 434 921
1 0.629026 323 400 455 476
1 0.624953 2564 842 2619 918
1 0.62448 2650 418 2688 478
1 0.623691 1157 757 1278 865
1 0.623418 282 909 399 994
1 0.622647 1401 500 1491 598
1 0.621924 1800 993 1904 1090
3 0.619518 1351 8 1437 72
1 0.617753 810 397 900 476
1 0.616435 2540 990 2618 1068
3 0.616114 1340 1167 1440 1303
1 0.61591 1561 975 1702 1082
3 0.614692 918 1115 1002 1248
1 0.612705 2281 261 2388 323
1 0.609343 1282 671 1427 776
1 0.609138 2383 289 2450 347
1 0.608051 2463 423 2560 489
3 0.607023 2097 1176 2255 1300
1 0.60576 2646 710 2688 786
1 0.603647 2389 995 2462 1080
1 0.602176 321 401 392 475
1 0.600671 240 824 298 910
1 0.597654 2563 767 2616 846
1 0.596213 2608 773 2679 848
1 0.591416 1759 448 1910 545
1 0.590695 2537 560 2595 629
1 0.588775 1566 879 1709 985
1 0.587461 2115 111 2191 172
3 0.587275 1958 137 2060 203
1 0.587206 1710 989 1904 1089
1 0.586497 2595 636 2645 709
1 0.586315 1795 1085 1903 1185
1 0.582843 756 397 903 476
1 0.581841 1248 1052 1450 1163
1 0.580856 1939 26 2038 85
3 0.57837 2128 169 2204 231
1 0.577579 2633 776 2688 854
3 0.575947 2023 0 2093 50
1 0.56429 2551 388 2647 449
1 0.560999 1271 763 1468 875
1 0.55906 2221 246 2289 310
1 0.557193 1368 768 1472 878
3 0.556333 1785 1187 1888 1312
3 0.555221 1345 69 1434 133
1 0.554882 2640 369 2685 424
1 0.554352 646 396 817 476
1 0.548744 2602 703 2650 776
1 0.547628 2588 571 2638 641
1 0.537739 984 1022 1138 1135
1 0.536382 1807 801 1909 901
1 0.531761 2650 777 2688 852
1 0.530473 1289 581 1398 680
1 0.529664 744 326 903 401
1 0.529209 1213 335 1415 419
1 0.523788 2472 483 2564 553
