1 0.913122 455 411 578 489
2 0.911591 84 220 176 317
2 0.906173 76 420 179 526
2 0.903529 461 488 585 576
2 0.902365 306 499 403 600
3 0.893995 299 409 393 502
2 0.892689 196 606 318 745
2 0.89 188 509 309 617
2 0.888132 398 493 463 583
1 0.879626 388 324 450 408
2 0.877466 0 534 84 649
1 0.876521 392 409 455 491
3 0.871281 297 322 387 406
2 0.870536 92 127 185 222
2 0.870466 584 478 648 554
3 0.870089 444 176 563 259
2 0.869069 86 630 204 769
1 0.868716 698 409 738 471
3 0.868313 296 234 383 323
1 0.866295 0 428 74 531
3 0.865657 177 319 294 409
2 0.864748 313 591 414 722
2 0.863066 589 550 655 654
3 0.862812 446 251 567 330
2 0.861575 468 568 595 688
1 0.858063 693 346 733 411
2 0.852865 646 475 707 541
1 0.850895 0 319 75 424
3 0.850495 297 149 385 245
2 0.849694 406 582 477 698
1 0.849087 451 329 570 410
1 0.846295 856 471 889 507
3 0.844223 302 68 388 160
2 0.842103 78 523 189 634
3 0.832676 445 108 562 190
1 0.83134 885 468 918 503
3 0.82899 688 286 728 347
3 0.82854 183 132 294 230
3 0.828049 685 225 725 290
2 0.827919 702 471 745 536
3 0.827575 719 124 761 185
3 0.825375 449 41 561 127
3 0.817126 20 33 116 123
1 0.816726 886 205 922 240
3 0.815032 564 200 685 279
3 0.81397 178 226 293 318
2 0.813684 652 542 713 629
1 0.811108 736 411 784 470
3 0.810865 918 499 954 537
3 0.810751 391 25 450 101
3 0.808437 566 267 690 341
3 0.808133 197 0 312 61
3 0.808075 2 119 96 208
3 0.806536 308 0 392 83
1 0.802825 860 214 889 247
3 0.800444 724 235 769 294
1 0.797943 925 230 971 265
1 0.797554 828 474 858 508
2 0.794325 77 319 176 417
1 0.794246 852 440 885 474
1 0.788987 891 235 925 272
1 0.786529 884 173 919 209
2 0.78425 2 646 104 790
3 0.781997 715 73 758 132
1 0.778998 911 437 946 466
2 0.777579 1514 387 1550 414
1 0.777339 914 464 951 499
2 0.776401 1482 388 1516 417
1 0.772049 922 197 968 234
1 0.771782 882 139 917 178
3 0.769164 858 507 890 547
3 0.76912 387 94 446 173
3 0.768834 679 110 718 175
1 0.768116 732 352 780 412
3 0.767563 449 0 561 52
1 0.763222 900 332 935 368
3 0.759811 681 168 721 232
2 0.759577 116 0 205 46
1 0.758349 845 374 876 407
1 0.756809 640 408 700 475
3 0.755398 678 54 716 119
3 0.754057 677 7 713 68
1 0.753588 897 300 931 336
3 0.749763 0 29 34 118
3 0.747578 721 181 765 238
1 0.747518 915 130 964 171
1 0.745972 857 182 886 219
3 0.745403 728 293 774 350
1 0.745351 579 409 642 478
3 0.744708 889 503 921 543
1 0.742882 972 223 1007 257
1 0.742166 894 268 927 304
1 0.739697 903 364 939 402
1 0.738613 852 149 883 186
2 0.738208 741 472 786 531
1 0.736685 821 410 849 445
1 0.728141 974 256 1011 287
2 0.725402 1484 415 1518 445
1 0.723611 0 208 83 315
2 0.72193 105 41 198 130
1 0.721539 824 443 852 476
1 0.717045 180 412 297 512
3 0.715878 384 242 447 326
1 0.715343 769 200 803 236
1 0.71118 931 292 972 330
3 0.710783 713 23 757 83
1 0.710205 803 189 860 224
1 0.70493 968 191 1005 224
3 0.699599 564 139 681 218
1 0.699599 907 402 944 440
3 0.697071 384 167 444 248
1 0.694608 869 305 898 340
1 0.694434 842 341 872 375
2 0.686537 710 535 751 625
1 0.679883 836 309 869 344
1 0.679439 779 320 811 353
3 0.677901 953 498 1017 534
1 0.67781 849 407 879 443
1 0.677602 951 461 1024 499
3 0.674906 397 0 451 33
1 0.671774 801 159 856 195
1 0.670664 918 164 966 201
1 0.670271 965 159 1003 195
1 0.666457 816 375 845 411
1 0.662913 878 404 905 441
1 0.659349 783 383 816 415
1 0.649371 864 241 891 275
1 0.646266 809 247 862 282
1 0.640964 867 272 894 307
1 0.637222 774 257 807 295
1 0.63483 787 414 822 448
1 0.627927 928 260 972 297
1 0.625804 775 288 808 322
3 0.618083 561 66 673 158
1 0.618064 806 219 861 253
2 0.616243 187 52 302 141
1 0.615825 964 127 1001 161
1 0.610971 883 440 916 474
1 0.607564 935 326 975 361
2 0.607431 1515 413 1547 441
3 0.606792 35 0 121 34
1 0.593061 814 344 841 377
1 0.590823 1154 423 1180 444
1 0.588779 791 445 825 478
1 0.586377 781 350 816 387
1 0.584534 944 426 994 464
1 0.580138 982 353 1020 389
1 0.579931 872 337 900 374
1 0.575432 981 322 1018 354
1 0.573985 818 279 866 312
1 0.573104 1155 446 1181 470
1 0.572199 977 288 1015 322
3 0.561753 620 80 679 161
3 0.560092 187 53 301 141
2 0.55433 1547 386 1583 411
3 0.552052 623 32 678 102
3 0.548256 829 509 859 550
3 0.544186 570 336 683 411
1 0.536198 812 312 851 346
1 0.515318 385 242 446 326
2 0.510182 1441 391 1476 419
3 0.50141 560 8 631 88
