1 0.890237 466 0 584 54
1 0.860566 186 82 281 147
3 0.852959 754 103 822 164
1 0.852554 754 51 820 104
1 0.851239 467 52 588 109
1 0.846725 357 3 466 67
1 0.845388 754 3 818 53
1 0.844455 585 1 641 50
1 0.837859 642 1 754 50
3 0.800382 187 137 282 210
1 0.771387 818 5 866 58
3 0.747194 914 115 1051 184
3 0.730016 329 115 417 184
1 0.717187 1212 90 1232 126
1 0.714587 869 9 916 64
3 0.712322 1083 91 1114 137
1 0.691397 185 0 272 43
1 0.656943 642 50 756 109
1 0.647756 1210 0 1229 23
3 0.621148 1066 0 1114 47
3 0.60471 1044 128 1111 188
3 0.599133 1114 101 1170 142
2 0.596794 644 109 697 169
2 0.582362 1000 0 1039 36
3 0.577642 1037 39 1067 84
2 0.565366 1193 41 1213 84
2 0.564981 588 108 639 171
1 0.564132 870 59 917 108
3 0.563419 1170 72 1195 118
1 0.550609 999 32 1037 80
1 0.539095 916 64 998 119
1 0.536783 1212 22 1229 50
3 0.525739 1065 43 1088 90
3 0.52452 915 113 996 182
3 0.521849 185 40 273 88
1 0.51616 356 56 467 118
3 0.504807 1083 46 1115 93
