1 0.903421 1201 410 1403 499
1 0.902909 1377 682 1580 786
1 0.901802 1213 334 1411 418
1 0.895089 1165 667 1379 772
1 0.892807 1373 775 1575 882
1 0.888506 1812 536 1913 633
1 0.888212 1366 869 1570 980
1 0.886162 1998 812 2111 910
1 0.884129 472 471 640 550
1 0.883205 1591 357 1723 446
1 0.881925 1381 590 1583 695
1 0.879677 2001 724 2114 822
3 0.87966 1248 68 1349 130
1 0.87921 921 1017 1128 1134
1 0.874498 2106 908 2190 1001
1 0.874269 1190 491 1395 585
1 0.872444 1814 622 1912 718
1 0.872059 2105 998 2188 1090
1 0.87173 966 655 1167 751
3 0.871693 1426 134 1511 202
3 0.871043 1430 74 1514 138
1 0.870381 1810 454 1914 547
1 0.869593 943 831 1148 946
1 0.869082 1156 756 1375 868
1 0.868885 1231 192 1337 264
1 0.868559 1357 966 1563 1075
1 0.868367 2001 638 2112 736
3 0.867898 1587 517 1722 615
1 0.867321 2110 734 2188 827
1 0.866728 1905 807 2003 905
1 0.866241 955 741 1160 852
1 0.865925 1806 802 1910 901
1 0.86462 1414 270 1505 349
1 0.863465 1143 852 1369 966
3 0.861982 1253 7 1356 69
1 0.861068 929 924 1135 1032
1 0.861009 1799 993 1906 1089
1 0.860867 987 483 1189 571
3 0.859448 1707 43 1801 104
1 0.857115 1996 560 2107 649
1 0.856495 1031 251 1225 334
1 0.856306 1174 572 1386 677
1 0.855823 1991 479 2105 571
3 0.855641 1595 148 1715 221
1 0.855441 1809 707 1912 811
1 0.854636 487 397 656 474
1 0.854196 1908 716 2004 816
1 0.85316 1591 284 1720 366
1 0.853068 2187 911 2271 1001
1 0.852326 974 564 1170 664
3 0.851857 1509 141 1598 212
1 0.850989 443 618 603 706
1 0.850532 1718 369 1815 453
1 0.850196 627 972 802 1081
1 0.849999 429 692 588 787
1 0.849888 645 800 830 903
3 0.849697 1340 1167 1546 1309
3 0.849104 1593 216 1717 292
3 0.848137 1710 100 1804 166
3 0.848057 1511 79 1599 146
1 0.847778 1908 632 2005 727
3 0.847636 2257 1172 2390 1286
1 0.846634 2104 1086 2185 1171
1 0.845459 1909 464 1999 560
1 0.844766 1906 388 1994 477
1 0.844281 1909 547 2003 643
3 0.843873 796 1095 919 1236
1 0.843692 1986 402 2101 489
1 0.843453 840 730 961 830
3 0.84325 1596 86 1712 153
1 0.84323 1720 445 1816 540
1 0.842987 1129 1045 1354 1153
1 0.842926 801 1000 927 1100
1 0.841876 1505 206 1595 281
3 0.84119 919 1117 1124 1269
1 0.840687 1895 248 1978 321
1 0.84051 1810 378 1912 464
1 0.839671 1134 947 1359 1060
1 0.83949 1800 897 1906 995
1 0.839453 2081 347 2169 425
1 0.838988 2102 569 2178 656
3 0.837241 626 1067 797 1221
1 0.836761 2099 490 2178 577
1 0.836422 2106 649 2183 742
3 0.835205 1584 605 1723 707
1 0.834895 2184 998 2270 1086
1 0.834838 458 544 619 628
1 0.834777 1405 344 1503 427
1 0.834147 1421 199 1508 273
1 0.833193 1902 317 1985 397
3 0.832667 1512 19 1599 81
1 0.83262 1500 349 1593 435
3 0.831929 1596 30 1709 91
1 0.831438 1222 259 1419 341
1 0.829964 2172 497 2254 585
1 0.8299 1978 331 2091 409
1 0.829822 2180 1084 2268 1170
1 0.82931 1502 277 1594 358
3 0.828706 1241 128 1344 194
1 0.827662 290 834 410 922
1 0.82465 1589 435 1723 529
1 0.824312 366 468 479 543
3 0.824028 1713 160 1806 231
1 0.823833 1797 1085 1907 1182
1 0.823378 1805 236 1901 314
1 0.822957 861 559 982 651
1 0.821829 849 643 971 741
1 0.820122 1903 1089 1990 1177
1 0.819947 2401 347 2463 413
3 0.819931 1714 226 1811 302
1 0.819654 664 327 750 402
1 0.819218 342 538 465 616
1 0.818353 677 628 857 729
1 0.817764 1332 195 1426 266
1 0.817433 320 609 449 688
1 0.816872 824 818 947 921
1 0.816629 2267 912 2342 1001
1 0.815535 2091 417 2175 500
1 0.815195 2159 358 2241 435
1 0.81364 1995 903 2109 1000
1 0.813132 1985 1086 2106 1174
1 0.811957 635 884 814 987
1 0.811759 686 548 870 641
3 0.809762 2390 1156 2502 1265
1 0.80955 2411 409 2476 479
1 0.809241 2268 829 2343 917
1 0.808096 417 773 576 866
3 0.807694 1959 137 2060 203
1 0.805387 2184 739 2271 834
1 0.804427 2267 997 2341 1085
1 0.804076 2164 426 2249 506
3 0.803225 1541 1177 1786 1316
1 0.800414 2188 823 2271 915
1 0.800151 662 711 843 818
1 0.799125 874 475 994 566
3 0.798914 1802 171 1894 243
1 0.798613 312 681 437 765
1 0.798588 1006 401 1201 490
3 0.796138 1981 1184 2095 1302
1 0.795419 1904 900 1999 999
1 0.795257 370 272 483 339
1 0.792701 304 757 423 841
1 0.792325 308 469 375 542
3 0.791291 2023 1 2094 51
1 0.790839 2265 1080 2340 1165
1 0.789577 1389 501 1587 602
1 0.78704 1992 996 2108 1091
1 0.786287 2179 658 2265 748
1 0.782715 351 335 472 399
1 0.782079 1022 328 1216 407
1 0.778838 2073 277 2158 351
1 0.778316 646 395 736 476
1 0.777918 570 790 650 886
1 0.776972 808 904 934 1017
1 0.776888 410 854 566 952
3 0.776273 2170 1176 2257 1293
1 0.776116 2608 776 2688 851
1 0.774871 2265 745 2342 836
1 0.77333 374 395 495 473
1 0.772925 755 249 925 329
3 0.77001 1798 108 1886 177
3 0.76918 1720 529 1816 625
1 0.76841 740 326 916 402
1 0.764655 2174 575 2260 666
1 0.764023 2452 1066 2517 1149
3 0.76376 2095 1179 2171 1298
1 0.759763 1222 261 1343 339
3 0.759365 1966 198 2069 267
1 0.756849 1902 996 1995 1092
1 0.756538 2108 819 2192 913
1 0.75272 2455 993 2519 1075
1 0.751154 559 874 639 973
1 0.751017 703 470 886 557
1 0.750367 2045 97 2118 156
1 0.748457 625 470 714 555
1 0.748426 680 252 762 330
1 0.741549 2435 545 2501 621
3 0.736528 1879 121 1963 188
1 0.735781 2395 674 2457 760
1 0.733361 1397 422 1555 513
1 0.73209 2614 986 2687 1061
1 0.731838 2513 1061 2612 1139
1 0.731453 2612 845 2688 920
1 0.728333 475 260 600 335
1 0.727441 1718 295 1814 376
1 0.726982 2613 918 2688 990
1 0.721635 2454 759 2518 841
1 0.719413 2256 590 2397 675
3 0.71936 2129 168 2204 232
1 0.71911 2602 708 2688 783
1 0.718137 2444 614 2530 696
3 0.710796 1432 15 1514 76
3 0.707942 1940 15 2039 83
1 0.705416 2561 842 2617 919
1 0.704793 2451 685 2513 768
1 0.704531 2340 914 2462 1000
3 0.70349 1124 1142 1242 1277
1 0.701566 2378 1072 2457 1159
3 0.699255 2500 1140 2595 1256
1 0.698477 549 961 633 1063
1 0.698462 610 547 698 635
1 0.698119 2395 756 2461 840
1 0.697466 247 748 314 835
1 0.696757 2422 474 2488 549
1 0.692294 494 329 676 401
1 0.69018 2250 511 2387 599
1 0.686757 2554 917 2616 992
1 0.685807 2259 667 2341 753
1 0.68456 2379 533 2444 611
1 0.68265 919 249 1226 332
1 0.681842 287 539 353 613
3 0.681653 1703 0 1792 48
1 0.681174 2338 996 2462 1082
1 0.680745 2601 645 2688 719
1 0.680629 1494 425 1591 520
1 0.680293 2562 768 2613 847
1 0.678128 595 626 681 718
3 0.675714 1338 131 1430 198
1 0.672246 2541 989 2615 1066
1 0.670922 599 627 859 728
1 0.669254 1950 79 2050 143
1 0.668668 2581 515 2684 584
1 0.667134 283 912 401 1002
1 0.664886 2563 447 2662 517
1 0.664001 2337 751 2402 836
3 0.663426 1887 184 1971 253
3 0.662642 1349 10 1437 71
1 0.661924 2597 581 2688 652
1 0.661698 725 394 903 476
3 0.661161 2033 45 2103 104
3 0.660739 1792 52 1880 115
3 0.660227 1343 69 1434 131
1 0.660033 459 331 633 401
1 0.658253 2388 601 2450 682
1 0.658205 2399 836 2464 919
3 0.655088 1783 1187 1981 1312
1 0.650266 582 707 665 801
1 0.650244 904 327 1220 405
1 0.648065 2457 837 2521 918
1 0.647677 2339 831 2410 918
1 0.64757 2477 485 2576 555
1 0.646923 2612 1058 2687 1129
1 0.642563 2467 426 2563 490
1 0.64232 2489 551 2549 625
1 0.637961 2546 628 2607 702
1 0.637462 2226 307 2351 380
1 0.637194 2538 562 2603 627
3 0.636054 1972 261 2080 338
3 0.63151 1873 63 1956 126
1 0.628094 475 258 675 336
1 0.627488 2100 61 2180 115
1 0.624712 2457 916 2519 997
3 0.624461 2054 152 2134 218
1 0.620582 590 257 688 334
1 0.619705 1374 1064 1560 1172
1 0.618013 2232 374 2311 447
1 0.617912 574 329 675 402
3 0.615798 1949 78 2049 144
1 0.614568 2241 441 2317 518
1 0.612089 1810 308 1909 388
1 0.610345 1351 1061 1452 1166
1 0.60943 2651 418 2688 476
3 0.606865 1867 2 1946 67
1 0.605696 1568 881 1806 990
1 0.603539 272 610 331 684
1 0.60221 2368 461 2434 539
1 0.599004 2459 363 2552 424
1 0.598146 2557 696 2608 774
3 0.597145 1241 1148 1342 1265
1 0.595731 2336 1075 2460 1160
1 0.593936 1399 420 1498 513
1 0.593885 1720 616 1815 714
1 0.591981 890 397 1007 483
1 0.586941 2064 213 2144 280
1 0.585301 1717 795 1809 896
1 0.575549 2482 618 2555 700
1 0.572139 2504 690 2567 772
1 0.571043 802 395 901 475
1 0.564837 2234 375 2349 452
1 0.562689 2377 995 2461 1080
1 0.561883 321 398 414 474
1 0.556924 2659 474 2688 530
3 0.553619 1810 308 1908 387
1 0.550324 535 256 687 334
1 0.549555 1429 1063 1559 1170
3 0.547839 1579 695 1721 800
3 0.535595 2138 228 2220 296
1 0.533545 1558 1074 1699 1184
1 0.532492 420 940 557 1046
1 0.530524 2224 250 2353 312
1 0.530007 2553 391 2649 453
1 0.528602 917 249 1055 331
1 0.525937 2114 112 2191 172
1 0.513088 2310 453 2381 527
1 0.510784 1352 1060 1523 1167
1 0.506385 905 327 1023 402
1 0.506329 2054 152 2133 218
1 0.504305 1719 704 1813 806
1 0.503754 2358 391 2418 465
1 0.500657 2514 840 2566 918
