1 0.851906 787 442 848 495
1 0.842139 922 388 987 450
1 0.834482 917 446 984 505
1 0.830456 734 389 790 442
1 0.820612 789 387 851 441
1 0.808005 754 184 811 234
1 0.799821 851 381 921 442
1 0.796888 732 443 788 495
1 0.78588 814 128 875 176
3 0.784683 732 495 786 548
1 0.779685 926 333 991 397
1 0.776814 849 440 918 499
2 0.769294 357 476 402 500
3 0.768984 914 503 982 563
1 0.753462 810 174 870 227
1 0.749177 792 332 855 386
1 0.744531 846 495 915 558
1 0.730799 929 282 993 344
2 0.728889 355 499 402 525
1 0.726496 935 230 987 291
2 0.724463 354 523 404 556
1 0.699067 740 334 796 388
1 0.694322 745 284 804 335
2 0.691102 357 453 404 478
2 0.689123 300 518 330 551
1 0.675556 799 278 859 333
1 0.66968 546 507 596 536
1 0.663451 997 255 1032 316
1 0.662118 993 304 1030 363
1 0.660353 759 140 815 188
1 0.65784 819 83 880 130
1 0.650432 548 454 600 481
1 0.641456 774 52 829 97
1 0.637438 948 84 981 140
1 0.63632 951 42 986 96
1 0.634692 432 321 453 345
1 0.625228 550 428 600 454
1 0.617219 765 96 822 142
2 0.612591 532 357 557 382
1 0.606998 779 8 834 53
2 0.605152 269 516 299 551
2 0.604867 331 520 354 552
1 0.60354 990 352 1028 408
1 0.601121 430 343 449 368
1 0.597048 954 2 988 50
1 0.587368 499 313 535 337
1 0.58517 565 278 616 306
1 0.581944 806 226 866 280
1 0.576653 491 406 527 431
1 0.565728 414 318 435 342
1 0.561858 505 266 542 292
1 0.556909 984 455 1044 515
1 0.556209 437 300 458 321
1 0.555234 417 296 437 321
1 0.555128 487 456 522 481
1 0.549851 939 178 977 237
1 0.545131 943 131 977 188
1 0.544249 295 274 320 299
2 0.543326 399 454 418 479
1 0.54249 1061 425 1088 476
1 0.540366 489 430 523 456
1 0.537922 292 299 317 321
3 0.536707 492 382 530 407
3 0.534977 784 496 846 551
1 0.533241 1000 209 1038 268
1 0.531741 976 140 1008 202
3 0.528538 494 357 533 383
1 0.508797 749 232 807 285
1 0.504296 1074 173 1098 216
2 0.504165 340 403 360 428
1 0.503109 1055 521 1083 568
1 0.501319 1070 295 1092 340
