1 0.873709 992 1206 1103 1281
1 0.86294 1832 1076 1944 1178
1 0.843908 1546 1018 1632 1114
1 0.841374 2013 946 2146 1049
1 0.837319 2021 1042 2148 1159
1 0.836731 1260 364 1328 428
1 0.834498 899 1206 947 1276
1 0.834455 1827 980 1941 1085
1 0.831594 2242 1007 2364 1124
1 0.831171 2236 909 2357 1014
1 0.830865 1833 1171 1948 1267
1 0.827874 1550 1196 1637 1298
1 0.826881 1806 708 1913 803
1 0.826141 1548 1110 1634 1197
1 0.826121 1820 887 1933 988
1 0.82281 1812 796 1924 895
1 0.822578 1734 1095 1829 1190
1 0.82203 1322 1044 1460 1126
1 0.821987 1635 1107 1734 1201
1 0.81652 1462 1116 1550 1201
1 0.814804 1245 895 1321 975
1 0.813835 2228 816 2345 917
1 0.813662 1799 627 1905 716
1 0.81359 1632 1015 1731 1110
1 0.813361 2214 724 2331 825
1 0.81194 2203 633 2315 730
1 0.811602 1181 905 1248 980
1 0.811597 1463 1200 1550 1299
1 0.810907 1248 1130 1323 1208
1 0.80879 2432 873 2541 979
1 0.808531 1245 971 1322 1051
1 0.808367 1444 424 1528 493
1 0.807589 1729 999 1829 1101
1 0.807349 2418 776 2530 879
1 0.807264 1192 631 1253 702
1 0.806811 1262 307 1326 372
1 0.80597 1445 553 1533 638
1 0.803822 1442 362 1525 429
1 0.803631 1180 977 1249 1055
1 0.802758 1244 1210 1322 1286
1 0.80201 1457 782 1544 871
1 0.801623 1459 945 1545 1030
1 0.801309 1249 820 1326 899
1 0.796792 1449 632 1538 717
1 0.796204 1249 1050 1324 1129
1 0.796136 1993 673 2112 781
1 0.795228 1260 484 1326 547
1 0.795064 1719 816 1819 914
1 0.793755 1908 703 2002 798
1 0.793473 1792 546 1895 633
1 0.79023 1506 176 1573 233
1 0.78834 1114 781 1186 850
1 0.788119 944 1206 995 1277
1 0.784979 1253 610 1321 685
1 0.784265 1256 544 1323 617
1 0.781652 1115 709 1189 783
1 0.780832 1455 711 1541 790
1 0.780749 1001 411 1049 462
1 0.780035 1724 908 1825 1003
1 0.779848 1319 592 1390 669
1 0.774299 1182 832 1251 908
1 0.772984 1442 302 1518 366
1 0.772367 1260 424 1328 484
1 0.771416 1766 338 1853 409
1 0.769962 2002 767 2125 864
1 0.769882 1321 663 1392 742
1 0.769696 1193 565 1257 634
1 0.768656 1100 1208 1171 1282
1 0.767059 1713 740 1813 823
1 0.765014 1264 261 1323 322
1 0.763922 994 1130 1105 1205
1 0.761049 1980 592 2095 686
1 0.76093 1441 243 1514 306
1 0.760586 960 385 1009 439
1 0.760194 1944 1165 2030 1263
1 0.759786 2414 337 2555 418
1 0.759556 1941 1068 2025 1173
1 0.759224 1252 749 1327 825
1 0.758837 1181 1054 1252 1131
1 0.757133 1133 463 1198 521
1 0.755978 1322 524 1391 596
3 0.755141 947 1277 996 1357
1 0.754992 2387 267 2537 338
1 0.754735 996 985 1105 1068
1 0.752967 1129 520 1195 582
1 0.752627 1171 1210 1243 1283
1 0.751206 1915 793 2007 892
1 0.75086 1625 930 1727 1020
1 0.749825 1319 961 1460 1047
1 0.749338 1375 271 1445 330
1 0.747234 1738 1182 1830 1269
1 0.74674 1384 165 1444 222
1 0.746726 1442 192 1510 247
1 0.746447 2186 547 2296 640
1 0.745768 1509 230 1576 285
1 0.744596 1461 1029 1548 1119
1 0.744465 1388 579 1447 656
1 0.743061 2028 1150 2154 1250
1 0.743018 1899 619 1989 713
1 0.742923 1505 129 1571 182
1 0.742877 1135 406 1202 465
1 0.741825 1197 504 1259 569
1 0.740225 1379 327 1445 390
1 0.738796 1323 734 1395 816
1 0.736148 932 649 980 708
1 0.735997 2441 411 2584 503
1 0.73529 1969 508 2081 602
1 0.734707 2133 834 2236 942
1 0.732001 1380 215 1444 272
1 0.731413 2146 1024 2245 1147
1 0.73129 1120 645 1192 713
1 0.72806 1058 732 1117 798
1 0.725762 1638 1198 1734 1296
1 0.725631 1623 754 1718 846
1 0.724306 1059 794 1116 855
1 0.723854 1177 1132 1248 1209
1 0.719476 1108 919 1181 986
1 0.719332 2406 690 2505 783
1 0.718527 1111 845 1184 921
1 0.717059 1707 665 1806 747
1 0.717007 2442 971 2552 1081
1 0.716377 1441 141 1507 198
1 0.716201 1957 434 2064 516
1 0.715676 1937 357 2048 440
1 0.715469 1322 1208 1462 1300
1 0.715397 1105 983 1180 1060
1 0.715 1624 843 1723 933
1 0.712938 1542 926 1627 1024
1 0.709132 1444 486 1531 561
1 0.708366 1457 861 1545 954
1 0.70598 1784 471 1880 552
1 0.703625 1006 365 1051 418
1 0.70301 1679 357 1772 428
1 0.700855 1758 271 1842 343
1 0.69999 1775 402 1865 481
1 0.695048 2499 653 2656 757
1 0.694524 2366 513 2462 604
1 0.694135 1060 667 1120 733
1 0.691627 2007 847 2138 959
1 0.688897 1322 1124 1462 1207
1 0.687616 1613 672 1711 757
1 0.687111 1326 459 1391 526
1 0.687003 1103 1133 1176 1208
1 0.685804 903 990 952 1078
1 0.684703 968 338 1015 389
1 0.680957 1318 881 1459 966
1 0.680698 900 1131 950 1203
1 0.679351 1390 446 1448 515
1 0.676452 1687 429 1783 504
1 0.676352 958 436 1003 486
1 0.675948 1242 1282 1321 1361
1 0.673522 2175 470 2274 553
1 0.670486 1390 511 1447 583
1 0.667044 1926 882 2012 980
3 0.666868 996 1279 1104 1381
1 0.665212 2189 158 2346 226
1 0.663928 1369 388 1446 452
1 0.663829 2340 137 2485 200
1 0.658725 1124 578 1193 648
1 0.654793 1694 501 1792 580
1 0.65452 1751 205 1831 273
1 0.653731 1601 600 1705 677
1 0.650867 2598 238 2684 308
1 0.65055 1519 346 1582 412
1 0.647677 2118 743 2225 845
1 0.646502 1327 394 1448 457
1 0.644071 1937 972 2020 1075
1 0.643449 1105 1058 1180 1133
1 0.642946 1321 805 1399 890
1 0.640815 948 1129 998 1204
1 0.640469 921 747 970 824
1 0.637693 1514 282 1577 343
1 0.637452 925 704 973 755
1 0.637304 1595 520 1701 605
1 0.636757 1874 457 1965 551
1 0.636586 2060 419 2166 507
1 0.63624 2362 995 2447 1103
1 0.635928 2219 279 2395 366
1 0.633366 1391 799 1458 886
1 0.632856 1056 850 1114 926
1 0.632098 2213 88 2324 163
1 0.627084 1666 219 1758 288
1 0.626968 949 990 1000 1072
1 0.622798 2323 355 2424 437
1 0.622699 1700 579 1798 656
1 0.620773 1887 539 1976 627
1 0.620756 973 691 1021 748
1 0.61993 2143 937 2243 1036
1 0.619112 2093 190 2188 260
1 0.618992 937 592 982 655
1 0.615869 2361 197 2510 267
1 0.610501 1541 850 1626 952
1 0.609923 1541 765 1625 856
1 0.609245 2569 167 2684 241
1 0.609206 2462 497 2610 581
1 0.608194 1391 720 1456 807
1 0.606371 1323 289 1377 345
1 0.605249 2520 749 2676 846
1 0.605179 966 811 1013 873
1 0.601404 2391 598 2495 698
1 0.600913 2345 432 2442 517
1 0.600319 1701 593 1801 668
1 0.598548 997 1065 1108 1130
1 0.595932 1592 449 1693 523
1 0.595846 1047 609 1122 673
1 0.59335 1897 157 1996 233
1 0.592585 1539 686 1618 770
3 0.590509 2452 1174 2556 1257
1 0.590404 1009 800 1063 860
1 0.580108 950 486 991 544
1 0.578464 970 738 1014 815
1 0.577401 2106 663 2216 749
1 0.575884 960 877 1009 941
1 0.573378 1928 290 2031 364
3 0.570331 899 1280 948 1352
1 0.566951 983 567 1031 636
1 0.564347 1390 650 1450 725
1 0.562784 1009 733 1060 806
1 0.554449 1190 697 1254 767
1 0.541119 1992 131 2166 211
1 0.540218 2279 433 2442 518
1 0.538743 1838 1264 1950 1379
1 0.534303 943 533 986 596
3 0.531301 1321 1294 1459 1396
3 0.531291 1461 1298 1548 1392
3 0.531021 1206 333 1262 395
1 0.528634 2164 88 2324 161
1 0.528504 906 946 955 1002
1 0.528356 1141 351 1207 409
1 0.525902 913 877 963 945
1 0.519006 1030 488 1127 552
1 0.518875 2205 226 2363 296
1 0.518393 1038 447 1092 495
1 0.517884 918 821 968 882
1 0.517842 949 1070 1000 1130
1 0.516891 2132 319 2228 394
1 0.515397 1013 926 1110 992
1 0.511144 902 1078 951 1133
1 0.507431 1029 549 1125 611
1 0.506951 2160 385 2254 473
1 0.50524 1209 284 1265 341
1 0.504342 978 627 1027 699
1 0.502171 2365 75 2459 140
1 0.501622 2075 126 2171 197
1 0.500892 1015 327 1056 373
