1 0.854558 1876 202 1994 260
1 0.837233 1723 108 1858 167
1 0.833435 1865 149 1987 206
1 0.831299 1892 310 2005 371
1 0.831262 1704 7 1838 63
1 0.827636 1732 159 1867 219
1 0.826969 1883 256 2000 314
1 0.826698 1898 366 2014 426
1 0.824614 1088 348 1275 541
1 0.819916 998 553 1123 794
1 0.817491 1843 43 1965 102
1 0.81693 1713 56 1847 115
1 0.815078 1743 210 1879 271
1 0.812695 1981 141 2069 198
1 0.800622 1856 99 1975 153
1 0.79907 1833 0 1956 49
1 0.794698 1905 423 2015 484
1 0.791485 1753 266 1887 329
1 0.774986 1962 39 2070 94
1 0.768543 1647 450 1721 510
1 0.762848 1971 90 2071 146
1 0.754043 1990 194 2063 255
1 0.751276 1719 443 1775 505
1 0.749789 1633 337 1708 399
1 0.740247 1640 394 1713 455
1 0.727672 1710 386 1770 449
1 0.72561 1585 24 1707 81
1 0.713451 1910 482 2013 539
1 0.709025 1702 332 1764 393
1 0.707223 1585 70 1716 130
1 0.699158 1605 172 1736 235
1 0.695055 1760 322 1891 385
1 0.669572 1998 251 2068 311
1 0.664391 1603 176 1707 238
1 0.644119 1622 283 1704 344
1 0.643069 751 570 1003 850
1 0.641407 1651 508 1724 562
1 0.636775 1609 229 1687 291
1 0.633067 1950 0 2006 44
1 0.631881 2586 278 2615 341
1 0.621302 1766 378 1872 442
1 0.620656 2648 383 2686 445
1 0.619625 2021 360 2082 417
1 0.608309 1684 225 1744 284
1 0.597561 1692 276 1754 339
1 0.596715 2529 248 2560 304
2 0.592652 2562 502 2593 554
1 0.586797 1594 124 1724 183
1 0.584661 2493 213 2526 266
1 0.584644 2489 117 2520 162
1 0.583155 2019 416 2084 477
1 0.565598 2608 269 2646 336
1 0.563033 2613 328 2649 391
1 0.562058 2587 225 2618 289
1 0.549961 2517 146 2547 204
1 0.549138 1577 0 1696 33
1 0.545343 2540 292 2577 352
1 0.54321 1955 0 2070 43
1 0.536494 2590 164 2639 232
1 0.534515 2555 75 2588 130
1 0.532958 2000 0 2071 43
1 0.531549 2523 450 2549 497
1 0.527346 2558 291 2586 350
2 0.519001 2596 501 2620 556
1 0.518363 2516 50 2546 92
1 0.517339 2622 215 2660 278
1 0.51224 2508 306 2535 358
1 0.511148 1788 374 1900 438
1 0.506282 2508 350 2533 402
1 0.505678 2527 199 2561 252
