1 0.855153 1950 299 2067 360
1 0.854001 1942 242 2060 303
1 0.848865 1963 413 2076 475
1 0.847598 1897 31 2013 90
1 0.840874 1958 356 2074 417
1 0.83967 1145 328 1330 539
1 0.831439 1919 137 2036 194
1 0.82759 1906 85 2023 143
1 0.809823 1815 312 1890 375
1 0.807538 1931 191 2049 248
1 0.80657 2042 184 2108 243
1 0.806491 2032 132 2096 187
1 0.789886 1879 253 1943 312
1 0.789409 1062 541 1182 760
1 0.786134 1820 369 1896 431
1 0.781644 1894 365 1959 426
1 0.781335 1797 205 1873 262
1 0.776362 2007 26 2078 83
1 0.774042 2018 80 2085 136
1 0.771933 1807 259 1881 317
1 0.770153 1889 306 1952 368
1 0.768037 1897 422 1964 483
1 0.766625 2555 390 2595 439
1 0.764143 1719 109 1784 170
1 0.763341 2058 239 2114 296
1 0.762482 1727 162 1791 220
1 0.760457 1737 213 1802 272
1 0.752745 1830 1 1891 49
1 0.748234 1870 200 1934 258
1 0.746396 1749 266 1810 327
1 0.741493 1678 273 1753 335
1 0.737733 2645 377 2684 433
1 0.728952 1710 57 1774 116
1 0.726432 1762 2 1833 54
1 0.723189 1888 0 2004 35
1 0.722576 1838 43 1902 102
1 0.7169 2653 261 2688 327
1 0.713935 1788 153 1864 210
1 0.709776 1756 322 1816 383
1 0.707276 1689 329 1759 391
1 0.706454 1861 149 1924 205
1 0.698001 1700 10 1767 64
1 0.691459 1778 100 1851 159
1 0.690103 1628 24 1707 75
1 0.687467 2080 80 2125 134
1 0.68545 1770 48 1841 106
1 0.685021 1968 470 2077 531
1 0.672684 1825 426 1900 487
1 0.668726 2651 205 2688 267
1 0.664037 2655 320 2688 380
1 0.660967 1852 97 1912 155
1 0.653601 2552 342 2589 392
1 0.650577 1699 385 1768 445
1 0.644851 1763 376 1822 440
1 0.629816 2582 284 2613 339
1 0.622712 1661 170 1732 227
1 0.614298 1899 478 1966 535
1 0.607662 1667 220 1742 279
1 0.598289 2620 383 2649 437
1 0.59754 2591 387 2620 438
1 0.596586 2644 325 2683 384
1 0.59302 2076 407 2138 467
1 0.576823 2072 26 2119 83
1 0.562513 1649 69 1716 125
1 0.55708 2002 0 2072 31
1 0.553621 254 549 1070 1012
1 0.551124 2587 338 2616 391
1 0.538837 1657 120 1725 176
1 0.538102 2562 439 2599 490
1 0.535276 2577 237 2609 295
1 0.52805 2610 222 2653 285
1 0.52789 2138 405 2195 463
1 0.526822 1777 99 1912 160
1 0.515939 2553 246 2581 300
1 0.515513 824 38 997 245
1 0.514031 2552 295 2585 343
