1 0.853786 1145 335 1348 536
1 0.851912 1963 413 2080 475
1 0.837899 1949 300 2069 362
1 0.833856 1939 243 2061 304
1 0.827004 1958 357 2076 418
1 0.823677 1897 35 2019 91
1 0.822337 1929 192 2051 249
1 0.816532 1919 140 2042 196
1 0.810693 1905 88 2031 144
1 0.802629 2645 382 2687 439
1 0.796995 2014 28 2118 82
1 0.796326 2025 81 2121 136
1 0.790046 2037 133 2117 189
1 0.781648 1054 544 1185 776
1 0.777511 2554 390 2593 441
1 0.767814 2055 241 2118 298
1 0.764875 1971 470 2084 537
1 0.762484 2645 325 2688 385
1 0.757954 2045 186 2115 244
1 0.754387 2550 342 2587 391
1 0.754325 2592 385 2648 439
1 0.745396 2651 268 2688 331
1 0.728582 1900 423 1964 481
1 0.728456 1895 366 1960 427
1 0.728188 1701 386 1771 447
1 0.722721 1720 110 1782 172
1 0.709517 1770 2 1891 53
1 0.705056 766 293 1060 566
1 0.704712 2652 207 2688 269
1 0.703492 1890 0 2011 38
1 0.696243 1888 308 1952 371
1 0.684757 1899 477 1970 535
1 0.684479 1792 205 1874 263
1 0.681194 795 552 1065 811
1 0.675686 1710 443 1777 505
1 0.67351 2528 41 2604 86
1 0.664087 1770 49 1849 108
1 0.664084 1777 101 1895 162
1 0.661925 1839 47 1902 104
1 0.655549 2577 286 2638 340
1 0.648756 2584 333 2643 387
1 0.639372 1784 154 1872 212
1 0.636575 1709 57 1774 115
1 0.630225 1632 28 1707 76
1 0.628486 2536 82 2610 134
1 0.622032 1815 370 1901 432
1 0.619681 1825 99 1910 158
1 0.61924 2010 0 2112 32
1 0.616822 821 44 1008 180
1 0.606212 237 593 823 1082
1 0.604318 1808 310 1891 375
1 0.60135 1696 332 1764 390
1 0.597058 1171 535 1359 718
1 0.588935 1784 46 1903 106
1 0.582045 1690 276 1754 337
1 0.570092 1854 99 1910 159
3 0.566609 26 208 815 625
1 0.56602 1871 201 1933 259
1 0.564775 2549 128 2621 191
1 0.561714 2567 236 2635 294
1 0.559682 1646 73 1717 124
1 0.55553 1799 259 1881 319
1 0.554716 1674 224 1743 282
1 0.554704 2563 441 2600 494
1 0.552521 1880 255 1942 313
1 0.538409 2650 436 2688 489
1 0.532985 2543 295 2583 345
1 0.532454 1664 172 1736 230
1 0.527826 2560 179 2628 242
1 0.527696 1728 164 1789 223
1 0.518422 1739 214 1796 274
1 0.515562 2633 32 2687 85
1 0.50938 1849 152 1922 209
1 0.507004 2481 38 2528 87
1 0.502794 1809 427 1905 487
