1 0.858696 1927 145 2034 202
1 0.858311 1844 48 1911 104
1 0.842915 1863 151 1932 207
1 0.841233 1835 0 1900 52
1 0.83762 1905 43 2018 98
1 0.833086 1933 199 2040 256
1 0.830428 1873 202 1940 262
1 0.829221 1896 0 2007 46
1 0.824636 1943 253 2044 313
1 0.822769 1918 93 2027 148
1 0.820638 1854 100 1921 156
1 0.813555 2012 41 2071 95
1 0.811008 1722 105 1858 165
1 0.793287 1885 258 1947 316
1 0.79056 1706 5 1841 60
1 0.76834 1892 313 1956 373
1 0.764761 1658 74 1719 128
1 0.760314 1953 309 2044 370
1 0.759325 1716 55 1847 112
1 0.758861 1579 29 1657 85
1 0.755643 2002 0 2067 44
1 0.735339 1651 24 1712 81
1 0.727364 1899 369 1965 430
1 0.719634 1668 121 1728 178
2 0.702443 1091 350 1270 549
1 0.688658 2588 218 2655 286
1 0.678537 1908 428 1977 489
1 0.676677 1590 81 1665 136
1 0.67633 1643 342 1710 401
1 0.663772 1677 169 1734 232
1 0.661865 1652 397 1717 457
1 0.659911 2020 92 2068 146
1 0.659802 1832 488 1915 552
1 0.651449 2615 388 2679 448
1 0.64914 2613 328 2677 394
1 0.648723 1731 159 1869 217
1 0.643981 2597 273 2663 340
1 0.631974 2585 166 2649 230
2 0.608474 44 64 133 130
2 0.600035 54 0 145 70
1 0.596522 2655 205 2687 271
1 0.573558 2553 397 2605 452
1 0.570226 748 565 1014 895
1 0.569558 2552 346 2594 402
1 0.563579 1656 453 1725 511
1 0.563256 2546 183 2588 251
1 0.560647 1914 485 1985 540
1 0.545403 1909 427 2010 488
1 0.542584 2541 293 2589 355
2 0.542402 2617 503 2676 574
1 0.542104 1960 367 2028 428
1 0.537377 2553 240 2594 303
1 0.532324 1618 233 1692 295
1 0.506303 2657 144 2688 213
1 0.500189 1738 208 1878 270
