1 0.848172 1844 49 1911 104
1 0.844923 1676 172 1736 232
1 0.831499 1863 152 1932 210
1 0.830468 1873 204 1941 263
1 0.829055 996 557 1125 796
1 0.82848 1854 100 1920 156
1 0.827251 1088 348 1270 544
1 0.822302 1835 2 1900 52
1 0.811555 1704 7 1840 61
1 0.808698 1904 369 2017 430
1 0.792276 1714 57 1849 112
1 0.790312 1886 259 1952 318
1 0.788151 1624 341 1710 403
1 0.786662 1905 42 1966 100
1 0.781232 1961 40 2023 95
1 0.780934 1910 427 2014 488
1 0.771846 1939 311 2016 371
1 0.769852 1916 96 1974 150
2 0.768184 1271 369 1458 531
1 0.767913 1669 124 1729 179
1 0.766407 1685 224 1743 284
1 0.763619 1658 72 1719 129
1 0.761007 1720 106 1858 166
1 0.760597 2018 42 2071 96
1 0.758647 1897 0 1954 46
1 0.756206 1839 375 1907 436
1 0.73616 1593 81 1665 136
1 0.733267 1766 379 1841 442
1 0.729678 1896 313 1999 373
1 0.725823 1585 32 1653 86
1 0.723395 1967 92 2033 145
1 0.723246 1732 164 1848 221
1 0.722278 1944 255 2021 315
1 0.717442 1927 146 1983 204
1 0.715507 748 569 1003 834
1 0.713384 1952 0 2010 43
1 0.702184 1933 199 1993 258
1 0.69991 1695 275 1752 340
1 0.675232 1832 321 1898 380
1 0.662087 2006 0 2069 45
1 0.659427 1617 286 1700 346
1 0.657332 1847 432 1911 492
1 0.653475 1933 199 2034 259
1 0.648922 1759 325 1834 386
1 0.638254 1750 267 1834 330
1 0.627107 1611 231 1689 293
1 0.624236 1988 198 2049 256
1 0.618021 2025 93 2069 145
1 0.617572 1927 146 2010 203
1 0.617546 1649 25 1710 81
1 0.601134 1775 159 1870 217
1 0.597666 1915 484 2010 543
1 0.596006 2590 167 2644 233
1 0.595208 1739 212 1848 273
1 0.594398 1604 181 1682 239
1 0.592179 2025 360 2084 419
1 0.589119 1707 333 1766 394
1 0.58605 1749 267 1872 331
1 0.585772 2025 416 2087 479
1 0.585473 2529 248 2559 306
1 0.565514 2512 145 2546 205
1 0.562025 1819 209 1880 269
1 0.555602 1568 0 1650 37
1 0.554631 1827 265 1890 326
1 0.547475 1952 144 2041 200
1 0.536882 274 607 768 1049
1 0.535988 2082 360 2134 419
1 0.525088 1721 444 1778 506
1 0.523863 2509 307 2536 359
1 0.520158 2517 353 2546 403
1 0.51567 1783 209 1879 269
1 0.512574 1596 132 1673 185
1 0.507064 2646 385 2684 446
1 0.506567 1978 143 2041 199
2 0.503147 2592 501 2618 556
