1 0.855984 1894 313 2014 374
1 0.841521 1901 370 2021 431
1 0.840368 1743 214 1878 272
1 0.831167 1875 204 1994 262
1 0.830919 1705 11 1838 65
1 0.826681 1732 163 1866 221
1 0.822213 1094 351 1270 546
1 0.814599 1722 110 1858 171
1 0.800782 1752 268 1887 330
1 0.798937 1714 62 1847 116
1 0.795349 1886 258 2001 316
1 0.787592 1865 153 1989 209
1 0.781346 1908 427 2021 488
1 0.773284 1769 379 1901 441
1 0.772582 1761 325 1895 386
1 0.770151 1855 102 1979 157
1 0.750456 1633 342 1709 402
1 0.745391 2011 45 2070 99
1 0.741678 1595 76 1719 135
1 0.740097 1970 96 2027 152
1 0.738568 1716 446 1777 509
1 0.735756 1711 389 1771 453
1 0.73448 1777 436 1907 497
1 0.731497 1637 398 1714 460
1 0.728374 1980 148 2040 203
1 0.722845 1833 2 1896 55
1 0.709275 1843 51 1911 106
1 0.707715 2004 0 2073 49
1 0.702762 1604 127 1727 185
1 0.700684 1582 30 1710 85
1 0.695651 1686 227 1744 286
1 0.685246 1626 288 1698 348
1 0.681613 1892 0 2007 51
1 0.676864 2561 239 2599 298
1 0.66095 749 562 1011 838
1 0.660689 2587 171 2623 233
1 0.65514 2023 418 2085 482
1 0.65051 2621 218 2659 280
1 0.647576 2615 272 2660 337
1 0.644488 1964 46 2018 102
1 0.642433 2628 389 2658 448
1 0.638435 1617 231 1691 294
1 0.63766 1673 177 1736 235
1 0.637011 1896 48 1985 106
1 0.632853 1911 484 2017 540
1 0.632483 2022 96 2067 150
1 0.62601 1647 456 1717 517
1 0.617843 2553 346 2579 402
1 0.617417 2528 253 2563 305
1 0.615318 2495 311 2528 359
1 0.614952 1705 334 1767 396
1 0.614951 1634 28 1708 81
1 0.597663 1693 280 1752 342
1 0.583547 2526 357 2555 405
1 0.581565 2588 339 2619 400
1 0.575475 1611 178 1714 240
1 0.57321 2024 362 2085 421
1 0.568843 2663 264 2688 330
1 0.567956 2619 329 2652 393
2 0.567013 1266 373 1446 537
1 0.566831 2579 284 2615 346
1 0.561599 1992 201 2050 258
1 0.559445 2620 159 2654 224
1 0.552746 2631 446 2670 500
1 0.549428 2632 271 2665 333
1 0.548854 2648 384 2678 447
2 0.545239 2520 505 2544 557
1 0.545066 2527 305 2556 358
1 0.544502 1849 491 1914 548
1 0.540097 2493 115 2520 164
1 0.538697 2626 157 2659 223
1 0.536513 1952 0 2005 50
1 0.53178 2572 343 2601 400
1 0.530964 2655 205 2685 268
1 0.524196 2595 225 2645 290
1 0.521568 2660 143 2688 207
1 0.51904 2520 99 2548 153
1 0.518031 2522 151 2549 205
1 0.516971 1617 232 1721 295
1 0.515857 2494 217 2526 269
1 0.515848 2551 293 2580 352
1 0.513667 2630 390 2666 450
1 0.507068 2574 451 2601 501
1 0.506759 2508 453 2532 499
1 0.50302 2521 46 2555 97
2 0.500783 2612 502 2660 559
