1 0.862261 1744 214 1877 273
1 0.858346 1894 313 2010 374
1 0.847028 1733 163 1866 222
1 0.842122 1723 110 1858 170
1 0.839746 1751 268 1886 330
1 0.837729 1875 205 1993 263
1 0.837209 1865 153 1988 210
1 0.834538 1094 349 1277 546
1 0.832925 1704 11 1838 66
1 0.83273 1857 102 1978 157
1 0.832637 1902 370 2018 430
1 0.822391 1887 259 2002 317
1 0.812377 1715 62 1847 117
1 0.81047 1767 377 1902 440
1 0.806624 1844 50 1966 105
1 0.800138 1760 324 1894 385
1 0.79772 1595 76 1719 136
1 0.796554 1833 2 1957 55
1 0.791058 1611 175 1736 239
1 0.78756 1909 425 2019 487
1 0.772763 1604 127 1726 185
1 0.765773 1971 97 2028 152
1 0.760998 2011 45 2068 100
1 0.750149 1615 228 1746 292
1 0.749922 1981 147 2048 201
1 0.747331 1582 29 1709 85
1 0.745561 2020 418 2085 482
1 0.730312 1960 47 2017 101
1 0.726479 1714 448 1776 512
1 0.717233 1950 0 2006 50
1 0.713066 1777 436 1911 499
1 0.71155 2002 0 2067 48
1 0.708053 2020 362 2082 420
1 0.703848 1624 285 1753 348
1 0.695652 1992 199 2057 257
1 0.683195 2627 387 2663 447
1 0.6822 2014 477 2088 539
1 0.680394 754 560 1010 833
1 0.673011 2583 170 2625 235
1 0.672009 1911 482 2016 544
3 0.669395 1247 228 1353 369
1 0.657124 1001 556 1132 789
1 0.654631 2022 97 2068 150
1 0.650215 2560 240 2592 299
1 0.625942 1650 455 1717 517
1 0.618546 1849 491 1914 550
1 0.614807 2618 272 2660 336
1 0.609303 1633 339 1762 403
1 0.605929 2621 329 2657 393
1 0.603738 2084 415 2139 476
1 0.594952 2593 339 2624 400
1 0.594435 1571 0 1701 34
1 0.59247 2631 444 2669 500
1 0.585266 2497 308 2529 363
1 0.580272 2013 312 2077 366
1 0.57636 2529 253 2562 306
1 0.574335 1714 391 1770 456
1 0.566377 803 312 1003 561
1 0.565643 1667 392 1771 456
1 0.561041 2509 452 2533 497
1 0.554398 2554 346 2581 403
1 0.551856 2667 443 2688 498
1 0.536899 2562 397 2590 447
1 0.536666 2547 130 2580 194
1 0.531749 2575 451 2601 501
1 0.529029 2620 157 2654 222
1 0.528774 2624 219 2658 280
1 0.528016 2570 343 2599 401
1 0.525604 2664 264 2688 330
1 0.524771 2575 119 2625 179
1 0.522201 2655 205 2685 268
1 0.519324 1994 148 2060 200
1 0.518703 2526 305 2555 359
1 0.518224 2592 226 2637 290
1 0.518 2587 229 2618 292
1 0.516243 2502 360 2529 408
1 0.510081 2663 142 2688 205
1 0.508472 2654 383 2681 447
1 0.505219 2598 395 2627 451
1 0.504671 2635 271 2667 333
2 0.502211 1267 373 1450 539
1 0.501922 2524 148 2553 204
