1 0.811782 1909 424 2022 488
2 0.811289 1101 345 1273 545
1 0.806307 1902 365 2028 428
1 0.789789 1844 47 1913 102
1 0.783084 1914 484 2020 544
1 0.774513 1576 29 1656 83
1 0.755145 1912 42 2015 97
1 0.75265 2010 40 2071 93
1 0.751471 1856 99 1922 154
3 0.749473 256 235 740 622
1 0.735789 1835 0 1900 51
1 0.728556 1583 80 1666 136
1 0.727743 2000 0 2068 43
1 0.723879 1929 142 2033 201
1 0.719797 1921 92 2023 145
1 0.718372 1895 0 2005 46
1 0.717303 1702 3 1842 57
3 0.703999 12 236 734 619
1 0.691857 1650 27 1710 82
1 0.675216 1899 308 2036 370
1 0.672765 1723 105 1859 166
1 0.658216 2542 344 2592 402
1 0.655825 1864 150 1934 208
1 0.650777 1836 487 1914 551
1 0.649116 1658 79 1720 129
1 0.647668 2544 398 2597 453
1 0.642848 1713 53 1850 111
1 0.642657 2017 90 2067 144
1 0.639312 1614 234 1694 292
1 0.626368 1649 397 1717 457
2 0.616495 2546 501 2598 558
1 0.614548 700 310 1005 569
1 0.610825 2554 449 2597 502
1 0.60618 741 562 1010 858
3 0.602813 1471 238 1552 332
1 0.602299 1668 124 1730 177
2 0.596077 1270 385 1427 529
1 0.593475 2649 204 2688 270
1 0.593133 1605 181 1685 239
1 0.57523 2538 293 2589 356
3 0.562544 1516 515 1585 580
1 0.561287 1934 251 2042 311
1 0.559786 1640 342 1709 400
3 0.556109 1505 413 1581 522
1 0.54122 2588 219 2647 288
1 0.533054 2028 143 2065 197
1 0.529462 1571 0 1652 34
1 0.525345 2582 167 2644 231
1 0.519906 2590 332 2630 398
1 0.519269 2627 325 2681 393
1 0.511802 2626 387 2683 447
