1 0.832139 1796 197 1930 259
1 0.82761 1147 335 1331 529
1 0.824115 1784 142 1922 205
1 0.821694 1765 42 1901 99
1 0.821261 1634 4 1759 64
1 0.81766 1774 93 1911 152
1 0.816854 1057 540 1182 771
1 0.802527 1997 240 2060 299
1 0.802088 1808 250 1940 312
1 0.801176 1661 110 1778 169
1 0.799689 1670 163 1787 223
1 0.798187 2005 295 2070 355
1 0.794722 1754 0 1892 48
1 0.78732 1928 189 1987 248
1 0.780543 1649 60 1767 115
1 0.778445 1986 185 2050 245
1 0.777708 1893 34 1956 90
1 0.772651 1947 298 2005 358
1 0.770074 1915 136 1978 193
1 0.761315 1938 243 1999 303
1 0.751598 1957 355 2011 413
1 0.737868 2064 25 2121 79
1 0.734683 1818 307 1947 372
1 0.730305 2077 77 2127 130
1 0.72519 1974 131 2036 190
1 0.724893 1904 85 1968 143
1 0.716924 1961 81 2027 138
1 0.705471 1887 0 1945 39
1 0.700048 1705 382 1768 445
1 0.696321 1681 217 1790 279
1 0.694092 1948 29 2013 85
1 0.689248 1764 374 1825 437
1 0.687228 1774 432 1828 493
1 0.681404 1697 327 1762 387
1 0.676566 2033 129 2091 185
1 0.67631 1688 271 1758 333
1 0.668642 2008 22 2069 81
1 0.655584 2120 344 2180 403
1 0.652008 2010 351 2078 412
1 0.632357 1825 364 1910 428
1 0.627311 2047 183 2102 240
1 0.623624 2019 77 2080 135
1 0.604759 1757 320 1821 381
1 0.593349 2088 128 2131 182
1 0.586454 1994 408 2081 471
1 0.568902 2133 402 2187 457
1 0.561934 1634 0 1756 45
1 0.560471 1898 359 1959 420
1 0.554395 1711 439 1776 500
1 0.541165 1857 359 1960 421
1 0.535943 853 286 1050 553
1 0.52922 1942 0 2007 35
1 0.526537 1893 304 1950 365
1 0.525686 1738 265 1814 327
1 0.522783 1966 411 2038 473
