1 0.848368 1929 190 1991 250
1 0.845533 1980 132 2091 189
1 0.837082 1987 186 2099 243
1 0.824066 1892 36 1963 90
1 0.823903 1917 139 1983 194
1 0.809847 1966 80 2080 137
1 0.799753 1948 300 2012 360
1 0.798388 1693 331 1763 389
1 0.797207 2010 296 2102 357
1 0.793818 1998 240 2102 299
1 0.790872 1958 28 2070 84
1 0.786217 1903 85 1973 145
3 0.776351 321 254 791 621
1 0.76821 789 551 1071 846
3 0.761949 1550 406 1632 505
1 0.758831 1702 387 1769 445
1 0.751664 1771 43 1899 103
1 0.750266 1887 0 1954 39
1 0.734722 2067 22 2131 81
1 0.730567 2077 78 2131 132
1 0.727266 1951 0 2060 33
1 0.724725 2018 353 2094 413
1 0.71957 1954 357 2020 417
1 0.713098 1764 0 1891 48
1 0.70752 2646 211 2688 271
3 0.707472 755 294 1060 569
1 0.703059 1959 414 2025 473
1 0.687107 1940 245 2003 305
1 0.682317 2025 410 2085 470
1 0.652912 2087 127 2134 186
1 0.650109 0 58 87 117
1 0.630167 2650 262 2688 327
1 0.612515 2607 221 2648 285
1 0.610289 1688 272 1756 335
2 0.59613 1330 358 1523 519
1 0.579709 1712 56 1774 114
1 0.574001 1721 108 1780 168
1 0.567211 2652 316 2688 381
1 0.56425 2642 156 2688 217
1 0.563651 0 0 95 61
1 0.538615 2578 280 2616 341
1 0.534648 2084 407 2139 467
3 0.532568 293 601 831 1005
2 0.529948 1168 133 1311 335
1 0.528545 1666 165 1737 225
1 0.506253 1624 9 1731 68
1 0.500092 1709 442 1773 502
