1 0.846683 1894 313 2014 373
1 0.833161 1874 205 1992 262
1 0.823673 1091 349 1277 547
1 0.821029 1707 12 1838 67
1 0.819785 1902 369 2021 431
1 0.804851 1856 102 1978 157
1 0.797566 1864 153 1987 210
1 0.791812 1887 259 2003 318
1 0.788705 746 565 1009 824
1 0.787129 2012 45 2070 99
1 0.766934 1715 62 1848 117
1 0.764793 1909 426 2019 489
1 0.763492 2021 418 2085 483
1 0.761232 1721 109 1857 170
1 0.757896 1717 446 1777 508
1 0.75617 1731 162 1865 221
1 0.75604 1969 97 2027 152
1 0.742598 1657 73 1720 133
1 0.740484 1979 148 2042 203
1 0.736747 1666 125 1728 182
1 0.732233 1634 342 1708 403
1 0.729918 1712 389 1772 452
1 0.728142 2004 0 2068 48
1 0.72252 1684 226 1745 286
1 0.722443 2024 362 2083 420
1 0.714376 1674 174 1735 234
1 0.711104 1648 27 1710 79
1 0.710917 1761 213 1877 271
1 0.709219 1579 33 1654 88
1 0.703965 2584 170 2620 235
1 0.703371 1843 51 1944 107
1 0.696381 1804 214 1877 271
1 0.692269 1991 200 2053 257
1 0.687867 1642 397 1714 460
1 0.687604 1731 166 1817 224
1 0.679283 1833 1 1901 55
1 0.679061 2023 96 2069 151
1 0.675299 2017 478 2088 539
1 0.671928 1962 46 2019 102
1 0.657459 1692 278 1753 341
1 0.655333 2627 388 2658 447
1 0.649155 1769 379 1866 442
1 0.645712 1833 324 1894 381
1 0.636853 2085 416 2139 477
1 0.63303 2527 252 2563 306
1 0.629341 2620 219 2657 281
1 0.628611 2494 309 2528 356
1 0.625983 1650 456 1718 517
1 0.624482 2618 272 2659 337
1 0.622202 2561 238 2594 299
1 0.617948 1828 267 1887 328
1 0.617764 1608 233 1688 295
1 0.601255 1704 333 1767 395
1 0.595062 1891 0 2009 52
1 0.594355 1751 268 1861 332
1 0.592577 2594 338 2625 400
2 0.591463 1264 372 1442 540
1 0.589341 1845 377 1903 439
1 0.589102 2646 383 2680 447
1 0.58844 1851 491 1914 548
1 0.587986 1762 326 1870 387
1 0.587803 1589 83 1667 140
1 0.586604 1741 216 1839 274
1 0.58007 2527 303 2558 355
1 0.579582 1571 0 1649 37
1 0.578725 1625 290 1698 349
1 0.577724 2616 157 2652 225
1 0.577181 2664 265 2688 331
1 0.574469 1855 48 1979 105
1 0.570116 2592 226 2631 291
1 0.563968 1605 180 1679 240
1 0.562597 2546 130 2580 196
1 0.559736 2630 445 2669 502
1 0.555558 2563 397 2594 449
1 0.554719 2504 359 2532 408
1 0.549885 2555 346 2582 403
1 0.544371 1912 484 2017 544
1 0.541012 2621 329 2654 393
1 0.53709 2492 217 2526 270
1 0.535935 2624 156 2659 223
1 0.535445 1656 513 1722 569
1 0.530984 2570 342 2599 400
1 0.529076 2499 360 2526 404
1 0.528255 2615 94 2651 165
1 0.528166 2599 394 2628 450
1 0.526909 2508 453 2532 501
1 0.525847 2635 271 2667 333
1 0.522468 1951 1 2006 50
1 0.522044 2575 120 2614 180
1 0.519526 2589 227 2619 292
1 0.515711 2523 151 2551 206
1 0.510785 2018 311 2078 366
1 0.510632 2526 358 2553 405
1 0.502194 1765 378 1903 442
1 0.500505 1642 0 1704 33
