1 0.866373 1087 339 1279 547
1 0.847658 1864 152 1986 210
1 0.847615 1893 313 2005 373
1 0.842248 1874 204 1991 262
1 0.840975 1856 101 1978 157
1 0.840946 1900 369 2017 431
1 0.840116 1703 6 1838 65
1 0.834601 1886 258 1997 316
1 0.831925 1722 111 1858 171
1 0.829019 1714 62 1847 118
1 0.818044 1731 162 1866 221
1 0.814135 1843 49 1967 104
1 0.809667 1590 73 1718 133
1 0.804446 1609 175 1736 237
1 0.800928 1833 1 1958 53
1 0.788936 1907 426 2018 489
1 0.779128 1599 126 1725 183
1 0.778734 1841 376 1902 439
1 0.778039 1831 320 1894 381
1 0.770905 1615 227 1745 290
1 0.769987 1982 146 2057 201
1 0.766525 1989 200 2059 258
1 0.763681 1769 380 1843 442
1 0.75147 1827 266 1887 325
1 0.7496 1758 325 1833 387
1 0.747309 1578 27 1708 81
1 0.743041 1801 214 1878 272
1 0.739581 1973 94 2058 151
1 0.731377 1749 268 1827 332
1 0.722287 1625 284 1753 347
1 0.711921 1634 339 1764 402
1 0.71049 1963 43 2055 98
1 0.708694 1639 392 1771 455
1 0.7045 1850 434 1909 494
1 0.704283 1746 213 1878 272
1 0.702599 786 45 943 308
1 0.697777 2655 206 2688 271
1 0.692278 1644 453 1778 519
1 0.679356 1994 257 2065 314
3 0.671156 1453 529 1531 634
1 0.667183 1953 0 2021 48
1 0.663326 2022 417 2083 481
1 0.663057 1073 147 1254 358
1 0.661253 998 560 1124 786
1 0.647151 2020 363 2079 421
1 0.638207 2082 415 2138 476
1 0.634732 1717 447 1778 515
1 0.632389 1954 0 2048 47
1 0.625362 2078 360 2133 419
1 0.624182 1850 491 1912 546
1 0.618113 1911 483 2016 541
1 0.615769 1646 454 1737 520
3 0.602673 1533 525 1592 604
1 0.587771 1572 0 1701 35
1 0.582756 2663 267 2688 331
1 0.573912 2004 313 2072 367
1 0.571505 1777 438 1850 498
1 0.563037 2616 273 2655 339
1 0.559265 2586 168 2638 235
3 0.558807 2621 505 2672 574
1 0.554687 2569 450 2598 503
1 0.554035 2618 219 2656 284
1 0.552517 2570 344 2600 403
1 0.549387 801 310 995 569
1 0.54194 2628 387 2660 447
3 0.540966 1353 273 1439 401
1 0.537825 2661 144 2687 211
1 0.522562 1699 390 1770 454
1 0.514127 1740 215 1848 274
1 0.511517 2639 270 2670 334
1 0.510305 2597 448 2627 499
1 0.510026 2656 382 2685 444
