1 0.854386 1938 244 2062 303
1 0.851788 1964 411 2083 473
1 0.848529 1948 299 2071 361
1 0.833199 1928 192 2052 249
1 0.832057 1896 37 2019 92
1 0.831018 1958 356 2078 417
1 0.82822 1918 139 2040 196
1 0.811272 1057 541 1182 767
1 0.810982 1906 89 2029 143
1 0.807927 1973 468 2086 536
1 0.789374 1145 331 1356 540
1 0.788541 2074 80 2129 136
1 0.784937 1887 0 2009 39
1 0.775042 2061 30 2122 84
1 0.772516 2011 29 2068 85
1 0.76116 2023 82 2079 138
1 0.759349 2033 133 2090 190
1 0.750914 1672 172 1739 229
1 0.744281 2056 241 2113 298
1 0.731378 2045 187 2105 246
1 0.712476 1901 423 1965 482
1 0.709516 1700 385 1777 447
1 0.704744 1895 366 1960 428
1 0.696833 1662 121 1730 177
1 0.689961 1681 224 1745 282
1 0.687506 1889 308 1952 371
1 0.686951 1710 442 1790 505
1 0.686309 1635 26 1709 76
1 0.684069 1814 370 1901 434
1 0.680304 1778 102 1883 161
1 0.67212 2005 0 2059 35
1 0.66857 1842 45 1901 104
1 0.663787 1722 110 1783 172
1 0.6561 1648 70 1720 126
1 0.654539 1830 1 1890 50
1 0.642738 1771 50 1844 108
1 0.639069 2083 133 2134 191
1 0.637778 1810 311 1892 376
1 0.631597 1686 275 1753 337
1 0.631175 2055 0 2118 34
1 0.618754 1901 478 1974 539
1 0.611689 1792 205 1873 265
1 0.608236 1821 99 1910 158
1 0.606181 1783 155 1879 212
1 0.602772 1692 330 1770 391
1 0.596004 1760 3 1843 53
1 0.569547 1804 259 1883 321
1 0.568615 1852 99 1910 158
1 0.566237 2650 271 2688 330
1 0.565695 1881 256 1942 313
1 0.552739 1799 427 1905 488
1 0.544147 1713 56 1776 114
1 0.536578 1871 201 1933 260
1 0.532703 1514 408 1571 520
1 0.527039 2655 324 2688 384
1 0.52004 1800 259 1925 319
1 0.512479 2646 381 2687 439
1 0.510515 2547 35 2603 79
1 0.506488 1630 0 1701 29
1 0.501814 1741 213 1798 274
