1 0.85253 1938 244 2063 303
1 0.851876 1948 299 2070 361
1 0.843314 1962 413 2079 475
1 0.839647 1957 356 2076 418
1 0.834211 1928 192 2052 251
1 0.833351 1896 36 2018 91
1 0.824532 1918 139 2039 197
1 0.822919 1147 333 1358 535
1 0.814181 1905 88 2029 144
1 0.813015 1052 542 1181 773
1 0.794947 1900 422 1963 481
1 0.778479 1895 366 1959 426
1 0.77635 1697 387 1769 448
1 0.767903 1794 206 1874 264
1 0.762248 1879 254 1940 312
1 0.761048 1889 307 1951 370
1 0.75198 2056 241 2117 299
1 0.751972 1812 313 1891 376
1 0.746778 1680 274 1754 336
1 0.742109 1805 259 1882 318
1 0.740877 1888 0 2011 39
1 0.737414 2645 378 2687 437
1 0.735877 2653 322 2688 383
1 0.733897 2652 267 2688 327
1 0.731437 1688 331 1763 392
1 0.72164 1871 201 1932 259
1 0.720773 1703 443 1776 506
1 0.720312 1758 1 1886 54
1 0.711704 2033 134 2099 190
1 0.710874 1720 110 1783 173
1 0.698092 1816 369 1899 433
1 0.695413 2012 31 2114 85
1 0.695017 1738 213 1800 274
1 0.694109 2046 187 2114 246
1 0.683672 1785 154 1870 213
1 0.679976 2023 81 2120 138
1 0.665308 1750 266 1811 328
1 0.66184 1729 163 1790 223
1 0.64966 1840 46 1900 104
1 0.646296 1768 48 1849 108
1 0.639017 1836 98 1909 157
1 0.635726 1709 56 1772 116
1 0.620132 254 605 816 1048
1 0.617345 1674 222 1742 280
1 0.616698 2612 385 2648 440
1 0.614738 1863 151 1921 209
1 0.605817 1777 101 1868 162
1 0.601167 1701 16 1767 67
1 0.597186 2007 0 2096 34
1 0.594903 1516 407 1561 518
1 0.593189 1814 44 1902 105
1 0.58664 1900 478 1967 533
1 0.581935 2556 391 2585 441
1 0.580699 1777 100 1911 162
1 0.571917 2549 300 2580 353
1 0.566319 1668 171 1735 230
1 0.560952 2655 211 2688 269
1 0.558761 2530 254 2557 303
1 0.548412 2553 350 2583 395
1 0.548056 1630 24 1708 72
1 0.54742 1810 426 1903 491
1 0.546076 2524 212 2550 254
1 0.543281 2562 39 2597 83
1 0.536294 2650 439 2687 493
1 0.536103 2580 287 2610 340
1 0.530919 2520 170 2548 215
1 0.520194 2584 341 2611 393
1 0.519513 2621 276 2652 334
1 0.512465 1402 267 1456 372
1 0.510935 2560 249 2582 301
3 0.500346 2657 493 2688 551
