1 0.896504 2124 632 2289 797
1 0.896171 1831 443 2126 633
1 0.89581 758 613 1190 805
1 0.895537 262 0 453 135
1 0.889513 2120 308 2277 473
1 0.888782 394 268 553 448
1 0.885757 81 627 229 794
1 0.88509 1413 611 1656 803
1 0.883826 1829 276 2124 464
1 0.883306 2113 164 2265 322
1 0.881201 787 79 1189 251
1 0.880647 2121 465 2284 642
1 0.87842 543 263 774 442
1 0.875555 760 426 1185 624
1 0.875222 216 442 390 633
1 0.873578 574 0 812 89
1 0.872928 1835 618 2129 794
1 0.870297 1804 0 2095 149
3 0.869264 93 790 233 1016
1 0.868852 1646 102 1828 269
1 0.860448 765 241 1186 435
2 0.860238 770 809 1176 1069
1 0.857881 0 628 87 796
1 0.85623 1638 263 1836 444
1 0.855425 1182 612 1423 800
1 0.855166 1823 125 2118 297
1 0.854645 216 280 407 456
1 0.852436 1648 434 1838 628
1 0.85196 2089 31 2249 177
1 0.850959 0 322 103 483
1 0.850485 234 122 425 295
1 0.85041 106 148 254 318
1 0.847493 221 624 392 798
1 0.846417 442 0 589 114
2 0.837542 2359 740 2421 798
1 0.837278 411 104 562 278
1 0.835887 531 433 763 619
1 0.835188 79 304 234 477
1 0.833801 379 437 538 629
1 0.832215 1642 0 1819 110
2 0.831907 2485 744 2551 803
1 0.830754 0 468 83 645
2 0.828015 2422 742 2480 801
1 0.827873 1380 0 1664 93
1 0.817852 1187 71 1655 259
1 0.816652 551 84 801 268
1 0.816527 230 793 397 1023
1 0.789342 1179 250 1652 436
1 0.779213 391 615 764 803
1 0.755477 528 617 763 802
2 0.733185 1181 800 1413 1066
2 0.728872 2551 746 2589 807
3 0.716623 0 790 98 1006
2 0.69761 2327 738 2359 790
3 0.691953 2120 803 2273 1013
1 0.686921 1188 421 1415 623
2 0.680709 2623 752 2662 821
1 0.66201 64 0 156 71
1 0.661629 1178 423 1653 626
1 0.66149 0 0 72 79
2 0.658537 2587 748 2623 810
1 0.654456 0 178 122 327
1 0.632413 39 55 141 181
3 0.628587 394 799 772 1053
3 0.614899 1979 802 2122 1026
1 0.565084 0 71 51 196
1 0.539804 1412 802 1646 1050
3 0.536266 1412 800 1648 1045
1 0.50229 129 10 276 152
