1 0.911334 898 1223 1137 1356
1 0.902726 1699 1206 1842 1343
1 0.901686 1263 866 1413 994
1 0.897833 1129 1110 1274 1242
1 0.895621 1699 1087 1839 1214
1 0.89306 1268 1112 1424 1241
1 0.891292 1263 635 1409 759
1 0.891203 1261 526 1405 644
1 0.889867 1403 634 1540 752
1 0.888322 1267 986 1420 1116
1 0.888078 1261 244 1396 332
1 0.885942 1413 982 1564 1115
1 0.88582 1562 1215 1705 1352
1 0.883205 789 759 903 880
1 0.883024 1262 749 1413 873
1 0.881944 1407 744 1546 868
1 0.881476 1258 426 1402 533
1 0.881404 1127 989 1271 1118
1 0.879921 1129 752 1266 876
1 0.879591 1130 529 1266 648
1 0.87818 1545 855 1694 988
1 0.8769 332 971 488 1080
1 0.876446 1424 1224 1568 1362
1 0.876259 1409 860 1551 992
1 0.87339 1126 870 1266 998
1 0.873254 1535 738 1683 866
1 0.871729 1421 1107 1568 1235
1 0.871658 791 651 911 769
1 0.871484 1130 637 1266 763
1 0.87046 1514 324 1642 421
1 0.869358 328 1164 483 1293
1 0.867735 1036 338 1146 437
1 0.867383 1391 241 1514 328
1 0.867354 1398 523 1536 641
1 0.867318 1532 630 1673 747
1 0.867317 1563 1099 1704 1226
1 0.867103 1832 962 1951 1085
1 0.86686 909 437 1042 547
1 0.866342 1397 417 1528 529
1 0.866144 1697 970 1837 1097
1 0.865717 1278 1230 1426 1354
1 0.864032 1258 328 1399 430
1 0.86382 1674 735 1817 862
1 0.863222 1028 533 1141 651
1 0.863185 1558 975 1701 1108
3 0.862962 1561 1341 1707 1491
1 0.862554 1786 520 1918 629
1 0.862154 1837 1079 1959 1201
1 0.861386 678 1207 796 1345
1 0.860633 1797 625 1927 737
1 0.860581 797 545 914 662
1 0.860099 1839 1194 1964 1329
3 0.859404 1702 1333 1839 1488
1 0.859383 1041 253 1149 347
1 0.859306 925 260 1050 353
1 0.85915 790 1216 907 1348
1 0.858186 1139 248 1267 340
1 0.857889 1395 324 1521 422
1 0.857666 1264 152 1396 249
1 0.854822 1034 434 1142 538
1 0.854818 482 1190 681 1326
1 0.854093 1389 148 1511 246
1 0.851548 1507 240 1637 327
1 0.851194 1133 432 1262 536
1 0.850503 826 270 935 360
1 0.850486 1660 629 1807 741
1 0.849274 1773 425 1904 526
1 0.848642 790 989 898 1106
1 0.8485 1142 158 1270 255
1 0.848259 1528 519 1667 635
1 0.847746 1635 326 1773 427
1 0.847486 1687 855 1828 979
1 0.845828 1132 1232 1274 1361
1 0.845393 2294 625 2437 722
1 0.844265 487 874 685 990
1 0.844192 814 354 923 455
1 0.84412 906 536 1036 657
1 0.844084 1807 733 1941 857
1 0.843241 1765 330 1883 429
1 0.843031 2276 530 2418 627
1 0.841718 1731 159 1852 253
1 0.840953 69 687 288 782
1 0.840107 491 768 689 882
1 0.839953 1822 851 1945 972
1 0.838504 1048 164 1155 261
1 0.838025 1637 418 1784 525
1 0.837492 331 1068 487 1181
1 0.836609 804 450 917 554
1 0.836466 913 344 1044 444
1 0.836357 1652 518 1800 634
1 0.835573 1961 1182 2060 1312
1 0.835191 788 876 898 992
1 0.82979 2054 1171 2165 1285
3 0.827003 791 1352 913 1495
1 0.826293 1746 247 1868 336
1 0.825282 2318 814 2464 920
1 0.823074 2307 719 2454 819
1 0.822503 2089 524 2282 617
1 0.821478 1946 949 2050 1073
1 0.821368 2409 309 2497 391
1 0.820913 895 1107 1134 1237
1 0.815844 199 1146 330 1255
1 0.815809 842 184 949 276
1 0.814699 1137 336 1263 438
1 0.814107 936 174 1056 269
1 0.813235 2512 713 2597 807
1 0.812018 456 401 550 492
1 0.810788 2533 892 2618 988
1 0.809304 61 774 274 873
1 0.809077 1902 519 2097 621
3 0.807761 1962 1335 2063 1447
1 0.805573 2425 625 2507 720
1 0.805363 1519 416 1655 525
1 0.8049 2232 360 2371 448
1 0.804537 2494 624 2581 719
1 0.803828 280 677 428 785
1 0.80225 2452 458 2539 547
1 0.801961 2474 540 2561 631
1 0.800719 1938 842 2039 955
1 0.800278 2328 910 2471 1017
1 0.799146 2254 443 2397 540
1 0.797751 270 776 412 879
1 0.795283 685 1096 791 1218
1 0.793509 206 1058 331 1156
1 0.793253 1953 1066 2054 1188
1 0.79214 1625 244 1758 332
1 0.791222 2046 1057 2160 1177
1 0.788949 309 501 451 590
1 0.788668 789 1102 899 1226
1 0.786803 2337 1005 2480 1114
3 0.786178 1425 1356 1572 1491
1 0.784878 2059 1278 2168 1350
1 0.782187 2524 802 2609 897
1 0.78213 2430 380 2520 466
1 0.781045 2385 456 2467 548
1 0.779296 1926 731 2033 848
1 0.776461 685 876 791 992
3 0.775129 513 1302 680 1462
1 0.774895 2211 284 2352 365
1 0.769356 2388 242 2475 316
1 0.767065 2361 373 2443 460
1 0.766838 2406 539 2487 630
1 0.765279 538 386 648 479
1 0.764882 2124 725 2304 810
1 0.764143 439 489 532 581
1 0.762949 558 308 667 391
1 0.761459 737 280 840 372
1 0.75738 296 586 437 684
1 0.756546 709 457 815 558
1 0.756468 475 325 573 402
1 0.756396 2340 1105 2486 1212
1 0.750416 2453 810 2533 910
1 0.750265 675 201 853 290
1 0.749458 2440 714 2522 816
1 0.749127 2540 983 2626 1081
1 0.746175 1503 151 1741 247
1 0.743813 580 220 687 315
1 0.741366 2341 300 2420 379
3 0.740792 679 1333 800 1483
1 0.740567 2584 717 2661 803
1 0.735235 2043 943 2155 1061
1 0.73497 324 418 467 502
1 0.733558 522 470 720 567
1 0.727915 2078 437 2259 528
1 0.722355 1025 641 1136 763
1 0.720474 299 583 496 684
1 0.719894 687 765 794 880
1 0.718061 487 980 684 1094
1 0.71716 2528 467 2607 549
1 0.71179 0 641 34 721
1 0.711438 723 366 826 461
1 0.704263 513 561 711 672
1 0.699554 631 375 736 467
1 0.699195 897 755 1025 883
1 0.69812 895 991 1131 1116
1 0.693411 372 873 491 978
3 0.688579 904 1356 1143 1512
1 0.68268 207 963 332 1068
1 0.677945 893 874 1134 1001
1 0.662445 2024 728 2130 832
1 0.659378 500 664 690 783
1 0.658961 2342 1096 2532 1209
1 0.658437 405 775 498 879
1 0.658203 2029 827 2144 952
1 0.65441 81 605 307 694
1 0.648989 685 987 791 1101
1 0.648897 2598 799 2668 890
3 0.645693 1834 1316 1967 1465
1 0.644919 2190 212 2344 292
1 0.643873 695 283 841 372
1 0.643863 2160 1154 2345 1266
1 0.640668 904 644 1031 765
1 0.638625 2103 610 2292 727
1 0.636721 1912 620 2105 735
1 0.627065 2348 1198 2541 1340
1 0.625368 650 290 781 378
1 0.617828 264 871 350 972
1 0.611378 2465 901 2541 1001
1 0.608379 0 570 53 643
1 0.603709 703 552 804 665
1 0.603388 1020 754 1134 881
1 0.602176 486 1085 682 1201
1 0.600866 2059 1343 2169 1439
1 0.596341 438 242 589 329
1 0.595578 430 575 522 679
1 0.593009 327 348 432 424
1 0.587051 1019 874 1131 998
1 0.578133 2550 543 2637 636
1 0.568766 692 657 797 774
1 0.564395 501 667 614 780
1 0.56314 655 293 750 379
1 0.559921 2482 1089 2547 1185
1 0.554332 2511 399 2591 475
1 0.553603 203 872 267 966
1 0.553281 2567 630 2653 721
1 0.551973 2543 1073 2627 1159
1 0.544499 486 1084 613 1200
1 0.54305 0 716 28 790
1 0.53817 2475 991 2545 1094
1 0.534592 17 714 78 787
1 0.529865 1963 1303 2063 1365
1 0.519327 894 876 1024 998
1 0.513088 2322 226 2396 302
1 0.511739 264 872 409 974
1 0.501684 983 1107 1133 1237
