1 0.911867 1200 411 1405 499
1 0.906926 1713 797 1913 899
1 0.903409 1716 614 1913 715
1 0.901725 1704 986 1906 1090
1 0.900955 1210 333 1410 418
1 0.9005 1715 704 1913 807
1 0.899605 1710 893 1909 996
1 0.895979 1718 529 1912 627
1 0.891609 1139 945 1362 1060
1 0.890691 2113 820 2272 914
1 0.88608 1562 975 1705 1080
1 0.884825 2114 736 2274 827
1 0.883992 2110 909 2272 999
1 0.882274 1568 879 1711 986
1 0.882078 1722 447 1911 541
1 0.881908 2266 666 2400 754
1 0.879518 1190 491 1398 586
1 0.879314 1700 1081 1905 1186
3 0.879273 1252 69 1349 131
1 0.878317 1555 1071 1700 1182
1 0.878009 1029 252 1225 333
1 0.877274 1131 1040 1353 1155
1 0.876826 1721 370 1907 458
1 0.873953 1149 852 1369 963
1 0.873817 468 473 640 549
1 0.873778 2106 996 2272 1089
1 0.872646 979 566 1172 662
1 0.872593 966 650 1170 752
1 0.871579 1911 712 2009 814
1 0.869405 1172 574 1389 678
1 0.868734 948 834 1153 941
1 0.86608 2271 746 2406 836
1 0.865098 1573 783 1715 888
1 0.864949 907 326 1027 403
1 0.864514 2106 1083 2268 1173
1 0.863982 925 1016 1128 1133
1 0.863291 993 484 1187 572
1 0.861799 1006 406 1203 491
1 0.860284 1592 284 1721 363
1 0.859826 1406 346 1500 426
1 0.85897 2110 652 2269 745
1 0.858143 1416 201 1506 273
1 0.857787 1018 329 1217 408
1 0.85776 1399 421 1496 507
1 0.857478 1370 769 1475 877
1 0.856527 1232 194 1339 264
1 0.85572 1997 558 2109 645
1 0.854407 1375 676 1483 781
1 0.852602 2002 810 2115 907
1 0.850924 756 251 923 329
1 0.849533 1908 546 2005 633
1 0.849393 488 403 656 475
1 0.848816 959 741 1163 850
1 0.848667 1488 596 1719 704
1 0.846901 2002 638 2114 732
1 0.846869 1910 807 2008 905
3 0.846761 2255 1163 2392 1278
1 0.846484 1907 465 2001 554
1 0.846207 1911 626 2008 719
1 0.846199 676 633 852 727
1 0.845508 2261 586 2394 675
1 0.845447 730 399 900 476
1 0.844877 1994 475 2104 563
1 0.844706 857 559 986 651
3 0.844656 1509 141 1597 211
1 0.844516 689 550 871 642
1 0.843868 934 927 1141 1035
1 0.843657 2005 721 2116 821
1 0.843548 1221 259 1417 341
1 0.843418 842 643 972 742
1 0.843003 1383 586 1489 689
1 0.842759 834 733 963 831
1 0.842024 1905 388 1994 474
1 0.842023 1411 271 1501 349
1 0.838766 710 473 887 556
1 0.837573 1592 356 1724 445
1 0.836725 1899 317 1986 393
1 0.834952 1168 666 1379 772
1 0.833672 918 251 1036 329
1 0.833521 458 546 620 627
1 0.833319 630 973 803 1079
1 0.832677 662 715 840 816
1 0.832414 893 398 1014 483
1 0.831294 875 477 1000 565
1 0.83022 821 820 952 924
1 0.830056 810 911 939 1011
1 0.827771 646 805 829 900
1 0.826818 1500 277 1596 356
1 0.826179 2254 511 2385 596
1 0.826056 2399 755 2459 838
1 0.824892 1464 872 1572 980
1 0.824642 2510 1061 2610 1142
3 0.824367 1126 1140 1340 1273
3 0.82337 2390 1154 2503 1260
1 0.822866 448 621 603 706
1 0.822523 1987 401 2099 483
1 0.822125 263 681 384 762
1 0.821995 804 1003 930 1104
1 0.821891 1503 207 1594 280
1 0.82081 2510 761 2569 844
1 0.82072 2455 836 2517 918
1 0.820585 746 327 915 403
1 0.819653 2449 684 2511 765
1 0.817643 2270 829 2409 917
1 0.81744 2104 568 2264 661
1 0.817192 1900 1088 1992 1181
1 0.817134 348 340 475 409
1 0.815967 2394 676 2455 761
1 0.815171 2454 758 2515 840
1 0.813456 1495 352 1594 436
1 0.812286 484 331 675 402
1 0.812228 2243 442 2374 520
1 0.811942 2232 374 2365 445
1 0.811542 2455 915 2519 997
1 0.810707 1591 434 1722 525
1 0.808812 2270 913 2410 999
1 0.807058 2514 991 2611 1068
1 0.807042 2609 986 2688 1061
3 0.806349 1981 1180 2095 1302
3 0.805487 2500 1139 2609 1248
1 0.805203 635 886 818 989
1 0.804752 1393 499 1493 594
3 0.804372 1260 9 1357 69
1 0.803159 278 611 395 686
1 0.803106 1805 237 1899 312
1 0.800501 1161 756 1374 868
1 0.80039 2404 835 2459 918
1 0.79994 1366 864 1470 972
1 0.799492 2514 839 2571 918
1 0.797963 2503 690 2563 770
1 0.797478 1788 2 1870 56
1 0.797108 2092 418 2249 496
1 0.79644 2610 917 2688 991
1 0.796281 667 329 751 402
1 0.794674 2266 1078 2398 1167
1 0.794473 1357 961 1463 1069
1 0.793618 1893 247 1978 319
1 0.793363 1793 51 1877 114
1 0.793263 476 258 683 334
3 0.791158 1595 87 1714 153
1 0.791145 2097 489 2260 578
1 0.791111 1979 330 2089 406
1 0.790901 647 401 738 476
1 0.790003 594 627 681 717
1 0.789828 373 689 585 784
1 0.787529 2386 602 2450 683
1 0.786996 1470 774 1577 884
1 0.78668 2443 610 2505 688
1 0.786419 1989 1087 2107 1180
3 0.784084 1594 148 1715 218
1 0.783728 2226 309 2346 377
3 0.783184 2096 1175 2256 1298
1 0.782758 1457 968 1565 1076
1 0.782738 363 272 484 346
3 0.782459 1712 101 1804 167
1 0.778273 2454 994 2518 1075
1 0.778237 2042 96 2114 153
3 0.77543 1511 80 1598 145
1 0.773516 1221 261 1340 339
1 0.771205 629 472 721 552
1 0.770059 2377 531 2441 608
1 0.769322 1719 294 1810 377
3 0.768295 1424 137 1511 203
1 0.767646 2072 275 2150 345
1 0.766784 2403 915 2459 998
1 0.764548 1998 902 2112 998
1 0.761438 332 403 484 475
1 0.760472 552 960 632 1060
1 0.758844 2269 998 2404 1085
1 0.75704 2433 539 2500 615
1 0.754291 363 770 570 863
3 0.753672 1590 515 1720 614
1 0.750969 611 547 700 634
1 0.749021 2609 1057 2688 1132
1 0.745928 1949 79 2047 141
1 0.742318 1906 899 2000 998
1 0.741653 2062 212 2141 278
1 0.741526 2557 696 2645 776
1 0.737246 1993 996 2109 1091
1 0.737162 293 543 440 616
3 0.736671 1595 30 1711 91
1 0.736654 421 694 585 790
3 0.735297 1715 159 1806 227
1 0.733421 1902 995 1996 1089
1 0.729635 1492 428 1595 521
1 0.729521 312 472 481 545
1 0.728063 2157 356 2238 429
1 0.725833 1940 23 2038 84
1 0.725194 1349 1061 1454 1167
1 0.72426 579 707 668 803
1 0.719416 559 874 639 969
3 0.71865 797 1097 923 1232
1 0.71813 1717 294 1875 377
1 0.715381 287 832 362 917
1 0.714724 2563 766 2613 845
1 0.712533 253 756 370 838
1 0.71133 360 850 564 942
1 0.710929 1434 16 1515 77
1 0.710656 2545 629 2641 702
1 0.710475 2186 133 2248 189
1 0.710202 2497 617 2555 695
1 0.704204 2608 843 2688 921
1 0.700945 2106 353 2239 428
1 0.700817 2637 647 2688 719
1 0.698358 569 793 654 887
1 0.697104 2034 48 2102 99
1 0.696909 1867 7 1942 67
1 0.6955 1809 303 1906 381
1 0.692969 2392 344 2457 406
1 0.691308 630 1068 797 1217
3 0.690355 1430 76 1515 140
1 0.689647 2366 464 2433 532
1 0.689089 2514 915 2580 996
1 0.688024 680 255 762 329
1 0.687572 2516 916 2610 994
1 0.687412 2051 150 2128 215
1 0.68691 2400 997 2459 1079
1 0.683228 2394 1070 2457 1155
1 0.679995 2144 287 2230 361
1 0.677688 2626 581 2687 651
1 0.674007 1906 899 2110 999
1 0.672398 2645 709 2688 786
3 0.669043 1514 18 1598 82
1 0.667996 2409 405 2474 474
1 0.667958 368 935 555 1041
1 0.667385 2135 225 2217 290
1 0.664927 2355 396 2421 459
1 0.664556 1430 75 1513 140
1 0.663855 2455 362 2546 420
1 0.663443 1450 1064 1558 1172
1 0.662217 2490 551 2545 620
1 0.658995 2537 565 2625 627
1 0.658624 2445 305 2531 364
3 0.655833 1336 1162 1549 1304
1 0.655819 1884 183 1970 252
1 0.653525 2564 840 2614 919
1 0.653333 2462 422 2550 485
3 0.649942 1687 1185 1890 1315
3 0.647379 1801 173 1891 242
3 0.645893 1708 43 1798 106
1 0.643364 2091 12 2162 64
1 0.639187 2549 387 2643 447
1 0.635638 1873 65 1954 127
1 0.630571 2219 246 2339 312
1 0.62792 2477 486 2541 550
1 0.627549 2080 344 2184 421
1 0.624078 1489 509 1718 610
1 0.620332 2236 96 2297 151
1 0.618227 1797 109 1882 177
3 0.617821 921 1107 1126 1267
1 0.612919 2424 471 2485 543
1 0.612202 2453 1068 2513 1147
1 0.608841 2342 333 2418 391
1 0.607218 2026 7 2090 57
1 0.602163 2647 417 2687 476
1 0.600228 2168 78 2239 139
1 0.595624 1958 138 2057 201
3 0.595457 1340 132 1428 196
3 0.592086 1881 1186 1983 1307
3 0.587928 1592 214 1717 288
1 0.587059 1965 197 2069 264
1 0.584736 1490 509 1592 609
1 0.584445 2110 104 2180 161
1 0.582405 1904 995 2109 1091
1 0.578359 2302 156 2362 204
1 0.576255 1705 0 1794 48
1 0.571118 2271 914 2351 1000
1 0.5698 2543 334 2633 390
1 0.567565 1240 130 1343 196
1 0.565921 2653 474 2688 530
1 0.56521 1580 692 1717 796
1 0.565141 2638 776 2688 854
3 0.561304 1964 197 2067 264
1 0.560499 2558 916 2613 993
1 0.559549 1482 685 1581 787
3 0.557723 1344 71 1433 134
1 0.555206 1482 690 1718 795
3 0.548894 1243 130 1345 196
1 0.545369 2112 110 2187 171
1 0.544355 237 830 294 905
1 0.541475 2550 247 2619 303
1 0.537736 2478 126 2521 172
1 0.534777 476 260 596 334
1 0.533394 1972 259 2076 331
1 0.532302 2398 151 2486 206
3 0.525027 808 1101 1127 1267
1 0.519648 2378 287 2446 342
1 0.514233 2638 368 2683 418
1 0.510424 1345 70 1432 135
1 0.508922 1881 1185 1982 1309
1 0.508464 1350 11 1436 72
3 0.504395 2124 165 2200 230
1 0.504163 2485 171 2533 224
1 0.500202 2101 59 2175 112
