1 0.916393 1721 528 1912 626
1 0.913062 1718 612 1913 714
1 0.907381 1716 703 1912 808
1 0.902322 1708 987 1905 1090
1 0.899571 1712 893 1907 994
1 0.892293 1714 797 1911 899
1 0.885678 1582 603 1722 705
1 0.885085 1560 977 1710 1081
1 0.883368 1140 946 1364 1060
1 0.881103 2267 667 2399 755
1 0.880529 979 566 1171 663
1 0.879649 965 652 1168 753
1 0.878392 1349 1060 1558 1169
1 0.877235 1133 1041 1354 1156
1 0.875731 1210 334 1411 418
1 0.875613 1030 253 1225 333
1 0.87554 1574 788 1717 890
1 0.874141 2271 746 2403 837
1 0.872964 1700 1081 1905 1187
1 0.872257 925 1016 1132 1133
1 0.872045 1721 446 1910 541
1 0.870976 1232 193 1338 264
1 0.869009 1589 434 1724 526
1 0.868199 1417 200 1506 272
1 0.867037 471 473 637 548
1 0.864495 946 835 1153 941
1 0.863681 2271 913 2407 1001
1 0.862676 1910 712 2007 814
1 0.862545 2272 829 2406 917
1 0.861965 729 400 903 477
1 0.860794 1021 329 1217 407
1 0.860575 993 483 1186 571
1 0.859965 1008 406 1203 489
1 0.858534 2000 812 2115 908
1 0.857601 2187 910 2273 998
3 0.857528 1254 69 1349 131
1 0.857209 1371 769 1475 876
1 0.856625 957 742 1162 851
1 0.854755 896 401 1014 483
1 0.854742 757 251 924 328
1 0.854522 911 327 1028 405
1 0.854431 2001 637 2112 732
1 0.853677 1998 558 2109 646
1 0.852769 1995 475 2104 565
1 0.850177 1358 963 1561 1072
1 0.849602 1568 881 1714 986
1 0.849397 493 404 653 475
1 0.848659 1411 270 1502 349
1 0.848423 1589 284 1721 364
1 0.847963 2109 908 2192 997
1 0.845243 932 926 1139 1032
1 0.844841 1904 389 1995 476
1 0.844545 861 559 984 653
1 0.844116 1908 466 2000 555
1 0.843137 920 251 1037 330
1 0.842885 2269 998 2405 1084
1 0.8421 710 473 890 558
1 0.841566 1908 807 2006 905
3 0.841216 1126 1142 1342 1275
1 0.840144 879 477 1001 567
1 0.839906 1498 350 1592 432
1 0.838482 1407 346 1501 427
1 0.837549 2005 721 2114 821
1 0.836902 1468 775 1578 880
1 0.836295 1904 994 1993 1089
1 0.835789 1909 547 2004 634
1 0.835508 2261 587 2392 676
1 0.834963 460 546 620 626
1 0.834946 1994 904 2111 998
1 0.833937 1501 278 1593 356
1 0.833761 1464 872 1573 977
1 0.833382 1480 688 1581 786
1 0.833304 1948 79 2046 141
1 0.83318 1590 356 1723 442
1 0.833159 798 1004 929 1104
3 0.833065 1691 1186 1892 1315
1 0.83139 686 549 874 641
1 0.831201 1990 995 2109 1090
1 0.830602 1375 677 1483 781
3 0.827559 2391 1153 2502 1257
1 0.82679 1898 317 1986 394
1 0.824884 1911 627 2006 721
1 0.823929 1901 1089 1989 1181
1 0.823316 1983 1088 2106 1179
1 0.822596 1987 401 2099 485
1 0.822157 2253 513 2384 597
1 0.821345 1504 206 1593 280
1 0.820983 276 610 341 685
1 0.82035 845 734 963 836
1 0.819807 1720 370 1908 456
1 0.818758 666 328 752 402
1 0.817989 474 259 685 335
1 0.817481 1494 426 1591 518
1 0.816311 2042 96 2115 153
1 0.816203 367 271 481 345
1 0.816128 2243 444 2374 520
1 0.815929 2187 997 2272 1086
1 0.815901 846 642 971 742
1 0.815839 1220 260 1417 341
1 0.815795 1893 246 1977 320
1 0.815573 1904 899 1998 997
1 0.814393 596 626 681 715
1 0.814129 451 620 603 708
3 0.81382 2255 1161 2393 1278
1 0.812977 288 542 356 614
1 0.812532 2234 375 2365 448
1 0.811182 746 327 918 404
1 0.81113 809 909 936 1012
3 0.810974 1337 1163 1542 1304
1 0.810694 1490 506 1588 603
1 0.809112 1367 864 1471 974
3 0.809111 1508 141 1595 210
1 0.806493 2266 1077 2399 1167
1 0.805816 1400 421 1498 509
1 0.804712 1579 695 1719 797
3 0.804598 1591 150 1714 219
1 0.803757 1554 1073 1704 1183
1 0.803481 2189 821 2273 913
1 0.80176 2061 212 2139 277
1 0.801231 2509 1060 2613 1141
1 0.800584 1792 51 1878 114
1 0.800572 1884 184 1970 252
1 0.800364 1795 108 1886 176
1 0.799126 1874 63 1954 127
1 0.797401 648 802 741 898
1 0.797328 2513 839 2572 918
1 0.797007 630 975 800 1083
1 0.796349 1978 330 2089 407
1 0.796163 2184 1084 2269 1171
1 0.795143 2033 51 2102 100
3 0.79465 1262 9 1357 69
1 0.794157 2226 309 2348 379
1 0.793661 2509 763 2572 843
1 0.792449 646 400 738 475
1 0.790549 2071 274 2148 345
1 0.789472 1803 235 1899 311
1 0.787068 2051 151 2124 215
1 0.786233 1487 595 1584 696
1 0.786204 495 332 675 403
1 0.785564 2401 835 2459 918
1 0.783696 1171 572 1301 676
1 0.783293 1869 5 1944 65
1 0.782914 2103 1085 2189 1174
1 0.782787 1878 122 1961 189
1 0.781026 472 781 575 876
1 0.7785 2454 915 2517 996
1 0.778443 2454 837 2517 917
1 0.778424 662 714 753 816
1 0.776699 680 255 762 330
1 0.775975 1941 22 2037 83
1 0.773499 1150 852 1371 961
1 0.772495 357 767 477 855
1 0.772116 362 471 481 547
1 0.771158 1787 1 1871 56
1 0.770753 1339 131 1430 196
1 0.770323 2106 996 2190 1088
1 0.76935 307 471 375 545
1 0.768236 377 402 491 475
1 0.76559 355 339 468 408
1 0.765169 630 472 722 549
1 0.763913 1170 573 1388 677
1 0.763866 2512 989 2614 1068
1 0.763535 261 682 330 759
1 0.760502 1719 293 1810 376
1 0.758548 2398 756 2458 840
3 0.757089 2095 1178 2168 1296
1 0.754183 468 865 568 959
3 0.753691 923 1120 1126 1264
1 0.753458 2092 417 2250 498
1 0.752874 2503 691 2565 770
3 0.750933 1978 1181 2095 1300
1 0.748767 319 683 384 765
1 0.747648 371 688 490 775
1 0.746466 1957 137 2055 200
1 0.746416 342 922 466 1007
1 0.745896 249 753 316 836
1 0.743479 1585 515 1722 614
1 0.742068 636 885 734 987
1 0.740919 676 634 853 733
1 0.740866 2112 109 2186 169
1 0.737821 1430 75 1512 139
1 0.735257 1434 15 1514 77
1 0.731979 830 824 948 925
1 0.730651 1344 70 1433 132
1 0.730263 2189 737 2272 826
3 0.730171 2500 1138 2611 1249
1 0.729715 2512 915 2572 994
1 0.729147 2395 1068 2509 1153
1 0.727959 2644 417 2688 478
1 0.726511 2217 247 2338 312
1 0.724613 288 831 355 920
1 0.720105 485 696 588 792
1 0.71962 345 843 470 932
1 0.719455 2611 917 2688 991
1 0.714944 2454 758 2515 841
3 0.714773 1535 1176 1689 1310
1 0.714688 383 616 487 697
1 0.713989 1384 584 1490 689
1 0.710291 2393 678 2453 763
1 0.709366 2610 986 2688 1061
1 0.709222 351 542 466 619
1 0.709201 2112 818 2192 911
1 0.70912 2157 354 2239 428
1 0.705808 2366 464 2435 534
1 0.704921 612 546 701 630
1 0.704187 2146 285 2230 360
1 0.703403 1220 260 1339 339
1 0.702906 329 610 392 689
1 0.698079 1965 197 2067 264
1 0.69774 2634 646 2688 718
1 0.697693 2025 4 2089 57
1 0.69744 2624 579 2687 650
1 0.695702 301 757 369 841
3 0.695103 1510 79 1596 145
1 0.692146 325 406 390 475
1 0.689591 1395 499 1494 594
1 0.687652 2098 488 2255 577
1 0.687565 2089 7 2161 63
3 0.686303 1883 1186 1980 1307
1 0.685003 1334 194 1423 266
1 0.682923 1807 303 1906 382
1 0.682272 2653 474 2688 531
1 0.681843 2461 422 2547 485
1 0.681343 2403 915 2458 999
1 0.680451 2453 993 2516 1075
1 0.679441 2356 396 2424 461
3 0.67751 2166 1175 2257 1292
1 0.676251 2134 224 2217 289
1 0.673348 2188 656 2270 745
1 0.673076 2422 538 2498 615
1 0.666336 2101 60 2174 111
1 0.663179 1199 412 1406 500
3 0.663108 1593 88 1712 155
1 0.661648 2185 133 2250 190
1 0.661454 1799 168 1893 239
3 0.661401 1424 136 1510 202
1 0.660907 2450 682 2511 764
1 0.659514 2454 362 2545 421
3 0.658763 783 1087 927 1229
1 0.656443 2488 553 2547 623
1 0.655346 2407 406 2472 474
1 0.65165 636 885 813 992
1 0.651183 326 404 439 476
1 0.650757 2377 531 2446 610
1 0.646085 2548 626 2641 703
1 0.645675 2445 304 2535 364
1 0.644772 2393 677 2510 763
1 0.644434 1161 759 1376 866
1 0.64063 2124 165 2203 225
1 0.639915 2646 708 2688 786
1 0.637969 2107 351 2239 428
1 0.636732 2384 536 2499 615
1 0.63614 2110 103 2179 160
1 0.626278 2475 487 2544 552
1 0.62411 1971 259 2076 334
1 0.622725 2610 842 2687 920
1 0.620145 1167 666 1379 771
1 0.619489 2442 609 2505 687
1 0.614621 2168 79 2245 139
1 0.613895 2562 696 2649 775
1 0.613395 2610 517 2677 580
1 0.612856 2384 344 2458 406
1 0.612591 572 794 656 887
1 0.611062 2391 606 2505 686
1 0.610438 2514 914 2608 994
1 0.608003 2424 470 2483 543
1 0.605989 734 810 824 907
1 0.605443 2636 366 2684 424
1 0.604168 1705 0 1791 47
1 0.603215 2550 387 2643 446
1 0.602581 1165 665 1296 768
1 0.600508 2105 567 2181 657
1 0.599375 2536 566 2625 627
1 0.598216 239 830 300 909
1 0.59805 1198 411 1322 497
3 0.596933 1711 101 1802 167
1 0.596643 2561 915 2615 992
3 0.5965 1713 160 1803 227
1 0.589691 2081 342 2173 421
1 0.586897 1351 11 1436 72
1 0.586882 2113 732 2192 823
1 0.586199 2563 840 2615 918
1 0.585076 2376 90 2463 151
1 0.581941 1594 31 1710 91
1 0.581343 2108 648 2190 741
1 0.57919 2341 333 2423 392
1 0.579177 2493 175 2543 225
1 0.573483 1182 491 1306 583
1 0.564273 2105 569 2262 657
3 0.562951 1244 130 1344 195
1 0.561753 1593 88 1712 154
1 0.559435 2496 619 2556 694
1 0.554397 465 944 565 1052
1 0.55396 2397 150 2487 212
1 0.552282 2647 776 2688 853
1 0.55112 1240 130 1343 195
1 0.549738 746 720 844 822
1 0.549139 2630 361 2684 415
1 0.545983 1302 495 1495 593
1 0.545788 2377 282 2447 342
