1 0.912724 1720 529 1911 627
1 0.907011 1718 613 1913 713
1 0.903752 1716 704 1911 809
1 0.902258 1172 575 1299 676
1 0.900259 1708 987 1906 1090
1 0.898473 1715 798 1910 900
1 0.896109 1712 893 1908 994
1 0.89264 1574 790 1719 889
1 0.882724 1563 977 1710 1080
1 0.87974 1720 447 1909 541
1 0.879156 2268 669 2398 755
1 0.877732 1700 1081 1906 1186
1 0.876638 1275 762 1376 869
1 0.876544 2271 746 2402 837
1 0.874961 1588 435 1723 528
1 0.874304 729 398 902 477
1 0.871713 1232 192 1338 264
1 0.87135 965 651 1169 752
1 0.871291 756 252 924 328
1 0.869655 955 739 1163 852
1 0.869046 1299 495 1492 592
1 0.868683 1257 957 1365 1062
1 0.867856 945 834 1153 944
1 0.86662 1417 199 1506 272
1 0.865234 470 473 639 549
1 0.865212 979 566 1174 662
1 0.864524 923 1015 1135 1134
1 0.86365 648 803 831 902
1 0.863196 1999 557 2109 646
1 0.863051 1582 604 1720 705
1 0.862786 2272 829 2405 917
1 0.860525 994 481 1186 572
1 0.860217 1150 851 1272 956
1 0.856344 878 476 1000 566
1 0.85599 1555 1073 1704 1181
1 0.853144 1008 406 1203 489
1 0.851046 667 712 841 814
1 0.850287 710 473 888 557
1 0.850208 1220 261 1330 340
1 0.849912 1907 465 2000 555
1 0.849887 2002 638 2113 731
1 0.849835 1589 285 1720 363
1 0.849812 1159 754 1281 861
1 0.849655 1031 252 1226 334
1 0.847705 911 326 1027 403
1 0.847099 676 634 851 725
1 0.845757 1909 546 2006 635
1 0.845562 1910 711 2009 816
1 0.845404 687 551 872 640
1 0.843682 2005 722 2116 820
1 0.843539 631 976 801 1086
1 0.842568 1348 1060 1558 1170
1 0.842468 1498 350 1591 432
3 0.842299 1508 141 1595 211
1 0.841667 1904 388 1993 474
1 0.841606 1412 269 1502 348
1 0.840793 1132 1040 1257 1149
1 0.840487 1993 475 2102 565
1 0.840294 834 734 962 831
3 0.839522 1253 69 1350 131
1 0.839478 933 924 1137 1033
1 0.839168 2262 587 2392 677
3 0.838911 624 1066 795 1221
1 0.838386 1501 277 1592 356
1 0.837941 859 560 985 653
1 0.835193 2271 912 2407 1001
1 0.835009 1589 356 1723 443
1 0.833363 2187 910 2272 999
1 0.833076 1166 666 1293 768
1 0.832263 842 644 971 744
1 0.830884 1199 409 1311 496
1 0.829015 1020 331 1217 407
1 0.828142 1911 627 2008 722
1 0.82788 2108 908 2191 997
1 0.82671 1720 370 1907 456
1 0.826597 808 910 938 1016
1 0.82618 2509 1059 2614 1141
1 0.825472 1949 80 2046 141
1 0.82506 1899 317 1985 395
1 0.825055 637 888 815 994
1 0.824646 2253 512 2384 598
1 0.824217 1986 401 2097 484
1 0.824087 822 820 950 923
1 0.823695 1873 64 1954 127
1 0.822883 1295 581 1487 686
1 0.822517 1359 962 1563 1072
1 0.822514 1867 5 1944 67
3 0.822187 794 1095 925 1233
1 0.821004 366 271 480 345
1 0.820824 2003 811 2114 907
1 0.82008 1140 944 1264 1055
1 0.819201 1371 769 1475 877
1 0.818749 895 399 1015 482
1 0.818184 2233 374 2362 447
1 0.816454 1265 858 1371 964
1 0.816057 2243 442 2372 521
1 0.816044 1494 426 1591 519
3 0.815125 1684 1185 1891 1315
1 0.814537 1884 183 1970 252
1 0.813882 1504 206 1593 279
1 0.813498 1580 694 1719 798
1 0.812506 461 545 620 627
1 0.812435 800 1004 928 1108
1 0.812402 492 403 654 475
1 0.812374 1407 345 1501 427
3 0.811392 2390 1151 2503 1259
1 0.810714 1893 246 1977 321
1 0.808304 745 326 916 402
1 0.807444 2042 95 2115 153
3 0.807243 1337 1162 1540 1306
1 0.805994 2225 308 2346 378
1 0.804834 2070 274 2149 345
1 0.804777 473 261 597 335
1 0.803964 1901 1087 1990 1180
1 0.803073 1463 873 1575 976
1 0.798068 1979 331 2087 408
3 0.797411 2500 1138 2610 1250
1 0.797162 1345 70 1434 132
1 0.797089 2061 211 2140 278
1 0.796738 2391 678 2510 764
1 0.796433 1183 490 1303 582
1 0.79183 919 251 1036 329
1 0.791238 276 609 340 685
1 0.790796 288 541 356 613
3 0.790728 920 1118 1129 1267
1 0.789825 1879 122 1962 188
1 0.787531 2187 997 2272 1086
1 0.786694 1941 27 2038 84
1 0.786669 1793 108 1886 175
3 0.786496 1883 1185 1982 1307
1 0.785919 454 621 603 706
1 0.785154 2103 1084 2190 1173
1 0.784952 1466 775 1578 880
1 0.784583 1339 131 1430 195
1 0.784173 2512 840 2575 918
1 0.783907 351 340 470 409
3 0.781596 1979 1180 2096 1300
1 0.780042 1791 50 1877 114
3 0.778836 1260 8 1358 69
3 0.778463 1592 150 1714 219
1 0.778225 1801 235 1900 311
1 0.778124 594 626 682 715
1 0.777882 648 401 738 475
1 0.775544 1287 670 1381 773
1 0.774944 1986 1086 2104 1177
1 0.77299 2186 1084 2269 1170
1 0.771633 468 864 568 959
1 0.771084 1249 1050 1355 1158
1 0.769501 2089 8 2160 64
1 0.769314 2034 50 2102 100
1 0.767859 1366 864 1470 973
1 0.767271 2188 821 2273 913
1 0.766227 2511 988 2616 1067
1 0.766167 1957 137 2054 200
1 0.765496 2185 658 2270 746
1 0.765481 2509 763 2577 844
1 0.765311 2385 605 2505 687
1 0.764793 1435 14 1515 76
1 0.762319 1964 196 2067 262
1 0.762131 2394 1067 2510 1153
1 0.760438 2215 246 2338 312
1 0.759298 1908 808 2005 904
1 0.759054 2051 150 2126 215
1 0.757933 1906 900 2111 998
1 0.757527 377 402 486 474
1 0.757527 1431 74 1513 138
1 0.756541 340 922 470 1012
1 0.754451 2613 916 2688 990
1 0.752473 2104 569 2185 656
1 0.751984 2090 417 2250 499
1 0.750308 1718 292 1809 375
1 0.749168 2112 110 2186 170
1 0.744549 2156 355 2239 429
1 0.744304 1322 264 1415 343
1 0.744092 2269 997 2402 1086
1 0.743884 2105 996 2191 1088
1 0.742721 666 329 752 402
1 0.740441 2612 982 2688 1060
1 0.737599 1569 880 1716 985
1 0.737302 2188 738 2273 826
1 0.733921 2108 647 2191 741
1 0.73227 346 844 471 931
3 0.731833 1511 79 1596 145
1 0.729904 2644 416 2688 478
1 0.728237 247 754 315 835
3 0.727989 1127 1142 1342 1273
1 0.726765 461 333 589 404
1 0.725863 631 472 722 550
1 0.724445 2266 1077 2399 1166
1 0.723958 1210 335 1321 416
1 0.723559 2397 756 2516 841
1 0.722048 288 831 355 919
1 0.721795 1489 507 1588 605
1 0.721117 2145 286 2229 361
1 0.721071 1305 415 1497 504
1 0.718731 1994 994 2107 1090
1 0.718707 264 682 327 758
1 0.718479 2461 424 2560 487
1 0.718059 1479 685 1581 787
1 0.718024 571 794 660 887
1 0.71787 1971 258 2078 336
1 0.717463 308 470 375 544
1 0.7171 2398 915 2516 999
1 0.713761 363 471 482 546
1 0.712559 2443 305 2534 365
1 0.712214 2378 535 2498 615
1 0.711149 1594 87 1712 154
1 0.709761 2454 362 2548 422
1 0.700805 2548 387 2643 448
1 0.698682 2613 1055 2688 1133
1 0.698322 2396 995 2515 1078
1 0.697686 2354 396 2459 462
1 0.697135 1998 903 2111 998
1 0.693899 1787 1 1870 56
1 0.69109 2399 836 2518 920
1 0.690883 1805 303 1906 382
1 0.68995 318 682 381 763
1 0.68938 1332 193 1422 267
1 0.688032 384 616 508 696
1 0.687873 2025 5 2089 56
1 0.687689 1352 10 1437 72
1 0.685414 1798 168 1894 239
1 0.684584 2654 474 2688 532
1 0.684285 2476 489 2576 555
1 0.682705 2101 61 2173 111
3 0.682198 2255 1165 2351 1278
1 0.680717 302 757 368 841
1 0.679732 2078 342 2160 420
1 0.678034 2510 915 2614 993
1 0.677641 1905 994 2109 1090
1 0.677475 1596 29 1711 92
1 0.677182 582 331 673 401
1 0.672442 2096 488 2250 577
1 0.671469 470 780 574 873
1 0.671281 1903 995 1993 1087
1 0.66918 330 609 393 688
1 0.664247 1485 593 1585 695
1 0.661763 2560 444 2657 513
1 0.661454 370 688 492 775
1 0.661373 561 874 640 972
1 0.661339 466 943 559 1050
1 0.660152 2134 225 2216 290
1 0.660134 2611 842 2687 920
1 0.660125 2355 342 2456 406
1 0.659696 2503 691 2608 772
1 0.659433 2342 333 2445 393
1 0.657957 2179 573 2266 665
1 0.656641 1306 414 1408 505
1 0.656477 344 541 462 616
1 0.652406 2365 464 2474 535
1 0.650725 372 693 587 788
1 0.648221 2511 915 2583 993
1 0.648201 1585 516 1721 614
1 0.647199 2489 554 2593 626
1 0.644704 327 406 390 473
1 0.64429 2563 840 2616 918
1 0.643407 1314 337 1411 419
1 0.643276 2112 818 2192 911
1 0.64046 238 829 300 909
1 0.639767 1715 224 1808 296
1 0.638612 356 768 476 855
1 0.632191 2539 331 2631 390
1 0.630854 2455 836 2516 918
1 0.625255 328 404 468 474
1 0.624663 1376 675 1482 781
3 0.624277 2096 1178 2169 1297
1 0.62143 2490 174 2542 224
1 0.621243 2184 133 2265 191
1 0.62019 615 255 762 330
1 0.618144 2096 488 2184 578
1 0.617055 378 776 574 873
1 0.614934 2110 104 2180 161
1 0.614159 2583 514 2674 579
1 0.613946 2454 758 2515 841
1 0.609395 2393 402 2474 473
1 0.605821 2125 165 2203 227
3 0.605793 2166 1174 2257 1292
1 0.601542 2113 732 2192 823
1 0.598429 1906 901 1998 997
1 0.595627 2606 579 2687 651
1 0.592004 2562 765 2612 845
1 0.589779 580 707 672 802
3 0.588309 1425 135 1510 202
1 0.586514 555 960 633 1062
1 0.586292 2265 1078 2358 1165
1 0.586252 2477 123 2523 177
1 0.58453 2627 647 2688 718
1 0.583703 2632 364 2685 420
3 0.583129 1244 130 1344 194
1 0.576722 1241 130 1343 195
3 0.562562 1590 215 1716 290
1 0.558474 2512 839 2609 918
1 0.558301 2454 914 2516 996
1 0.555634 612 546 702 631
1 0.549869 592 257 683 332
1 0.548708 2497 619 2601 697
1 0.545824 1939 0 2027 39
1 0.541915 2167 80 2259 139
1 0.540111 2559 915 2617 991
1 0.538326 2509 763 2608 844
