1 0.901118 1709 800 1912 901
1 0.896844 1710 708 1912 807
1 0.896175 1378 680 1575 785
1 0.895118 1355 1064 1554 1170
1 0.890893 1708 893 1911 995
1 0.881492 1707 988 1908 1091
1 0.881314 1010 407 1203 492
1 0.878582 2272 830 2402 918
1 0.876242 757 252 923 328
1 0.875799 2267 668 2398 754
1 0.875669 958 747 1158 853
1 0.874886 2109 652 2267 744
1 0.874847 1713 620 1911 714
1 0.874671 1366 869 1565 976
1 0.87466 2270 747 2400 837
1 0.8741 2272 913 2401 1003
1 0.874096 1386 592 1579 693
1 0.873812 1359 965 1559 1075
1 0.87362 2399 837 2513 919
1 0.873032 1562 883 1710 985
1 0.872265 1568 789 1710 890
1 0.87127 1983 996 2108 1092
1 0.871034 893 403 1015 485
1 0.870603 1987 903 2110 999
1 0.869518 1144 853 1268 956
1 0.869054 2112 735 2272 828
1 0.868787 1372 775 1571 881
1 0.868658 1210 335 1323 417
1 0.865349 1584 437 1715 528
1 0.86533 730 402 899 479
3 0.861826 1245 130 1345 194
1 0.861529 977 570 1172 664
1 0.861494 968 657 1165 755
1 0.85779 1032 251 1225 332
1 0.857386 1019 329 1217 410
1 0.857015 995 486 1188 574
1 0.855568 2398 757 2511 843
1 0.855275 919 251 1035 328
1 0.855171 1586 360 1713 443
1 0.852294 1184 494 1306 584
1 0.851649 1995 812 2113 908
3 0.85121 1254 69 1352 131
1 0.848962 2395 916 2512 1000
1 0.848806 472 473 639 548
1 0.848245 922 1017 1131 1137
1 0.847982 1558 978 1706 1082
1 0.847665 678 637 851 726
1 0.846041 1978 1089 2103 1181
1 0.845828 650 807 828 899
1 0.8451 1196 412 1314 499
1 0.844724 1985 402 2097 486
1 0.844002 1553 1074 1696 1182
1 0.842406 1231 194 1338 265
1 0.841998 1577 605 1715 704
1 0.840212 465 404 655 475
1 0.8399 1220 262 1331 338
1 0.839891 1695 1085 1904 1188
1 0.83914 295 542 405 614
1 0.838644 1172 577 1300 675
1 0.838289 2508 841 2568 920
3 0.837059 1980 1182 2096 1303
1 0.836856 312 473 436 545
1 0.836106 1581 521 1716 612
1 0.834872 1903 994 1987 1090
1 0.834511 1152 755 1278 862
1 0.834409 860 563 985 656
1 0.834394 667 720 837 814
1 0.834282 1505 205 1590 279
1 0.833533 2394 678 2509 767
3 0.833283 1963 198 2066 269
1 0.832967 1978 332 2087 410
1 0.832809 1906 900 1992 998
1 0.832693 347 342 469 411
1 0.83246 816 917 936 1018
1 0.832014 2104 571 2261 659
1 0.831818 328 408 456 476
1 0.831529 632 976 808 1081
1 0.831322 1995 558 2107 646
1 0.830849 1261 859 1371 965
1 0.830729 458 545 620 624
1 0.830011 1573 697 1713 797
1 0.829639 709 476 885 558
1 0.829413 1992 478 2102 567
1 0.829254 945 838 1148 943
1 0.829234 1272 762 1376 871
1 0.828672 363 272 481 346
1 0.82836 846 648 972 747
1 0.827929 1906 468 1996 557
1 0.827139 1904 391 1990 474
1 0.827094 1586 286 1713 364
1 0.82605 2262 590 2392 676
1 0.825922 1504 277 1590 355
1 0.825094 637 890 817 998
1 0.824519 446 621 600 702
3 0.82431 1259 9 1358 70
3 0.82358 2080 6 2162 67
1 0.822716 282 611 395 686
1 0.821162 691 555 871 643
1 0.818424 2397 996 2511 1078
1 0.817524 2604 777 2688 852
1 0.817094 931 930 1135 1036
1 0.816623 2111 820 2273 913
1 0.815569 1898 319 1985 396
1 0.814739 2251 515 2383 599
1 0.814496 268 683 384 763
3 0.813331 1339 1165 1544 1311
1 0.813227 2508 917 2568 996
1 0.81238 433 696 585 783
3 0.811351 1241 1147 1346 1281
1 0.810057 824 828 948 928
1 0.807155 836 737 963 835
1 0.804549 747 329 914 403
1 0.804395 2611 919 2687 992
1 0.803001 808 1008 929 1111
1 0.802939 1162 666 1288 767
1 0.801327 2609 845 2688 922
1 0.801327 2610 986 2688 1063
1 0.801223 2410 408 2471 481
1 0.801076 417 776 573 865
1 0.798203 1254 955 1365 1060
1 0.797844 1908 549 1998 640
1 0.796471 593 629 685 713
3 0.795646 1588 150 1710 220
1 0.794686 877 479 1002 568
1 0.793462 2562 843 2613 921
1 0.792899 400 543 466 617
1 0.792514 1999 638 2110 730
1 0.792419 1390 502 1581 597
1 0.790981 250 758 370 835
3 0.790752 2093 59 2175 120
3 0.789975 1352 11 1437 74
3 0.789967 1971 261 2076 339
1 0.789612 646 401 737 477
1 0.789064 1911 630 2000 723
1 0.788459 1892 246 1977 322
1 0.788175 2098 493 2255 582
1 0.787296 1804 234 1897 312
1 0.786282 2231 379 2363 451
3 0.786143 1540 1178 1689 1310
1 0.786038 2241 445 2372 524
1 0.78463 1910 714 2001 813
1 0.782829 908 328 1023 405
3 0.782542 801 1098 921 1232
1 0.781689 2001 721 2113 820
3 0.781196 2094 1179 2173 1296
3 0.779434 2020 0 2089 53
1 0.778389 1420 198 1508 271
1 0.778194 2558 770 2610 848
1 0.778164 1246 1050 1358 1158
1 0.777353 1909 806 1999 904
1 0.776507 1898 1088 1984 1182
1 0.77544 386 613 454 692
3 0.773935 1124 1139 1248 1271
1 0.772723 2599 706 2688 783
1 0.771943 2564 918 2615 994
1 0.771431 463 333 674 404
1 0.770453 2385 605 2503 694
1 0.770415 2506 766 2565 846
1 0.770018 1127 1043 1252 1148
1 0.768396 629 475 717 553
1 0.76698 2586 577 2688 653
1 0.766055 1317 341 1503 423
3 0.765929 1509 140 1591 209
1 0.76396 558 873 642 974
1 0.763122 1500 352 1589 431
1 0.762816 2505 1065 2610 1147
1 0.760355 398 857 561 950
1 0.759696 1712 296 1813 377
1 0.75937 569 795 661 885
1 0.759058 1136 946 1260 1056
1 0.758562 553 964 634 1065
1 0.758012 2592 643 2688 715
1 0.756048 2154 356 2238 433
1 0.754708 423 473 487 545
1 0.753625 2390 1070 2508 1154
1 0.75025 2606 1058 2688 1138
1 0.746062 372 689 442 774
1 0.745292 2421 471 2482 549
1 0.743796 2105 997 2272 1090
1 0.742112 2508 992 2603 1071
3 0.741828 2144 288 2228 366
1 0.74008 611 549 701 631
3 0.738253 2030 47 2104 104
1 0.736951 2079 345 2160 426
1 0.732845 2089 419 2249 499
1 0.731444 358 766 429 850
1 0.730505 1308 417 1498 503
1 0.730314 366 936 554 1045
1 0.727466 2271 999 2398 1085
1 0.726914 240 830 358 914
3 0.7178 2069 273 2152 350
3 0.711821 2131 225 2215 296
1 0.711519 2417 538 2496 619
1 0.711357 1333 195 1422 268
1 0.709954 1285 671 1379 772
1 0.709879 2365 463 2429 538
3 0.70682 1883 183 1969 251
3 0.706143 2123 167 2201 230
1 0.704491 578 706 672 798
1 0.703131 477 262 599 337
3 0.702563 2452 358 2517 430
3 0.700322 1511 79 1593 144
3 0.696528 1590 28 1704 93
3 0.693851 2154 26 2234 87
1 0.693465 2473 486 2542 561
1 0.692172 1945 78 2048 145
1 0.692093 1713 372 1816 454
1 0.689229 2265 1079 2389 1166
1 0.689082 2486 557 2590 637
1 0.687424 2381 285 2446 352
1 0.684741 1303 499 1585 595
1 0.683832 1347 72 1434 134
1 0.683416 1808 305 1903 384
1 0.679957 2354 396 2419 466
1 0.679176 1324 266 1474 342
3 0.67855 1800 170 1889 240
1 0.678051 2597 520 2688 590
1 0.677299 1294 585 1389 679
1 0.676409 1430 75 1513 138
3 0.673441 1946 79 2048 144
3 0.668927 1955 137 2058 205
1 0.668347 1715 533 1913 627
3 0.664851 1339 132 1429 198
1 0.661677 2562 991 2613 1069
3 0.659418 2168 1173 2259 1289
1 0.657707 2162 1085 2268 1176
3 0.655826 2167 43 2381 128
1 0.655673 1451 425 1587 515
1 0.652697 2060 212 2140 281
1 0.650161 2460 419 2528 496
3 0.648908 1935 25 2036 86
1 0.646012 2391 342 2458 418
1 0.645851 663 330 753 402
3 0.645767 1705 97 1803 165
1 0.644933 2495 622 2599 706
1 0.642279 2112 1085 2269 1177
1 0.641737 236 907 348 988
1 0.638326 2553 699 2604 776
1 0.637639 628 1067 802 1221
1 0.635871 1590 89 1707 154
3 0.633732 924 1122 1127 1268
1 0.633382 1433 15 1516 79
1 0.631541 2524 494 2581 568
1 0.630524 2593 460 2686 528
1 0.630426 476 259 683 335
1 0.628986 2108 908 2274 1000
3 0.622366 2051 152 2129 218
3 0.621372 1709 160 1806 230
3 0.617706 1877 1186 1982 1305
1 0.613897 2100 1087 2187 1177
3 0.612407 1002 1127 1126 1266
1 0.601638 2375 533 2441 615
1 0.600686 2180 133 2252 189
3 0.59837 2256 1161 2354 1276
1 0.597778 1714 531 1821 623
1 0.596461 1879 119 1960 188
1 0.594178 2185 909 2273 1000
1 0.594084 1795 52 1879 115
3 0.591537 1711 225 1810 302
1 0.585592 1817 456 1911 545
1 0.584302 2209 246 2361 319
1 0.583131 357 850 559 937
3 0.58274 2164 79 2246 144
1 0.582604 1308 420 1589 512
1 0.579605 1810 376 1906 462
3 0.579213 2380 1148 2506 1259
1 0.571129 1886 180 1966 250
1 0.570019 1347 268 1505 346
1 0.56943 2502 695 2562 773
1 0.569105 1931 0 2027 42
1 0.56869 1797 108 1886 175
3 0.567922 1683 1183 1886 1312
3 0.563306 2110 112 2186 173
1 0.558861 2107 907 2191 1000
1 0.557237 1710 160 1806 230
1 0.556091 236 983 340 1061
3 0.553049 1701 36 1800 104
1 0.552985 1714 449 1820 538
1 0.552395 1714 449 1910 540
3 0.54686 2042 97 2117 160
3 0.544879 1512 16 1593 82
1 0.54333 1301 499 1486 593
1 0.540295 2502 695 2603 776
3 0.532339 1587 216 1712 292
1 0.532023 2224 310 2351 386
1 0.52344 462 334 591 404
3 0.520216 2376 89 2476 154
1 0.517619 2592 404 2687 468
1 0.506243 2515 432 2565 503
1 0.503877 1325 266 1416 343
3 0.503807 1589 89 1707 153
