1 0.911668 1355 1063 1553 1175
1 0.899579 2109 907 2274 999
1 0.894386 1393 500 1581 599
1 0.893497 2110 650 2270 744
1 0.892111 1378 679 1577 785
1 0.891629 1803 992 1989 1091
1 0.887512 1817 802 1995 905
1 0.886786 1715 534 1822 624
1 0.882837 2114 736 2274 827
1 0.880393 1813 895 1992 998
1 0.879457 1018 331 1216 413
1 0.879422 1385 587 1578 692
1 0.878995 494 404 655 475
1 0.878273 1794 1085 1986 1187
1 0.878085 2103 996 2274 1088
1 0.876557 1400 421 1585 514
1 0.876215 1360 963 1557 1073
1 0.876192 1996 637 2111 734
1 0.872318 1373 773 1574 883
1 0.872303 922 1020 1131 1140
1 0.871629 1365 869 1568 976
1 0.870377 1986 996 2106 1090
1 0.870144 992 485 1193 573
1 0.869335 2113 818 2273 912
1 0.869197 1713 621 1823 713
1 0.868768 1983 395 2097 486
1 0.868032 1706 799 1820 897
1 0.867868 1027 252 1222 335
1 0.867487 968 654 1169 753
1 0.867399 729 402 898 479
1 0.867297 1585 437 1717 529
1 0.866761 1710 708 1822 802
1 0.866454 2104 567 2266 664
1 0.866306 1407 343 1586 429
1 0.866086 1990 903 2111 998
1 0.86473 1821 712 1997 812
1 0.862402 1559 981 1699 1080
1 0.862258 1981 1085 2104 1185
1 0.860104 472 474 637 549
1 0.859653 1580 608 1713 705
1 0.859598 456 546 617 627
1 0.859532 1573 789 1708 892
1 0.858552 1576 698 1711 796
1 0.856075 1716 449 1822 540
1 0.855804 1566 885 1706 987
1 0.854728 958 743 1159 852
1 0.85443 503 333 671 405
1 0.854254 976 567 1180 662
1 0.85423 1821 542 1997 634
1 0.85392 823 820 948 925
1 0.850222 1994 810 2115 908
1 0.850215 1413 270 1591 349
1 0.849994 711 476 883 557
1 0.848892 941 835 1150 942
1 0.848356 1588 286 1718 367
1 0.846672 1587 362 1717 445
1 0.845867 680 635 849 727
1 0.845061 1008 407 1206 491
1 0.843986 933 927 1134 1036
1 0.843978 904 330 1023 407
1 0.843635 1996 721 2115 820
1 0.842359 756 254 921 329
1 0.841804 1716 296 1817 376
1 0.840892 1552 1075 1692 1179
1 0.840564 1698 990 1810 1087
1 0.839492 916 253 1032 332
1 0.838487 1688 1082 1802 1184
1 0.836225 652 806 827 901
1 0.835681 835 734 959 830
1 0.834878 1993 553 2106 647
1 0.83483 746 329 912 403
1 0.834527 441 622 600 705
1 0.83243 888 403 1015 485
1 0.831395 858 563 983 653
1 0.830711 1582 522 1716 615
1 0.830108 328 616 448 693
1 0.830057 1975 325 2088 409
1 0.830056 1717 373 1819 454
1 0.829639 431 696 583 788
1 0.829383 1703 894 1816 993
1 0.828923 1249 68 1352 127
1 0.828805 2602 842 2688 917
1 0.827195 1590 216 1716 293
1 0.826273 1715 228 1811 299
1 0.825808 668 716 838 814
1 0.824985 812 913 936 1015
1 0.823752 416 776 572 870
1 0.822925 692 552 866 640
1 0.821693 629 976 805 1087
1 0.821366 2518 842 2605 919
1 0.821232 662 329 753 403
1 0.82046 2603 914 2688 992
1 0.819902 1968 256 2075 336
1 0.819394 294 834 408 925
1 0.81923 1712 163 1806 230
1 0.818923 590 628 686 715
1 0.817238 1592 87 1710 156
1 0.816946 317 684 436 772
1 0.812547 1591 27 1708 91
1 0.812283 677 258 762 330
1 0.811166 1591 150 1713 222
1 0.811095 637 891 815 993
1 0.809492 1709 104 1803 167
1 0.809104 2599 773 2688 846
1 0.808089 644 402 739 477
1 0.807348 359 471 481 546
1 0.805446 261 681 327 758
1 0.805211 845 645 971 742
1 0.805136 1989 473 2104 565
1 0.804932 1348 71 1436 130
1 0.802955 622 474 720 553
1 0.802291 276 614 338 685
1 0.80202 401 855 559 952
1 0.801685 2589 637 2688 707
1 0.799868 396 937 552 1039
1 0.799381 1256 9 1356 68
1 0.798128 340 545 464 620
1 0.797156 2098 487 2260 584
1 0.796121 2267 664 2402 754
1 0.795762 1784 1182 1984 1312
1 0.795114 804 1005 931 1109
1 0.794709 2262 588 2392 677
1 0.794096 2595 699 2688 780
1 0.791577 307 759 423 842
1 0.791465 2256 513 2382 601
1 0.790809 1953 134 2051 198
1 0.788737 1960 194 2064 260
1 0.78741 1179 576 1391 676
1 0.784703 2603 987 2688 1064
1 0.781728 234 830 302 909
1 0.781648 1247 1049 1358 1161
1 0.780764 1822 627 1999 722
1 0.778965 2099 1085 2271 1179
1 0.775944 504 260 686 335
1 0.775925 1979 1180 2096 1306
1 0.77588 1129 1042 1253 1152
1 0.772009 567 792 662 885
1 0.771829 1820 456 1994 553
1 0.769469 2506 692 2599 773
1 0.768566 1232 190 1337 263
1 0.768482 574 706 674 799
1 0.768478 1946 76 2043 138
1 0.764546 1800 171 1889 236
1 0.764256 1885 182 1967 246
1 0.763942 2442 838 2522 917
1 0.763289 557 874 644 972
3 0.759947 1242 1151 1347 1281
1 0.759687 2444 682 2511 766
1 0.75856 369 273 490 344
1 0.758444 2514 764 2601 844
1 0.758008 1809 305 1900 384
1 0.756345 2067 276 2149 347
1 0.755989 607 549 703 632
1 0.755036 376 404 500 475
1 0.752192 551 962 634 1062
1 0.751672 1354 12 1439 72
1 0.750292 2080 339 2161 421
1 0.749913 245 752 314 835
1 0.749595 2155 351 2239 433
1 0.74531 2517 916 2604 998
1 0.7434 1709 47 1798 107
1 0.742102 874 480 999 567
1 0.739265 2487 556 2584 629
1 0.735635 232 904 293 983
1 0.734914 1241 126 1345 191
1 0.734285 2220 309 2344 379
1 0.733121 2143 285 2226 364
1 0.732115 2208 241 2332 316
1 0.731805 2271 998 2350 1086
1 0.727628 2498 621 2593 700
1 0.725699 375 339 513 408
1 0.725515 2383 601 2448 686
1 0.723277 289 912 398 1008
1 0.72306 1878 122 1959 184
1 0.720057 2026 41 2098 98
1 0.717967 1891 242 1971 318
1 0.717046 2057 213 2138 281
1 0.715354 1805 235 1898 310
1 0.714252 2231 370 2362 453
1 0.713462 1270 762 1377 868
1 0.710531 1332 192 1424 264
1 0.707618 1201 411 1315 500
1 0.706798 285 547 352 617
1 0.7059 1340 129 1429 193
1 0.701426 1254 952 1366 1058
1 0.70096 1136 943 1260 1053
1 0.700257 2092 413 2174 499
1 0.699596 1170 664 1381 773
1 0.694987 2272 911 2357 1001
1 0.693545 1419 198 1591 274
1 0.691898 1792 54 1876 116
1 0.691512 2158 421 2251 507
1 0.688143 1796 114 1884 174
1 0.685308 2273 828 2436 917
1 0.685024 624 1060 798 1230
1 0.682982 2438 608 2505 692
1 0.68256 2580 578 2687 644
1 0.673748 1707 0 1792 50
1 0.672637 2035 94 2112 153
1 0.671997 2601 1058 2688 1138
1 0.670084 2518 995 2606 1072
1 0.667789 2405 539 2497 616
1 0.667399 2517 1067 2606 1145
1 0.665646 2265 1082 2343 1170
1 0.665413 2108 105 2185 164
1 0.664794 2478 477 2569 560
1 0.663608 1539 1178 1682 1307
1 0.662725 2048 150 2125 215
1 0.662568 1260 856 1370 963
3 0.652287 2257 1167 2332 1279
1 0.652258 795 1098 924 1242
1 0.646448 2570 520 2683 587
2 0.635078 2507 1141 2598 1242
1 0.632373 2245 438 2371 524
1 0.631625 1146 848 1266 956
1 0.624603 1814 377 1904 462
1 0.619363 1189 493 1311 584
1 0.619307 2130 222 2211 289
1 0.618882 2355 390 2426 467
3 0.615246 1122 1143 1249 1273
1 0.612178 307 472 377 546
1 0.61033 1438 16 1550 78
1 0.603621 2422 467 2485 545
1 0.599822 1157 754 1277 862
1 0.595226 1221 259 1332 339
1 0.595078 329 405 403 474
1 0.594704 1211 333 1322 417
1 0.594644 1322 263 1418 341
1 0.588787 1160 759 1376 865
1 0.588534 2362 1071 2519 1157
3 0.580837 1341 1163 1549 1309
1 0.579499 1189 493 1390 584
1 0.576198 1220 259 1382 340
1 0.574361 1940 31 2032 83
1 0.574117 2445 759 2518 842
1 0.566189 1588 0 1708 34
1 0.565093 2156 23 2223 84
1 0.557475 1680 1181 1790 1308
1 0.557177 2408 406 2471 474
1 0.556488 1419 198 1510 272
1 0.552657 2404 997 2521 1077
1 0.547417 2364 461 2440 540
1 0.546638 2122 163 2201 225
1 0.543617 2020 1 2088 45
3 0.543175 2330 1150 2510 1266
1 0.538805 1874 61 1950 125
1 0.534442 1433 75 1590 137
3 0.524761 1002 1125 1127 1269
1 0.516689 1897 313 1980 393
1 0.515864 2347 913 2523 1000
1 0.515294 1212 334 1412 419
1 0.514873 1518 19 1592 80
1 0.513758 2090 411 2212 497
1 0.511297 1425 135 1591 200
1 0.505821 1448 19 1592 80
1 0.505674 1818 381 1987 467
1 0.502592 2085 11 2157 61
