3 0.879674 325 299 411 347
3 0.875007 327 250 415 297
3 0.86748 408 347 470 395
3 0.862469 330 201 420 249
3 0.860132 322 348 409 395
3 0.856929 418 198 478 245
3 0.850248 343 103 434 156
3 0.847154 406 396 464 444
3 0.847154 0 336 94 422
3 0.847097 336 152 427 203
3 0.833868 319 397 406 442
3 0.832669 350 62 439 105
3 0.829584 423 147 482 198
2 0.825076 357 22 442 68
3 0.818689 411 296 473 345
3 0.816845 667 294 702 321
2 0.812709 415 245 476 295
3 0.812352 667 320 700 346
3 0.811875 668 269 703 295
3 0.811837 670 244 705 270
3 0.807687 101 345 201 426
3 0.807572 636 295 665 321
3 0.802822 635 320 664 346
3 0.794535 636 268 667 296
3 0.79324 672 218 706 245
3 0.790128 432 98 488 149
1 0.787242 1835 346 1887 381
3 0.785495 405 449 460 515
3 0.779077 303 450 406 513
3 0.773377 637 242 669 269
2 0.773081 441 12 495 60
2 0.770226 362 0 444 28
2 0.769312 1 40 75 139
3 0.765752 639 216 672 244
2 0.76371 324 0 365 31
2 0.760901 318 26 360 70
3 0.759138 218 123 272 199
2 0.757333 67 60 125 151
1 0.754696 1836 309 1887 345
1 0.754261 1829 202 1879 237
3 0.749665 439 56 493 102
1 0.747853 1832 273 1885 309
1 0.743374 1827 167 1878 202
2 0.742522 98 430 197 544
2 0.740579 0 439 96 562
3 0.734161 206 358 290 428
3 0.72377 463 447 517 513
1 0.722853 1832 237 1883 274
2 0.702473 37 142 115 243
2 0.697633 246 432 286 524
2 0.694628 218 193 259 277
3 0.690503 485 199 509 251
2 0.674943 101 155 216 268
3 0.674785 605 264 629 303
1 0.673477 1834 422 1885 453
3 0.67097 1278 424 1316 447
3 0.665145 554 277 576 325
3 0.659078 1833 494 1883 527
2 0.655475 641 171 676 197
3 0.654228 1276 398 1317 423
2 0.653158 200 433 245 529
1 0.653112 1834 384 1886 419
2 0.652181 170 88 225 188
3 0.651206 667 347 697 374
3 0.649063 552 319 574 365
3 0.647098 481 249 505 298
3 0.643812 465 396 504 444
3 0.643578 1288 448 1317 471
3 0.642893 495 397 516 444
3 0.633665 634 346 664 374
3 0.627195 507 210 528 260
3 0.627064 476 298 502 345
3 0.623046 266 143 312 206
3 0.61944 473 348 508 395
2 0.615827 0 120 58 234
3 0.615467 629 422 657 448
3 0.613529 503 257 523 304
3 0.607404 590 407 612 445
3 0.603223 76 0 148 67
2 0.596626 500 14 529 67
3 0.593603 527 265 555 316
3 0.587125 580 289 602 334
3 0.577985 560 234 579 285
2 0.577246 565 446 594 481
2 0.572579 627 54 650 98
3 0.568944 604 411 626 446
3 0.567126 530 312 553 359
2 0.566599 674 170 708 195
3 0.562017 502 302 520 349
2 0.558757 601 31 627 76
3 0.555974 527 219 546 272
2 0.553223 626 20 650 63
1 0.5532 1824 134 1876 169
3 0.551935 533 358 554 402
3 0.548656 289 395 318 436
3 0.546219 604 146 624 194
3 0.545074 490 152 512 207
2 0.544691 245 0 296 44
2 0.540972 591 99 612 149
3 0.537901 674 193 707 220
3 0.534656 603 299 627 341
3 0.525792 581 246 603 296
3 0.52506 574 328 595 371
3 0.524842 511 162 532 215
2 0.517099 602 5 627 44
2 0.515237 552 105 571 154
2 0.514575 554 11 581 60
3 0.513535 526 220 555 273
3 0.512542 498 348 518 396
2 0.511463 529 29 549 82
2 0.510815 123 88 227 188
3 0.506782 557 363 577 406
3 0.505872 578 408 596 445
3 0.50288 534 402 555 443
3 0.501879 577 205 598 258
