3 0.907511 1324 604 1463 758
1 0.903814 931 122 1064 244
1 0.886425 546 159 684 282
1 0.885546 1064 229 1339 356
1 0.884617 804 241 936 368
1 0.884122 929 237 1070 362
1 0.88332 542 376 684 499
3 0.881027 1464 599 1586 750
1 0.876484 940 355 1075 483
1 0.871071 1066 116 1293 238
3 0.870089 1200 611 1323 760
1 0.867542 539 269 682 387
1 0.865375 447 191 556 298
1 0.865017 1066 10 1315 123
1 0.864757 558 67 697 171
1 0.85392 698 0 810 64
1 0.850799 805 360 943 493
1 0.849 794 130 941 251
1 0.846681 931 22 1069 133
1 0.839752 683 371 813 498
1 0.839015 436 288 547 403
1 0.833181 690 47 822 154
1 0.829281 292 305 441 418
3 0.822814 458 614 565 742
1 0.818293 813 40 935 142
1 0.818235 459 95 562 200
1 0.807927 303 212 452 321
1 0.804715 373 119 464 215
2 0.804138 1491 355 1590 479
1 0.798944 567 0 704 83
2 0.797146 1540 38 1677 150
3 0.797056 443 500 561 612
3 0.791252 303 614 457 737
1 0.774386 1348 352 1455 474
2 0.771785 1574 245 1668 360
1 0.768243 1068 347 1340 480
2 0.765435 1481 238 1582 357
1 0.764134 177 425 253 518
1 0.755889 178 516 255 606
1 0.755628 288 404 440 511
1 0.748678 1322 469 1464 606
1 0.744343 180 344 249 437
3 0.741043 1675 594 1781 683
1 0.737752 242 239 309 348
2 0.726984 1460 124 1573 244
3 0.720187 184 611 306 725
2 0.713004 1855 380 1920 486
2 0.699308 1580 357 1676 482
2 0.696517 1668 257 1789 365
1 0.687189 253 158 315 250
1 0.686237 246 331 303 424
3 0.684714 698 613 944 772
2 0.677312 1570 136 1650 255
1 0.675147 308 136 378 235
2 0.670966 568 614 697 749
2 0.66402 1445 32 1560 130
1 0.65597 1330 117 1428 235
1 0.653342 681 251 810 376
3 0.645637 943 612 1202 776
3 0.632783 206 116 268 190
1 0.628342 186 260 250 352
2 0.617022 678 142 807 264
1 0.609823 284 506 446 607
1 0.60318 437 391 548 506
2 0.596671 1855 482 1920 571
1 0.596196 807 486 944 612
1 0.589371 194 185 258 267
3 0.589355 384 43 470 130
1 0.5742 822 0 933 46
1 0.548091 262 83 325 173
2 0.538611 1790 484 1849 572
2 0.538286 1340 230 1460 355
3 0.502384 177 425 254 518
