1 0.901929 543 163 689 282
1 0.891001 534 268 686 392
1 0.880936 539 377 688 504
1 0.879029 552 68 696 174
1 0.878632 568 0 702 79
1 0.877946 697 0 802 62
1 0.876007 548 496 696 614
1 0.873298 1063 15 1298 126
1 0.868497 1064 118 1313 240
1 0.866523 690 49 801 156
1 0.863889 357 289 541 411
1 0.862968 188 607 309 727
1 0.861097 185 261 250 353
1 0.859912 931 240 1075 364
1 0.859504 1069 230 1320 357
1 0.859138 1431 39 1553 132
3 0.857617 1463 597 1589 747
1 0.856466 1585 476 1689 591
1 0.852318 1463 355 1590 485
1 0.852103 931 17 1072 136
1 0.848707 356 395 544 512
1 0.844295 931 126 1074 247
1 0.841334 1588 359 1688 483
3 0.840039 1322 599 1465 756
1 0.835178 1687 481 1783 587
1 0.834989 302 229 372 326
1 0.830728 802 246 937 373
1 0.829546 291 412 363 514
1 0.827915 1565 141 1762 266
1 0.825374 293 315 365 423
1 0.822976 248 159 318 255
1 0.822154 180 345 249 434
1 0.821429 800 35 935 146
1 0.816949 1431 123 1582 249
1 0.816768 320 64 397 150
1 0.815815 310 142 382 238
1 0.815794 804 364 939 493
1 0.803477 1311 127 1437 236
1 0.802513 260 82 328 172
1 0.799095 242 332 302 426
1 0.796115 454 98 558 197
3 0.795637 457 610 568 747
1 0.79371 1465 476 1590 597
1 0.792267 682 255 806 382
1 0.791296 1295 14 1426 133
1 0.790737 193 186 255 269
1 0.789208 1707 1 1790 99
1 0.789009 1326 473 1461 600
1 0.787291 685 370 815 497
1 0.784812 242 240 309 343
1 0.781887 1465 236 1584 360
1 0.772687 178 424 250 521
1 0.770983 798 137 934 257
1 0.767749 179 513 296 606
1 0.764867 204 116 267 195
1 0.76386 1732 88 1806 181
1 0.757481 335 0 409 72
1 0.75354 1682 365 1795 486
1 0.751726 685 145 810 267
1 0.740582 375 120 465 214
1 0.718896 936 358 1081 487
1 0.716537 366 502 551 611
1 0.715762 1797 106 1877 193
1 0.713595 1537 51 1739 157
1 0.704686 388 44 468 130
1 0.703452 306 606 464 738
1 0.688959 404 0 478 47
1 0.685453 1579 251 1677 368
3 0.679552 1679 590 1778 684
1 0.668862 1608 253 1800 375
3 0.668818 304 606 464 738
1 0.66009 246 419 298 519
1 0.65256 813 486 943 609
1 0.65037 940 481 1082 612
3 0.648713 566 613 701 754
1 0.626044 1608 0 1721 67
1 0.625332 1523 0 1616 50
1 0.624003 1631 66 1740 164
1 0.609547 1780 21 1849 113
1 0.596118 275 18 343 90
1 0.581983 446 193 553 294
1 0.56847 1670 257 1797 377
1 0.562914 286 0 346 46
1 0.557943 1297 228 1460 359
1 0.547889 237 0 292 56
1 0.544512 1752 179 1891 288
1 0.531321 364 194 553 298
