1 0.905462 546 164 689 283
1 0.89834 542 380 690 504
1 0.891418 1575 250 1679 367
1 0.88829 699 0 807 61
3 0.882247 1465 593 1588 751
1 0.882119 542 269 685 390
3 0.88075 1324 601 1466 756
3 0.878644 457 609 567 747
1 0.875328 549 497 698 613
1 0.871906 1457 238 1584 361
1 0.869316 1200 605 1325 761
1 0.866273 568 0 702 87
1 0.863432 560 70 696 174
1 0.861377 796 136 941 260
1 0.860807 1427 34 1552 133
1 0.860155 932 22 1068 135
1 0.856634 685 374 817 496
1 0.855457 692 52 803 157
1 0.854768 682 256 809 383
1 0.853519 1679 368 1903 488
1 0.852738 356 393 547 508
1 0.852542 683 147 810 268
1 0.849499 178 514 293 607
1 0.844964 804 249 942 374
1 0.841811 1609 0 1719 68
1 0.836833 291 412 365 513
1 0.834725 934 126 1074 250
1 0.832576 808 366 945 494
1 0.832133 251 161 321 256
1 0.831019 806 37 936 147
1 0.82708 1538 45 1644 141
1 0.825939 1445 123 1578 250
1 0.821283 185 265 249 352
1 0.817948 240 332 303 426
1 0.816777 305 228 373 329
1 0.815534 296 319 367 422
1 0.814983 313 138 383 236
1 0.813965 180 345 246 433
1 0.805594 931 242 1077 365
1 0.804983 1070 236 1322 358
1 0.803708 261 88 331 170
1 0.801534 1584 360 1682 482
1 0.795049 1463 476 1589 598
1 0.791938 242 241 311 343
1 0.791011 305 608 462 738
1 0.789462 369 501 553 611
1 0.783563 692 490 818 616
1 0.783472 1056 19 1305 127
1 0.78283 1523 0 1618 52
1 0.779855 1561 134 1664 257
1 0.774761 195 186 256 271
1 0.772278 459 98 560 199
1 0.752043 207 119 268 191
1 0.748261 1709 4 1787 96
1 0.74666 941 482 1206 613
1 0.745186 943 610 1205 770
1 0.744592 360 292 546 409
1 0.743037 376 122 463 218
1 0.738788 337 0 409 73
1 0.736206 1186 117 1451 244
2 0.73447 1587 593 1681 748
1 0.729797 1734 89 1807 182
1 0.728965 1322 478 1465 602
1 0.72814 403 0 478 50
1 0.71597 178 425 249 520
1 0.711989 813 484 946 611
1 0.71109 387 46 467 132
1 0.703917 323 65 396 148
1 0.688518 1798 106 1875 195
1 0.675089 939 356 1083 485
1 0.674405 1316 352 1464 484
1 0.67183 275 22 340 94
1 0.666237 1668 258 1846 376
1 0.658715 239 0 290 55
1 0.654567 1587 476 1686 592
3 0.64553 305 609 462 738
1 0.644196 1066 119 1300 247
1 0.634792 1634 64 1742 158
1 0.628525 183 606 307 725
1 0.626778 1680 478 1823 588
3 0.626594 564 610 698 755
1 0.623966 390 44 468 102
1 0.621058 467 14 567 100
1 0.60295 244 419 298 519
1 0.594022 804 0 933 47
1 0.593398 288 503 373 608
1 0.581219 446 194 554 302
1 0.581049 366 208 456 317
1 0.556809 368 195 554 305
1 0.550774 1840 480 1919 579
1 0.530621 1779 27 1850 115
3 0.507791 185 608 307 723
1 0.506974 1297 23 1432 128
