1 0.903431 542 378 690 503
1 0.900329 542 265 690 391
3 0.897395 1324 600 1466 756
1 0.882888 551 496 693 604
1 0.882532 1680 366 1867 486
1 0.88249 544 162 693 280
1 0.877987 1574 248 1681 368
1 0.876256 1681 478 1852 589
3 0.875758 1465 595 1588 751
1 0.872285 571 0 704 83
1 0.872 557 68 700 174
1 0.871984 1458 240 1583 361
1 0.871755 1465 474 1588 600
1 0.869332 693 47 794 158
1 0.868993 797 245 942 372
1 0.862145 931 19 1075 136
1 0.860734 795 35 934 146
1 0.860532 1670 258 1857 377
2 0.858513 566 608 698 748
1 0.855372 700 0 798 59
1 0.854029 178 426 250 521
1 0.850748 362 288 548 405
1 0.850552 179 342 247 438
1 0.846061 683 255 803 381
1 0.845596 184 260 250 350
1 0.834935 240 330 302 425
1 0.834177 798 363 942 490
3 0.829114 457 611 568 744
1 0.829059 178 516 254 605
1 0.827897 1423 36 1550 134
1 0.822982 250 157 318 252
1 0.821919 936 239 1076 361
3 0.819554 1679 591 1841 699
1 0.817307 289 393 545 511
1 0.813538 934 125 1072 249
1 0.808569 1612 0 1718 66
1 0.804824 685 370 807 497
1 0.803476 1522 0 1620 53
1 0.801695 940 353 1082 482
1 0.801009 302 225 372 327
1 0.798876 1708 0 1789 94
1 0.797641 242 235 309 344
1 0.795536 310 139 383 239
1 0.791709 262 82 331 169
1 0.784168 1065 234 1319 358
1 0.773825 454 96 563 194
1 0.77113 796 136 938 257
1 0.769225 193 185 257 270
1 0.766888 295 313 368 418
1 0.765483 1563 134 1669 258
1 0.765026 1539 48 1642 141
1 0.763275 1584 476 1685 593
1 0.757766 1424 124 1577 250
1 0.748919 321 68 397 150
1 0.747391 1734 84 1812 184
1 0.742081 1062 13 1298 128
2 0.739328 1586 595 1677 748
1 0.739173 1203 604 1325 761
1 0.737249 1323 477 1466 602
1 0.737061 1799 104 1876 195
1 0.734862 244 412 299 518
1 0.734148 311 607 460 737
1 0.728857 1187 115 1450 246
1 0.725966 807 486 944 609
1 0.725111 1583 360 1683 483
1 0.723499 207 113 268 192
1 0.72309 1461 354 1589 484
1 0.722994 387 47 468 133
1 0.718671 690 486 944 616
1 0.715919 1849 482 1920 582
1 0.713971 1418 0 1538 53
1 0.687204 1307 239 1463 361
1 0.682342 375 122 463 207
1 0.666748 687 144 800 265
1 0.645653 403 0 476 47
1 0.643877 942 481 1086 614
1 0.640317 939 611 1207 768
1 0.638074 287 501 552 609
1 0.636801 1661 157 1809 272
1 0.636796 276 9 345 89
1 0.628055 1661 156 1766 268
3 0.624005 1202 604 1325 762
1 0.610837 1854 377 1920 489
1 0.609884 1631 58 1738 157
1 0.607315 371 501 553 610
1 0.602289 248 512 296 604
1 0.598359 1197 478 1333 605
1 0.594808 689 490 813 611
1 0.581545 187 606 313 729
1 0.580302 941 480 1208 614
1 0.570378 1474 474 1685 596
1 0.568475 307 0 407 77
1 0.537833 289 503 451 605
