1 0.908659 539 268 686 390
1 0.900149 539 377 688 501
1 0.896505 545 160 686 282
3 0.895439 1199 610 1325 761
3 0.892908 1322 603 1465 756
1 0.888749 682 254 809 378
1 0.883141 697 0 811 61
1 0.879505 684 370 814 501
1 0.876355 438 391 546 509
1 0.875015 556 66 696 172
1 0.872968 804 242 937 369
1 0.872169 298 401 442 510
1 0.870479 1323 469 1462 603
3 0.868436 306 613 458 737
1 0.865505 803 361 941 492
1 0.864512 681 144 809 265
1 0.86196 565 0 700 83
1 0.861487 448 190 554 297
3 0.858016 457 612 567 744
1 0.855274 941 478 1204 617
2 0.852649 565 611 697 749
1 0.849363 689 47 813 156
3 0.847729 1679 595 1779 683
1 0.839271 933 20 1067 133
1 0.838362 930 118 1192 242
1 0.832974 295 306 444 418
1 0.832135 805 134 939 253
1 0.831894 1191 473 1329 610
1 0.829647 438 286 547 401
1 0.824551 461 94 560 198
1 0.820543 1327 116 1436 236
1 0.819503 1343 352 1454 477
1 0.81849 185 261 252 352
1 0.810358 555 494 694 613
1 0.796981 807 37 938 147
3 0.796359 1465 600 1586 749
1 0.791616 243 331 303 424
1 0.787901 1341 231 1458 355
1 0.78618 299 505 444 606
1 0.785032 372 117 464 215
1 0.784595 245 237 309 347
1 0.775493 361 213 453 319
1 0.764022 310 135 380 232
3 0.762411 944 614 1202 775
1 0.76228 179 343 249 439
1 0.761995 179 514 299 606
1 0.75329 177 425 249 519
3 0.751695 442 500 558 613
1 0.750409 251 156 318 251
1 0.747468 931 234 1197 361
3 0.747272 186 609 311 724
2 0.740491 1449 125 1581 245
1 0.735002 195 188 255 268
1 0.718175 812 0 935 48
2 0.711762 1540 37 1673 149
1 0.707718 1063 17 1188 125
2 0.706268 1480 354 1589 480
1 0.699066 939 352 1206 487
1 0.688953 1471 236 1584 358
1 0.688948 1191 113 1290 238
1 0.686933 205 118 266 192
3 0.685752 696 613 946 770
2 0.681783 1568 138 1668 258
1 0.673985 688 487 945 615
1 0.672357 1203 347 1335 481
1 0.655571 303 219 370 324
1 0.645048 1658 148 1768 263
3 0.636897 402 0 479 49
1 0.624353 467 6 566 102
2 0.621652 1671 257 1780 366
1 0.621101 262 80 326 170
1 0.591235 1584 360 1682 479
1 0.585706 1312 15 1461 125
2 0.580668 1679 364 1789 481
1 0.57673 319 58 393 145
1 0.570255 1795 100 1878 193
1 0.560452 808 485 944 612
1 0.542503 1584 475 1684 589
1 0.537168 246 417 301 517
1 0.524526 179 516 262 607
1 0.517805 938 354 1082 485
1 0.50959 689 492 811 615
2 0.508454 698 614 947 767
1 0.500182 336 0 408 67
