1 0.895158 1454 238 1582 361
1 0.88709 926 129 1066 248
1 0.885083 1677 368 1901 486
1 0.883482 681 258 808 382
1 0.88297 920 21 1066 138
1 0.876727 1068 236 1324 363
1 0.874847 1061 13 1304 131
1 0.872702 542 381 685 505
1 0.872426 806 364 939 495
1 0.87192 549 75 696 177
1 0.870099 682 375 818 498
1 0.866597 680 147 810 269
1 0.864279 802 248 935 371
1 0.864248 930 241 1068 362
1 0.862689 433 394 548 512
1 0.85972 800 137 931 258
1 0.859394 438 284 549 406
1 0.858547 935 356 1078 487
1 0.856887 455 96 557 203
1 0.856584 1428 37 1547 135
1 0.856214 544 166 683 282
1 0.854604 1575 249 1677 366
1 0.853353 693 58 805 159
1 0.851385 266 505 453 611
1 0.849168 288 404 443 514
1 0.848709 808 40 923 147
3 0.848623 454 610 563 708
1 0.847126 1536 43 1644 138
1 0.846242 702 0 803 66
1 0.845821 185 609 252 716
3 0.845326 1465 594 1589 748
1 0.841942 448 193 550 298
1 0.8394 293 310 444 417
1 0.838446 180 350 247 439
1 0.834184 241 337 299 431
3 0.833598 1324 601 1466 756
1 0.831849 178 516 254 609
1 0.830102 250 163 317 261
1 0.8269 178 429 248 525
1 0.821159 1556 134 1661 257
1 0.820977 1464 475 1681 599
1 0.818519 570 0 704 84
1 0.807534 1300 21 1430 130
1 0.805929 1323 236 1461 360
1 0.805784 1676 477 1908 587
1 0.798009 241 242 306 346
1 0.796307 1521 0 1619 49
1 0.795153 250 608 457 738
1 0.794246 540 269 686 392
1 0.788176 441 503 556 612
1 0.783439 1431 125 1576 249
1 0.778085 1583 359 1680 484
1 0.770464 1606 0 1717 66
1 0.766239 194 184 258 271
1 0.763611 243 419 298 521
1 0.752782 550 498 691 614
1 0.751079 940 484 1086 614
1 0.750847 1065 122 1302 246
1 0.750245 1635 61 1740 163
1 0.745927 1667 259 1876 377
1 0.741601 1464 475 1590 599
1 0.736298 185 262 249 358
1 0.73607 1709 2 1790 97
1 0.732827 374 122 460 219
1 0.711301 1801 107 1888 195
1 0.709655 1735 87 1812 181
1 0.708903 818 487 943 609
1 0.703309 686 493 817 616
1 0.694734 308 142 381 238
1 0.688321 262 98 325 176
1 0.682988 365 214 451 316
1 0.66857 301 226 371 323
1 0.662741 1075 352 1328 485
1 0.656801 1460 356 1590 482
1 0.65664 301 217 449 319
1 0.652339 1185 119 1446 247
1 0.645462 207 114 272 192
1 0.621012 815 0 917 49
1 0.619753 1657 159 1826 268
1 0.612865 1085 479 1204 610
1 0.612737 1075 355 1207 489
1 0.608538 1667 257 1797 375
1 0.597227 1422 0 1537 49
1 0.587983 389 48 466 116
1 0.578685 1324 477 1467 602
1 0.573983 935 611 1203 779
1 0.571135 1320 355 1459 481
1 0.53805 385 63 464 131
3 0.523168 1465 595 1679 749
