1 0.90513 547 267 688 390
1 0.901728 545 378 690 503
3 0.89592 1322 600 1466 755
1 0.895529 1679 366 1867 486
1 0.894364 548 164 688 280
3 0.892089 1465 595 1589 750
1 0.885784 1574 248 1681 367
1 0.883299 1455 239 1582 361
1 0.878209 699 0 798 62
1 0.877658 935 125 1074 248
1 0.876386 570 0 703 84
1 0.873584 795 246 942 373
1 0.871265 553 496 693 603
1 0.867405 691 48 793 157
1 0.866748 559 67 698 174
1 0.862396 1067 234 1315 360
1 0.861965 684 256 801 380
1 0.860815 936 240 1077 362
1 0.859219 1670 257 1862 379
1 0.858579 1323 476 1464 603
2 0.857486 567 610 699 755
1 0.856176 1581 360 1682 482
1 0.854611 931 18 1072 136
1 0.850119 686 369 809 497
1 0.84832 1582 475 1684 594
1 0.846083 1462 476 1585 599
1 0.843748 790 136 938 258
1 0.839855 290 391 550 511
1 0.838708 686 147 792 265
1 0.833125 178 425 250 519
1 0.833092 798 363 946 492
1 0.831094 249 158 317 253
1 0.828592 794 36 935 145
1 0.824853 186 260 250 350
1 0.82321 309 139 384 237
3 0.818758 1679 589 1839 705
1 0.816882 1459 355 1588 484
1 0.816022 1059 12 1300 128
1 0.814444 454 94 562 193
1 0.812236 1425 36 1551 135
1 0.806357 242 329 303 420
1 0.803981 302 223 372 324
1 0.802167 940 355 1081 483
1 0.801682 319 68 396 149
1 0.795068 180 342 246 433
1 0.788082 1711 0 1792 98
1 0.788022 261 82 330 171
1 0.787387 243 235 309 343
1 0.786924 1522 0 1619 54
1 0.78655 179 517 252 606
1 0.776906 1611 0 1719 62
1 0.774701 1071 350 1322 486
1 0.769661 1203 604 1324 760
1 0.763342 196 185 256 270
1 0.760585 1734 88 1813 184
1 0.760479 811 487 944 613
1 0.759644 1308 239 1462 362
1 0.756063 1561 135 1666 255
1 0.753483 1423 123 1574 250
1 0.752069 276 11 346 89
1 0.746328 358 288 553 404
1 0.746252 1423 0 1538 52
1 0.74467 1056 117 1314 244
1 0.739838 1798 105 1876 198
1 0.73598 287 502 556 613
1 0.73386 1681 476 1850 587
1 0.731341 339 0 408 72
1 0.728131 375 123 460 212
2 0.724157 1588 594 1678 748
1 0.716741 443 188 559 294
1 0.703648 209 112 267 191
1 0.699931 689 490 816 610
1 0.690474 244 413 298 516
1 0.689534 1536 46 1639 143
1 0.681763 1538 52 1739 153
1 0.676384 1659 158 1816 271
1 0.669288 386 49 464 135
1 0.669184 295 309 368 418
1 0.651406 941 482 1208 615
1 0.644339 943 484 1084 614
1 0.642779 403 0 474 47
1 0.637811 1626 62 1740 161
1 0.631532 710 488 945 616
1 0.621445 1314 355 1458 481
1 0.616526 1197 116 1447 245
1 0.613774 365 207 453 313
1 0.609006 942 611 1207 768
3 0.596918 945 608 1203 768
3 0.529328 185 611 249 647
1 0.528164 1852 481 1920 580
1 0.527086 1863 123 1920 218
1 0.515146 1815 183 1897 294
1 0.501971 1289 16 1428 130
