1 0.895435 1450 239 1584 360
1 0.882852 544 162 692 282
1 0.879395 693 49 811 156
1 0.877713 1677 367 1893 487
1 0.877029 809 35 938 145
1 0.874313 685 147 810 267
1 0.87042 803 137 941 256
1 0.868518 685 372 816 494
1 0.863169 1574 250 1682 368
1 0.858201 553 73 700 178
1 0.855849 1199 600 1467 766
1 0.855455 702 0 808 59
1 0.852401 931 21 1065 138
1 0.8495 304 606 462 736
1 0.846884 682 258 809 384
1 0.843843 1428 43 1549 134
1 0.838056 1561 136 1666 259
1 0.823737 1428 122 1578 249
1 0.820449 1666 264 1900 382
1 0.819341 806 364 945 491
1 0.819341 1535 48 1640 144
3 0.818129 1463 596 1588 755
1 0.809347 546 495 700 605
1 0.805521 582 0 705 80
1 0.803614 809 482 948 603
1 0.802776 1523 0 1619 55
1 0.798537 1462 475 1591 600
1 0.797337 1056 8 1304 130
1 0.794559 193 180 259 271
1 0.792533 938 354 1075 484
1 0.783986 1422 0 1532 52
1 0.780755 802 243 1071 368
1 0.778876 179 510 293 611
1 0.777573 1583 360 1683 483
1 0.769794 461 98 557 202
1 0.763462 1063 236 1325 360
1 0.763438 243 237 309 340
1 0.754818 1142 118 1444 243
1 0.754234 694 488 811 591
1 0.745042 546 268 688 390
1 0.739706 1630 65 1739 156
1 0.738162 1067 237 1457 363
1 0.736108 1799 106 1887 200
1 0.732854 933 131 1063 249
1 0.723979 180 343 249 432
1 0.719826 178 424 253 523
1 0.717665 284 403 451 517
3 0.715979 455 607 570 745
1 0.709521 244 332 302 426
1 0.686976 293 311 449 417
1 0.685185 1066 352 1455 486
1 0.669953 1609 0 1716 69
1 0.643867 541 380 690 504
1 0.633699 1202 474 1468 602
1 0.62749 184 261 252 352
1 0.625304 1733 90 1808 177
1 0.620572 1710 0 1787 94
1 0.60574 1461 355 1589 483
1 0.595658 926 242 1067 363
1 0.594378 1059 123 1372 245
1 0.590876 252 162 317 250
1 0.587874 186 606 303 727
1 0.569297 280 502 548 609
1 0.567149 1652 156 1874 280
1 0.557206 940 605 1205 772
1 0.541992 367 196 552 309
1 0.520781 818 0 935 46
1 0.515878 1315 238 1454 360
1 0.513535 1781 55 1909 115
1 0.512501 945 481 1208 615
1 0.510429 364 501 549 610
1 0.509582 1139 11 1429 130
