1 0.891796 543 271 690 392
1 0.889851 686 258 815 384
1 0.884986 931 22 1059 141
1 0.884342 806 38 936 149
1 0.880595 549 166 692 281
1 0.870198 687 148 811 266
1 0.866014 693 59 810 158
1 0.858912 804 138 934 256
1 0.856143 532 383 686 509
1 0.855614 1433 130 1578 248
1 0.855294 305 609 460 740
1 0.854538 1446 239 1583 362
1 0.854338 816 365 947 495
1 0.851172 808 247 938 372
1 0.850394 558 77 698 179
1 0.845751 1577 249 1675 366
1 0.845128 938 360 1075 489
1 0.844572 1466 358 1589 483
1 0.841564 683 377 825 500
1 0.838074 1667 258 1812 372
1 0.824027 1431 46 1549 139
3 0.818665 1462 593 1589 748
1 0.810822 1673 366 1817 485
1 0.810359 1609 0 1718 70
1 0.799513 181 348 247 435
1 0.798507 584 1 702 82
1 0.793327 1537 55 1641 147
1 0.790756 1523 0 1617 60
1 0.788013 697 0 805 71
1 0.786748 1055 23 1183 132
1 0.782795 1419 0 1535 56
1 0.782334 184 264 249 354
1 0.778286 1584 360 1677 483
1 0.768901 1729 89 1806 181
1 0.767004 541 499 687 615
1 0.763754 1710 0 1787 95
1 0.761745 1629 63 1738 157
1 0.761222 369 192 558 304
1 0.738628 931 131 1057 247
1 0.734174 194 179 259 270
1 0.733912 934 240 1058 369
1 0.733187 183 609 306 733
1 0.718195 288 395 540 517
1 0.716358 295 311 446 419
1 0.707045 819 0 936 50
1 0.696964 1798 110 1890 192
3 0.695787 1323 600 1465 756
1 0.665765 1793 279 1918 386
1 0.645008 378 107 563 211
1 0.642294 1323 236 1449 361
1 0.641717 1187 124 1443 244
1 0.63587 179 426 251 523
1 0.634036 242 243 308 339
1 0.631045 1071 360 1215 494
1 0.62488 1201 612 1326 763
1 0.624836 954 484 1213 609
1 0.61655 1300 17 1428 134
1 0.616297 319 286 552 413
1 0.612265 1816 183 1897 289
1 0.599418 1561 142 1666 259
1 0.597931 1784 47 1913 120
1 0.585365 178 513 304 614
1 0.579221 241 334 302 425
1 0.567138 254 145 386 243
1 0.563205 265 504 449 614
3 0.549268 1678 587 1828 702
1 0.547397 179 426 284 524
1 0.525905 1674 365 1896 486
1 0.518628 275 504 545 612
1 0.506626 906 606 1206 771
1 0.505024 1465 476 1592 598
1 0.504611 1775 0 1912 57
1 0.502142 1046 125 1319 246
