3 0.904372 1323 602 1463 757
1 0.885473 930 237 1069 361
3 0.885364 1464 598 1588 748
1 0.88241 932 121 1062 242
3 0.881544 1199 614 1323 759
1 0.878313 301 208 450 324
1 0.873451 569 0 702 83
1 0.87038 930 23 1067 134
1 0.86983 804 360 939 492
2 0.866313 1669 256 1790 367
1 0.864646 938 353 1078 484
1 0.861964 804 241 935 368
1 0.858543 698 0 809 62
1 0.849069 546 379 683 500
2 0.836795 1541 39 1678 149
1 0.827702 1324 471 1464 603
3 0.825913 440 502 553 609
1 0.818398 799 135 938 251
3 0.818026 1678 594 1782 687
2 0.809782 1467 128 1575 244
1 0.803044 682 371 812 501
1 0.802205 1339 353 1460 477
1 0.80048 690 47 814 154
1 0.793954 557 64 697 176
1 0.793556 555 496 687 609
1 0.787354 1066 231 1307 356
1 0.77635 687 488 944 615
1 0.772502 178 518 254 607
2 0.769072 1570 136 1680 261
3 0.764729 177 427 253 521
1 0.755613 546 161 686 279
1 0.750129 1190 471 1331 611
2 0.746235 1573 249 1673 361
2 0.745 1450 35 1552 132
1 0.744534 679 144 804 264
1 0.743273 804 36 935 146
1 0.741996 372 120 462 219
1 0.734677 545 268 682 389
2 0.73125 1480 355 1594 480
3 0.724062 304 508 442 611
2 0.718078 1858 378 1920 486
2 0.715837 1481 238 1588 357
1 0.715477 681 251 809 378
1 0.706574 459 96 559 202
2 0.705926 564 610 698 750
3 0.703782 944 613 1202 769
2 0.700717 1858 482 1920 564
3 0.687095 456 612 566 744
2 0.684346 456 612 565 743
1 0.683714 289 405 439 515
1 0.672219 240 241 306 348
1 0.658154 309 134 384 230
1 0.654459 1072 352 1212 485
3 0.647922 180 349 249 439
1 0.638297 1309 15 1460 122
1 0.635959 260 83 329 176
3 0.628207 697 612 945 772
3 0.624186 464 13 570 108
2 0.622316 1579 357 1676 480
1 0.614668 437 392 550 508
1 0.608841 195 188 256 267
3 0.604964 184 609 306 724
3 0.582896 205 121 266 192
1 0.582463 1064 18 1187 125
1 0.569873 447 189 548 297
3 0.565666 308 610 457 740
2 0.564093 1794 485 1855 564
1 0.563245 1185 12 1318 119
1 0.547817 941 479 1204 617
1 0.543991 1069 348 1336 481
1 0.538731 292 308 440 419
1 0.522309 245 330 302 424
3 0.521264 184 609 254 722
1 0.515861 1466 473 1682 598
1 0.50687 186 262 247 356
