1 0.907623 547 268 687 389
1 0.904313 540 379 687 506
1 0.896604 684 257 809 383
1 0.892376 546 163 688 279
1 0.882542 1462 358 1590 483
1 0.879847 925 19 1063 139
1 0.879663 569 0 702 86
1 0.879176 1455 240 1582 361
1 0.879032 797 137 933 258
1 0.878853 684 375 820 498
1 0.869658 1204 600 1325 762
1 0.869477 691 50 806 156
3 0.869271 1464 592 1588 752
1 0.867441 184 265 249 356
1 0.866831 698 0 806 62
1 0.864435 800 38 930 146
1 0.862891 548 497 695 614
1 0.861085 180 348 248 436
1 0.861 1678 366 1896 488
3 0.858524 1324 600 1466 757
1 0.858311 557 72 695 172
1 0.854548 809 365 939 495
1 0.853338 454 96 562 201
1 0.850564 1055 16 1300 131
1 0.847295 441 391 547 511
1 0.840354 439 288 550 408
1 0.839191 926 130 1064 248
1 0.837717 1573 250 1680 368
1 0.83581 1435 125 1576 250
1 0.835026 1538 54 1641 147
1 0.834212 801 248 934 374
1 0.833894 1429 41 1549 137
1 0.829052 242 336 299 431
1 0.828958 302 230 372 326
1 0.82821 471 8 571 98
1 0.826877 250 159 320 260
1 0.826031 261 87 333 170
1 0.821894 1522 0 1617 60
1 0.816732 1585 361 1682 485
1 0.813318 443 193 554 301
1 0.813134 311 142 384 240
1 0.812231 183 608 304 727
1 0.806693 1066 236 1299 361
1 0.805591 375 122 462 212
1 0.801582 284 504 452 608
1 0.801273 179 429 251 524
1 0.796382 241 242 307 344
1 0.795613 818 486 945 606
1 0.783019 446 503 552 609
1 0.778382 1295 19 1432 129
1 0.777846 295 315 366 426
1 0.772155 1464 479 1588 597
1 0.76994 1560 138 1665 259
1 0.768772 193 186 257 274
1 0.766388 1611 0 1782 68
1 0.766373 365 209 450 318
1 0.766081 1422 0 1535 53
1 0.758793 358 304 446 418
1 0.751008 1670 259 1829 374
1 0.746632 1304 238 1461 359
1 0.742965 1630 66 1741 154
1 0.733029 687 491 821 610
1 0.715102 304 605 460 739
1 0.71428 1327 480 1462 602
1 0.712317 403 0 477 51
1 0.71196 1652 156 1829 266
1 0.70804 938 358 1075 486
1 0.703752 931 242 1058 366
1 0.703401 942 481 1211 612
1 0.694115 387 45 472 134
1 0.693771 1732 88 1806 176
1 0.692082 245 421 299 522
1 0.691309 324 64 396 149
1 0.687072 1799 108 1877 200
1 0.681219 1063 122 1294 245
1 0.659483 1321 353 1460 485
1 0.659197 1815 187 1894 292
3 0.658844 1678 590 1781 692
1 0.654216 939 606 1205 774
1 0.636245 806 0 923 49
1 0.632302 292 410 447 516
1 0.61549 343 0 410 64
1 0.612845 178 517 296 611
2 0.59878 569 611 701 759
1 0.589329 1201 118 1448 248
1 0.582465 684 145 807 269
1 0.550294 1782 277 1897 389
1 0.542422 364 0 477 54
3 0.533662 454 607 573 747
1 0.532464 208 118 267 194
1 0.521107 1817 46 1912 123
3 0.50156 304 604 461 742
