1 0.889803 179 516 298 604
3 0.889351 1324 604 1462 751
3 0.887737 309 609 457 731
3 0.881913 455 609 565 732
1 0.880869 179 418 297 521
1 0.875616 1579 358 1676 481
1 0.875064 1058 126 1301 242
1 0.871125 687 375 815 491
1 0.870705 543 381 691 503
1 0.864154 547 494 691 608
1 0.863839 546 268 691 389
1 0.851082 931 21 1061 139
1 0.84914 689 254 807 383
1 0.84909 804 35 939 145
1 0.847389 293 402 454 513
1 0.845179 305 206 458 319
1 0.841562 1056 15 1306 131
1 0.834659 1061 238 1300 360
3 0.834589 187 609 316 728
1 0.83397 1204 608 1323 758
1 0.832713 292 505 452 604
1 0.831686 1576 248 1674 362
1 0.827658 182 345 239 434
1 0.818752 548 161 695 279
1 0.816744 931 240 1065 364
1 0.809502 264 88 326 168
1 0.806148 197 181 258 269
1 0.795954 238 238 306 344
1 0.794819 808 362 940 489
1 0.789798 1540 48 1635 152
1 0.786942 253 165 315 248
1 0.784711 454 186 552 292
1 0.781335 693 48 811 157
1 0.777916 1628 63 1812 180
1 0.777871 459 93 557 198
1 0.773716 1427 36 1550 136
1 0.771346 1480 357 1582 486
1 0.769309 1416 128 1569 250
1 0.761668 1559 138 1654 259
1 0.760833 297 304 447 413
1 0.756866 236 330 299 427
1 0.753509 186 264 245 353
1 0.749426 285 0 410 89
1 0.747872 696 0 814 58
1 0.740361 1525 0 1620 57
1 0.738331 313 121 460 224
1 0.737016 1645 156 1902 286
1 0.720856 945 616 1050 765
3 0.720404 463 3 564 97
1 0.717546 945 608 1205 769
1 0.712882 798 135 937 257
1 0.703338 1171 125 1418 242
3 0.684227 1675 590 1782 734
1 0.682484 1479 479 1679 586
1 0.677149 938 356 1081 480
1 0.673224 1436 241 1578 361
1 0.67181 236 0 301 57
1 0.670675 292 395 523 513
3 0.660353 693 612 945 767
1 0.63696 1425 0 1533 49
1 0.624498 1805 111 1881 212
3 0.618641 561 0 703 85
1 0.602057 1165 14 1428 135
3 0.601727 553 65 699 175
1 0.600803 936 129 1061 247
3 0.596886 1203 612 1323 759
1 0.594581 330 287 550 406
1 0.593795 319 78 396 150
1 0.580112 1649 155 1845 274
1 0.570332 1780 370 1899 489
3 0.568656 697 0 817 58
1 0.565878 1090 610 1203 765
1 0.560277 806 247 935 369
1 0.55382 1887 212 1920 307
1 0.549208 1868 132 1920 222
1 0.548207 687 487 823 609
1 0.544246 1479 357 1658 485
1 0.5439 1299 238 1435 362
1 0.530887 1666 257 1874 379
1 0.52916 692 147 808 262
1 0.508518 448 501 548 609
1 0.504273 316 83 460 166
2 0.501213 563 607 697 745
