1 0.90505 541 379 691 505
1 0.897286 545 268 690 392
1 0.887776 1458 240 1584 360
1 0.874441 545 165 693 279
1 0.87066 928 20 1072 135
1 0.870085 569 0 704 78
1 0.868888 692 48 799 157
1 0.868868 932 239 1079 363
1 0.861371 933 125 1074 248
1 0.860958 555 67 700 174
1 0.856888 1573 249 1682 366
1 0.856222 699 0 803 60
1 0.856053 1464 474 1589 600
3 0.856019 1324 600 1466 755
1 0.852273 794 135 940 258
1 0.851035 185 262 250 352
1 0.850798 687 145 803 265
3 0.850017 455 609 568 744
1 0.847565 796 246 940 373
1 0.843481 684 255 802 383
1 0.842797 1678 365 1878 485
1 0.83819 689 492 815 612
1 0.837859 685 371 809 498
1 0.836158 1068 235 1316 359
1 0.835398 1583 360 1683 482
1 0.834029 1419 41 1548 133
1 0.833667 180 343 249 434
1 0.831653 287 503 448 607
1 0.831302 456 95 561 192
1 0.827332 938 355 1081 483
1 0.825835 550 497 692 604
1 0.825151 1460 356 1589 483
1 0.825066 799 365 942 495
1 0.823271 800 33 932 146
3 0.821105 1678 591 1781 679
1 0.816579 195 183 261 268
1 0.814392 1520 0 1716 60
1 0.806801 243 331 299 424
1 0.801794 253 159 319 252
1 0.7993 302 225 373 327
1 0.796008 1422 122 1578 249
1 0.795078 311 138 386 238
1 0.792043 1061 13 1304 128
1 0.79007 1421 0 1536 52
2 0.79002 565 607 697 750
1 0.78821 811 486 942 610
1 0.787977 244 235 309 345
1 0.782124 435 283 553 403
1 0.781345 178 424 252 521
1 0.779698 294 313 371 418
3 0.771294 1465 594 1587 748
3 0.757108 1782 588 1906 679
1 0.755785 1325 477 1466 603
1 0.75455 264 87 329 169
1 0.728613 1308 238 1461 361
1 0.726429 1069 121 1304 244
1 0.72335 208 111 270 188
1 0.714235 440 501 552 610
1 0.70992 1706 0 1790 99
1 0.709464 1681 476 1783 585
1 0.702397 377 120 462 205
1 0.701277 941 482 1083 613
1 0.700685 1190 116 1449 244
1 0.700326 184 605 310 726
1 0.694408 1563 135 1669 255
1 0.687621 1672 258 1883 377
1 0.686455 178 514 290 606
1 0.68515 1076 353 1337 486
1 0.6757 178 515 258 607
1 0.660662 1291 20 1427 128
1 0.650877 322 61 396 148
1 0.6485 390 45 465 124
1 0.6474 247 414 298 519
1 0.64492 404 0 475 46
1 0.642503 1662 160 1766 266
1 0.621164 1463 475 1645 600
1 0.620785 440 191 555 300
1 0.610481 1537 49 1670 145
3 0.596877 304 606 460 737
1 0.577505 243 0 297 56
1 0.573376 307 606 459 737
1 0.569173 1735 90 1810 179
1 0.566763 1586 474 1685 595
1 0.56373 368 208 453 308
1 0.540725 1800 102 1875 191
1 0.526932 338 0 409 63
1 0.52287 1678 365 1807 485
1 0.50331 939 608 1204 775
