1 0.900672 1674 365 1874 488
1 0.899861 542 267 692 391
1 0.89744 540 379 692 508
1 0.881517 1454 239 1585 362
1 0.881029 570 0 704 81
1 0.879624 543 162 694 278
3 0.875982 1324 600 1464 757
1 0.873003 931 21 1071 138
1 0.872003 554 68 700 172
1 0.871062 796 35 936 148
1 0.868928 691 46 799 155
1 0.868911 369 287 548 405
1 0.866563 1678 479 1852 590
1 0.8649 700 0 798 61
1 0.863287 1576 248 1677 367
1 0.862351 186 266 250 352
1 0.858233 1668 258 1856 374
1 0.852176 687 371 816 495
1 0.842769 370 194 552 305
1 0.838901 181 344 249 435
1 0.83879 381 98 563 203
1 0.838447 935 241 1074 362
1 0.833928 548 496 694 604
1 0.832637 807 363 950 493
1 0.830698 936 129 1072 249
1 0.825721 1463 358 1590 486
1 0.823029 296 390 547 512
1 0.819549 179 517 286 607
1 0.819066 1069 240 1307 359
1 0.818108 195 183 261 269
1 0.816908 303 224 375 324
1 0.814674 311 140 387 235
1 0.814503 1428 45 1550 133
1 0.813376 242 330 302 428
1 0.810387 244 237 309 343
3 0.806825 1677 590 1844 695
1 0.802321 179 426 252 526
1 0.796088 254 162 320 251
1 0.795297 1422 0 1539 53
3 0.793796 1463 593 1591 750
1 0.792971 1523 0 1617 54
1 0.787459 808 245 942 371
1 0.781621 280 499 550 610
1 0.778971 1586 360 1678 483
1 0.76895 264 89 332 168
1 0.766151 688 255 812 381
2 0.765073 563 604 702 751
1 0.761171 1427 124 1578 248
1 0.758196 372 500 550 609
1 0.755324 1200 602 1326 762
1 0.746212 1562 135 1663 256
1 0.739453 1735 88 1811 182
1 0.732925 295 313 374 422
1 0.729366 208 112 271 186
3 0.729083 288 604 568 745
1 0.726343 1189 117 1443 246
1 0.724605 1659 159 1829 269
1 0.717232 1853 483 1920 588
1 0.716619 1709 0 1788 97
1 0.715722 800 136 941 257
1 0.715358 688 144 805 265
1 0.700413 944 480 1208 614
1 0.699379 1537 49 1645 144
1 0.696913 394 8 577 101
1 0.696003 795 0 935 46
1 0.684495 1611 0 1716 63
1 0.680369 247 418 299 524
1 0.668042 323 60 397 147
1 0.659929 943 356 1079 483
1 0.654832 942 609 1204 774
1 0.635985 1296 240 1454 362
1 0.616768 1463 474 1682 600
1 0.603823 1465 479 1590 599
1 0.588713 1822 188 1920 290
1 0.585254 290 0 409 58
1 0.566689 293 604 568 742
1 0.561883 1858 376 1920 498
3 0.554388 188 609 302 724
1 0.546942 1116 352 1444 491
1 0.542427 1641 67 1743 160
1 0.534283 1068 14 1294 131
1 0.533367 241 0 296 56
1 0.529365 1168 239 1452 361
1 0.511186 823 490 945 611
3 0.508734 1463 595 1681 752
1 0.506676 731 136 942 259
