1 0.912194 545 266 690 390
1 0.907464 543 377 690 503
3 0.891881 1323 600 1466 756
1 0.886628 1677 365 1875 486
1 0.884466 1455 240 1582 360
1 0.87566 551 495 693 605
1 0.874429 546 164 692 280
1 0.873628 571 0 702 84
1 0.87258 1573 247 1679 367
1 0.869561 691 48 796 159
1 0.868081 1463 474 1592 600
1 0.865456 1667 258 1867 378
1 0.861641 937 240 1077 361
1 0.861627 932 21 1065 136
1 0.86144 560 70 698 175
1 0.858758 184 258 250 351
1 0.857289 934 124 1073 248
1 0.852104 180 342 248 436
1 0.850683 178 425 251 521
1 0.850612 698 0 803 61
3 0.850487 1464 595 1590 751
3 0.84242 456 610 567 744
1 0.840151 796 36 937 145
1 0.834495 796 245 942 372
1 0.833855 242 330 301 424
1 0.833797 249 157 317 254
1 0.832592 302 221 375 322
1 0.829332 310 139 385 237
1 0.828522 1709 1 1789 99
1 0.825369 1067 233 1307 358
1 0.822436 1425 38 1549 134
1 0.821609 939 354 1083 480
1 0.81323 295 312 369 419
1 0.811883 943 482 1086 613
1 0.811361 1427 124 1575 250
1 0.806897 243 234 309 344
1 0.806218 800 363 944 493
1 0.805799 178 514 253 604
1 0.804621 193 183 257 270
2 0.803354 566 608 698 750
1 0.802548 319 68 397 150
1 0.800676 260 85 330 172
1 0.798451 1522 0 1620 53
1 0.795826 454 96 563 195
1 0.794403 1538 46 1638 145
1 0.792644 794 136 938 259
1 0.786008 1325 476 1466 602
1 0.782611 1611 0 1718 66
1 0.778487 1561 134 1664 259
1 0.774223 685 255 805 381
1 0.771108 1734 87 1810 182
1 0.767301 339 0 408 75
1 0.765555 275 6 346 89
1 0.763858 1462 475 1674 600
1 0.762418 687 146 796 266
1 0.761236 289 504 445 606
1 0.756586 807 487 944 605
1 0.747981 205 104 268 190
1 0.746591 1629 61 1740 159
1 0.742864 1581 360 1681 481
1 0.738716 245 412 298 517
1 0.736793 1194 117 1448 245
1 0.73137 1656 156 1829 271
1 0.727479 1422 0 1537 50
1 0.725904 310 607 459 737
1 0.711991 1850 482 1920 580
1 0.702773 1680 475 1850 586
1 0.700742 403 0 476 45
1 0.699245 386 50 467 134
1 0.696532 376 120 463 213
1 0.690994 1074 349 1330 485
1 0.690574 353 392 547 510
1 0.688949 1800 103 1877 197
1 0.680673 687 370 811 497
1 0.660997 1179 16 1429 130
1 0.641942 690 491 813 609
1 0.639568 183 606 311 726
1 0.639255 1819 186 1893 291
1 0.634767 1459 355 1589 483
1 0.625166 467 1 577 94
1 0.6216 1060 14 1293 130
1 0.608057 291 403 371 514
1 0.606336 1203 605 1325 760
1 0.602823 691 487 945 613
1 0.599088 1068 120 1297 244
1 0.593665 249 511 295 605
1 0.592643 442 192 557 293
3 0.582798 1679 589 1847 701
1 0.579098 1294 239 1459 361
1 0.552863 363 296 551 408
1 0.537386 1082 480 1207 610
1 0.532055 436 284 551 400
1 0.532054 1140 235 1456 360
1 0.526316 1778 15 1851 107
1 0.522148 388 45 467 105
2 0.514421 1848 582 1917 690
1 0.510157 368 206 452 305
1 0.501225 1586 474 1684 594
