1 0.908136 540 380 690 503
1 0.892751 1452 239 1583 361
1 0.891105 542 268 689 393
1 0.891096 1463 474 1589 601
1 0.883681 548 496 693 609
1 0.879862 699 0 802 61
1 0.878655 545 163 691 279
1 0.878074 568 0 704 82
3 0.877719 1463 595 1588 751
1 0.872154 932 19 1065 137
3 0.870084 1324 600 1465 754
1 0.868592 934 127 1069 249
1 0.863928 556 68 699 173
3 0.862859 454 609 570 747
1 0.862132 796 36 937 149
1 0.854541 1066 234 1319 362
1 0.852403 692 48 800 158
1 0.849336 1061 12 1298 127
1 0.847114 1432 126 1575 249
1 0.845469 1574 249 1675 367
1 0.838966 310 139 385 235
1 0.83806 933 241 1072 362
1 0.837731 180 342 249 434
1 0.837234 185 263 251 351
1 0.830898 802 361 942 493
1 0.829556 301 223 374 325
1 0.827306 1704 0 1789 95
1 0.819684 1610 0 1718 68
1 0.818354 1423 37 1550 134
1 0.813852 295 502 449 609
1 0.813528 296 312 370 420
1 0.811755 254 160 319 250
1 0.810689 246 235 309 342
1 0.810036 799 247 938 371
1 0.806413 242 330 301 425
1 0.804842 1522 0 1619 54
1 0.802846 1460 357 1588 484
1 0.799554 195 185 259 268
1 0.796503 1585 475 1683 594
1 0.792385 1559 138 1665 254
1 0.791642 320 60 397 148
1 0.790217 179 513 297 607
1 0.776766 263 85 332 169
1 0.776451 1734 84 1813 185
1 0.76922 792 138 939 257
1 0.762709 1665 257 1795 377
1 0.761399 1675 366 1872 487
1 0.759939 1290 17 1432 130
1 0.758349 687 483 942 611
1 0.749872 207 118 268 188
1 0.747925 1656 157 1766 268
1 0.743427 1423 0 1538 51
1 0.742987 938 356 1080 485
1 0.737256 1197 119 1447 245
1 0.736769 340 0 411 69
1 0.735684 1327 479 1465 604
1 0.732887 179 423 247 519
1 0.729476 1535 47 1643 145
1 0.728583 292 394 544 510
1 0.728137 1582 360 1680 482
1 0.720741 1679 477 1787 589
1 0.713441 1065 120 1298 245
1 0.708837 1315 237 1455 361
1 0.705188 451 96 561 192
1 0.704521 938 480 1207 615
1 0.70157 691 248 938 375
1 0.698553 1202 606 1326 762
1 0.697471 686 370 815 496
1 0.696836 242 418 300 517
3 0.695054 567 611 698 755
3 0.693487 181 605 307 672
1 0.673137 1798 102 1879 194
1 0.669325 178 423 297 519
1 0.669071 1755 179 1901 291
1 0.66645 397 9 574 94
1 0.655372 440 500 552 613
1 0.647413 685 254 806 381
1 0.639407 363 288 551 410
1 0.637662 938 608 1205 771
1 0.628811 1632 61 1741 159
1 0.61689 1076 355 1209 489
1 0.603996 940 482 1085 614
1 0.600935 278 0 348 88
1 0.592746 1675 367 1791 485
1 0.592269 295 501 544 611
1 0.587321 1789 480 1918 582
1 0.568638 368 191 556 301
1 0.567886 1780 278 1914 390
1 0.551714 437 286 549 406
1 0.550837 799 0 928 47
1 0.546581 377 123 462 211
1 0.534975 1072 352 1326 485
1 0.51904 1854 482 1920 580
1 0.510151 687 147 796 263
