1 0.904644 1684 187 1815 322
3 0.875872 1288 488 1604 715
1 0.865505 1659 62 1785 187
1 0.851729 271 324 318 395
1 0.845216 1641 0 1763 66
3 0.83378 1029 74 1124 157
1 0.831522 270 257 317 326
3 0.823162 1058 318 1142 399
3 0.818287 1047 235 1136 320
1 0.815302 274 394 322 464
1 0.810551 316 329 360 398
1 0.80936 318 396 363 462
1 0.803883 272 190 317 261
1 0.795686 79 143 135 223
3 0.783995 1032 6 1117 77
2 0.783722 851 1002 979 1069
1 0.776832 317 264 357 331
1 0.768754 69 388 130 471
1 0.767609 1255 190 1581 341
1 0.761149 134 150 185 231
2 0.75757 984 995 1059 1068
1 0.754809 1405 54 1670 187
1 0.752817 317 203 357 268
1 0.74058 1701 324 1825 458
1 0.737002 73 217 133 306
2 0.728262 0 390 67 479
2 0.726695 188 391 279 467
2 0.724783 0 475 69 562
1 0.72076 71 304 130 390
1 0.715872 316 144 357 207
2 0.712978 1061 992 1144 1066
1 0.711418 1569 186 1689 325
1 0.711369 274 133 319 197
3 0.70952 997 323 1058 403
3 0.684694 137 93 186 155
2 0.67738 0 296 68 394
1 0.674448 129 307 186 390
3 0.668592 1579 328 1703 464
1 0.649061 1268 338 1589 496
2 0.647443 235 535 316 649
3 0.646334 1043 153 1130 237
1 0.638846 131 224 185 312
2 0.629897 136 554 225 689
3 0.628747 130 387 190 466
1 0.621256 1244 0 1397 55
1 0.620991 356 158 388 216
1 0.617261 364 457 402 524
1 0.609577 1791 185 1868 224
1 0.603194 1521 0 1645 60
1 0.59748 322 461 367 527
1 0.582156 1859 361 1895 409
1 0.569004 361 397 405 461
3 0.567073 1822 361 1866 410
1 0.563675 452 347 483 402
1 0.545926 102 0 197 63
1 0.545879 69 469 134 566
1 0.531917 276 90 321 139
3 0.530708 131 465 197 562
1 0.527335 211 169 273 252
1 0.526111 1251 52 1563 195
1 0.52409 135 92 185 154
3 0.52093 1876 268 1920 318
1 0.520888 358 275 426 340
3 0.508903 1883 315 1920 364
1 0.507179 356 103 389 162
