2 0.896452 987 187 1132 296
2 0.89594 1137 183 1217 299
2 0.894468 992 295 1135 422
3 0.888126 349 59 477 126
2 0.884131 1140 297 1220 427
2 0.878751 1221 178 1300 299
3 0.877703 349 123 478 191
3 0.876614 478 1 594 58
3 0.871478 1127 92 1210 181
3 0.871065 981 102 1126 182
3 0.868712 976 12 1124 106
3 0.867257 351 1 476 61
2 0.866102 282 131 346 198
2 0.86528 1223 299 1304 427
2 0.860387 1220 432 1303 547
2 0.858704 1389 189 1439 295
3 0.857185 1214 87 1294 178
3 0.854416 1299 85 1361 177
3 0.851117 480 117 593 179
2 0.850185 1140 427 1220 550
2 0.844923 990 424 1137 537
3 0.836716 1126 2 1210 93
2 0.834463 283 3 354 63
3 0.83427 1214 0 1292 86
3 0.802695 478 59 595 118
2 0.801805 1391 296 1439 389
3 0.798055 1298 0 1363 86
2 0.783472 1305 298 1360 419
3 0.766141 1438 124 1477 200
3 0.750656 97 123 121 161
3 0.747159 597 4 650 59
2 0.74327 654 70 705 109
3 0.742044 483 177 590 212
3 0.741783 101 64 126 95
3 0.73418 98 95 122 125
3 0.707902 85 164 118 221
3 0.707106 1302 177 1359 301
3 0.706218 1434 55 1466 127
2 0.70235 883 436 990 530
2 0.701374 283 64 347 132
3 0.691037 73 97 98 132
2 0.649597 1440 291 1480 378
1 0.646401 121 328 156 366
3 0.643693 1 86 27 120
2 0.636993 879 339 987 412
3 0.63138 1388 103 1436 195
3 0.629466 1358 95 1390 188
2 0.6227 652 27 707 72
3 0.622105 27 78 71 113
3 0.620746 594 173 656 207
3 0.620486 1378 24 1416 107
1 0.617153 22 231 85 275
3 0.605347 1174 1019 1211 1080
1 0.58875 22 270 86 310
1 0.568489 0 148 20 182
3 0.56564 74 67 101 100
1 0.565425 109 254 149 294
3 0.563839 53 169 85 232
1 0.560706 118 216 150 257
1 0.560449 21 132 74 177
2 0.558495 282 271 344 361
3 0.548818 1411 38 1437 117
2 0.538833 1360 185 1391 299
3 0.538182 596 116 655 171
2 0.536649 124 365 155 407
1 0.536118 31 307 87 347
2 0.529429 877 201 985 286
1 0.528361 80 16 108 47
2 0.527991 12 0 39 30
1 0.527695 105 10 137 38
1 0.526969 597 59 653 114
1 0.520582 0 179 17 219
