2 0.887152 1585 361 1676 482
3 0.874604 546 163 694 285
1 0.864701 809 34 939 144
3 0.859398 550 67 696 182
3 0.853369 455 611 569 743
1 0.842524 935 23 1075 137
3 0.839511 540 270 690 391
1 0.838709 540 496 696 606
1 0.831428 370 287 543 405
2 0.823352 1583 589 1679 752
1 0.817274 944 609 1205 772
2 0.814404 565 602 702 756
1 0.811328 270 507 439 602
1 0.808625 691 487 941 620
1 0.794743 192 176 258 272
1 0.788207 178 427 246 516
1 0.784035 1202 613 1325 761
3 0.776515 1666 255 1843 379
1 0.769836 178 515 267 605
1 0.769473 826 365 941 489
3 0.745271 698 0 810 61
3 0.738251 553 0 702 79
1 0.733129 240 404 438 513
1 0.724053 692 376 818 493
1 0.720464 371 187 548 298
1 0.704775 181 350 238 433
3 0.702026 309 612 459 737
1 0.695245 185 270 247 353
3 0.690648 188 612 313 724
2 0.690142 1450 358 1590 483
1 0.684712 1061 13 1319 127
1 0.664646 1677 480 1867 591
1 0.66134 943 480 1206 620
1 0.660602 1180 119 1451 242
1 0.660145 935 240 1074 365
3 0.644358 397 0 502 52
2 0.643718 1675 366 1867 484
2 0.626504 699 610 949 770
3 0.625823 1435 127 1575 248
1 0.597302 935 122 1190 248
1 0.596465 697 608 947 768
1 0.592752 693 44 812 157
1 0.578567 206 93 267 184
3 0.577579 1641 157 1836 282
1 0.575751 692 246 938 377
1 0.575113 536 380 694 504
1 0.572938 1073 355 1184 489
1 0.55871 935 237 1194 365
3 0.547076 694 45 811 158
1 0.540821 436 393 540 508
2 0.537118 1586 478 1681 591
1 0.529893 690 253 812 381
