3 0.900916 0 300 241 467
1 0.886141 529 612 765 819
1 0.874295 956 614 1192 815
1 0.862451 526 435 763 620
1 0.861634 536 254 768 443
1 0.857839 384 621 538 818
3 0.851214 83 807 236 1019
3 0.846596 227 810 400 1035
1 0.837309 759 612 970 814
1 0.836532 1442 429 1671 625
1 0.817459 224 631 394 811
1 0.802607 958 427 1195 621
1 0.791114 1659 621 2003 809
3 0.78553 4 156 253 329
1 0.783642 762 242 1198 435
1 0.773251 961 239 1195 430
1 0.754673 782 77 1205 249
1 0.736787 1665 264 2010 444
1 0.731009 1175 427 1444 621
1 0.724998 1434 619 1668 809
1 0.708388 1667 94 2007 300
1 0.701798 1438 247 1672 428
3 0.697178 1656 805 2141 1027
1 0.688739 771 811 977 1067
1 0.683037 1666 436 2025 633
1 0.663539 1422 809 1660 1050
3 0.659749 0 462 229 642
1 0.656075 1183 614 1449 809
1 0.639105 389 440 540 626
1 0.584055 2124 802 2275 1013
1 0.56376 1447 92 1678 255
1 0.545692 387 259 546 442
3 0.543531 1179 239 1667 433
