1 0.823001 1603 80 1666 134
1 0.80994 1588 34 1657 84
1 0.805914 1629 237 1691 294
1 0.780942 1647 344 1710 399
1 0.78048 1638 290 1699 347
1 0.76073 2609 446 2687 504
1 0.748266 2604 389 2681 449
1 0.741218 1619 182 1685 243
1 0.729449 709 290 1029 583
1 0.724046 2591 331 2667 393
1 0.717649 1652 398 1719 458
3 0.699914 1306 381 1392 548
1 0.699528 2578 277 2658 340
1 0.662122 1576 0 1649 37
1 0.650529 996 558 1120 766
1 0.628522 1654 26 1718 83
1 0.626795 2557 449 2613 505
1 0.620206 1809 107 1895 165
1 0.617585 1791 55 1885 114
1 0.614279 1658 454 1725 515
1 0.613237 1610 132 1677 186
1 0.604755 1840 211 1911 271
1 0.595369 2573 222 2650 286
3 0.586519 1417 536 1462 647
3 0.582494 1115 545 1323 725
1 0.579537 1094 336 1290 553
1 0.578287 1847 266 1922 322
1 0.553306 1686 64 1794 125
1 0.543472 1679 118 1785 179
1 0.543253 1710 20 1790 74
3 0.537538 1453 531 1502 637
1 0.519753 1299 252 1373 406
1 0.504034 1663 72 1771 128
3 0.503545 1067 143 1268 364
