1 0.904977 1354 1065 1554 1175
1 0.904359 2104 907 2273 1000
1 0.889818 1816 801 1996 904
1 0.888294 1716 534 1821 624
1 0.884598 1802 993 1987 1092
1 0.883628 2111 816 2274 912
1 0.882209 1812 896 1991 999
1 0.881151 1715 620 1822 712
1 0.880577 2113 735 2275 826
1 0.87909 1358 964 1561 1073
1 0.874308 1797 1087 1984 1187
1 0.873948 1706 799 1820 896
1 0.87148 1712 708 1822 802
1 0.870773 1820 711 2000 812
1 0.867683 924 1017 1128 1139
1 0.866772 456 546 619 626
1 0.865928 471 474 636 549
1 0.865355 729 401 896 478
1 0.86468 494 404 657 477
1 0.863502 1984 996 2104 1091
1 0.862439 1586 437 1718 530
1 0.861709 967 653 1172 757
1 0.860988 1573 790 1708 891
1 0.860766 1989 903 2108 999
1 0.860127 1574 697 1712 797
1 0.858316 1980 1087 2100 1186
1 0.855997 1716 449 1821 540
1 0.854955 506 334 674 406
1 0.854444 823 822 948 926
1 0.853068 1784 1185 1983 1311
1 0.850947 1587 361 1717 445
1 0.850628 1997 637 2111 734
1 0.849662 1365 867 1570 976
1 0.84735 1994 809 2114 908
1 0.847212 1579 606 1715 705
1 0.845765 680 633 851 728
1 0.845426 509 261 686 336
1 0.844857 1144 851 1269 956
1 0.844705 836 734 959 831
1 0.844149 746 328 913 402
1 0.841676 1561 981 1697 1083
1 0.840574 1715 296 1817 375
1 0.840189 711 475 882 555
1 0.840042 651 806 828 905
1 0.839949 1998 721 2114 818
1 0.839559 1554 1077 1693 1181
1 0.839505 1587 285 1717 367
1 0.839436 934 926 1131 1036
1 0.838673 846 647 970 742
1 0.838189 442 622 602 705
1 0.837901 905 329 1025 405
1 0.837885 2109 648 2271 744
1 0.836612 1717 372 1819 453
1 0.836582 1568 884 1702 988
1 0.836542 1584 521 1717 615
1 0.835939 957 743 1157 853
1 0.835465 1689 1084 1802 1187
1 0.834771 858 561 983 654
1 0.831605 669 718 839 815
1 0.830922 1696 990 1809 1088
1 0.830856 886 402 1013 484
1 0.830767 943 837 1146 940
1 0.828985 1589 215 1717 291
1 0.827651 417 776 573 869
1 0.824937 757 253 923 329
1 0.824825 918 251 1034 331
1 0.824495 347 341 506 411
1 0.824259 432 698 584 787
1 0.823913 1714 163 1806 228
1 0.823889 629 976 807 1085
1 0.822194 1700 893 1815 994
1 0.822188 812 914 938 1016
1 0.822114 638 891 816 998
1 0.821548 1256 957 1362 1061
1 0.821532 693 551 866 639
1 0.820749 1413 270 1507 347
1 0.820413 1715 226 1812 299
1 0.820032 1976 326 2089 409
1 0.819551 1127 1040 1255 1152
1 0.818871 320 616 449 693
1 0.815894 1590 87 1712 154
1 0.81569 1819 544 1997 639
1 0.815595 1966 256 2074 336
1 0.814236 1107 254 1225 336
1 0.812931 1248 1051 1358 1162
1 0.81248 313 685 437 771
1 0.812198 591 628 686 715
1 0.810954 2098 998 2273 1089
1 0.810672 806 1006 929 1107
1 0.80978 1255 68 1352 126
1 0.807247 1589 149 1714 220
1 0.807032 666 330 753 401
1 0.805556 1262 8 1356 67
1 0.804953 1711 104 1802 167
1 0.804622 397 938 553 1041
1 0.804425 403 856 563 956
1 0.804346 2599 844 2688 919
1 0.804116 1589 26 1709 91
1 0.803612 1347 71 1435 129
1 0.803565 1953 134 2055 198
1 0.803041 1262 857 1369 965
1 0.80165 1995 557 2108 650
1 0.800955 873 478 997 566
1 0.798132 975 566 1184 664
1 0.795916 1984 396 2099 486
1 0.79582 2601 915 2688 992
1 0.795059 1029 252 1110 334
1 0.792958 2080 340 2163 424
1 0.789605 323 474 481 547
1 0.789552 2104 110 2190 173
1 0.787946 626 474 720 552
1 0.787374 645 401 740 475
1 0.787297 2156 352 2239 437
1 0.78691 1134 944 1262 1054
1 0.785777 2588 641 2688 710
1 0.78576 1799 172 1893 238
1 0.785031 2084 7 2165 66
1 0.784733 2066 274 2150 350
1 0.784576 1959 193 2065 259
1 0.784186 2596 775 2688 848
1 0.784138 1353 12 1437 71
1 0.782186 1102 332 1218 412
1 0.781649 2594 703 2688 781
1 0.77994 1886 181 1967 247
1 0.779561 1340 129 1429 192
1 0.779358 1202 410 1316 499
1 0.779278 2051 151 2126 216
1 0.779113 1243 126 1345 191
1 0.779037 2601 988 2688 1064
1 0.778907 368 274 489 345
1 0.777793 305 759 424 839
1 0.772102 332 546 465 620
1 0.771901 2486 557 2578 629
1 0.771196 1419 197 1510 272
1 0.77009 235 828 302 908
1 0.769816 1019 331 1106 407
1 0.769738 577 706 675 799
1 0.769668 1180 575 1304 674
1 0.768142 2058 211 2139 280
1 0.767992 331 407 501 477
1 0.764698 1805 235 1899 311
1 0.764296 2144 287 2227 365
1 0.764222 2092 411 2174 497
1 0.763157 1879 122 1959 184
1 0.762993 560 873 643 972
1 0.762813 2128 223 2214 295
1 0.762095 679 257 758 330
1 0.761521 1272 763 1374 870
1 0.760922 2165 423 2248 507
1 0.760663 569 792 662 884
1 0.759481 1794 113 1884 174
1 0.755762 2117 166 2204 230
1 0.755493 2092 62 2177 115
1 0.754641 1407 343 1502 427
1 0.754211 1709 46 1797 107
1 0.750382 1810 305 1902 385
1 0.749874 2515 842 2602 920
1 0.743145 609 548 703 631
1 0.739085 2230 374 2362 455
1 0.737107 2094 1085 2270 1181
1 0.736571 2448 838 2520 918
1 0.735992 1490 427 1589 517
1 0.735422 1232 190 1337 263
1 0.733869 1820 627 1999 724
1 0.733767 1991 472 2103 566
1 0.733159 2503 690 2596 773
1 0.732203 553 962 634 1061
1 0.727454 1946 72 2044 138
1 0.726974 2256 510 2386 599
1 0.726544 2099 486 2184 579
1 0.723912 1792 54 1876 115
1 0.721245 1892 243 1971 320
1 0.718311 1496 347 1590 430
1 0.714673 1372 770 1478 878
1 0.714333 293 832 411 918
1 0.712662 2105 566 2268 663
1 0.712108 1221 259 1418 338
1 0.711648 2221 308 2352 386
1 0.710674 2273 827 2436 918
1 0.709323 2580 579 2686 650
1 0.708015 2443 680 2509 767
1 0.707291 626 1066 802 1237
1 0.705944 1190 492 1310 584
3 0.704586 1241 1152 1347 1284
1 0.694459 1875 61 1951 126
1 0.693977 1817 456 1994 554
1 0.693607 245 755 311 832
1 0.689293 1400 421 1496 509
1 0.68912 1010 406 1210 492
3 0.685564 2332 1151 2513 1265
1 0.682373 2262 589 2392 678
1 0.681945 1432 76 1512 136
1 0.680646 1426 135 1512 197
1 0.678167 2496 622 2591 700
1 0.675586 1154 754 1277 863
1 0.673869 2571 520 2682 588
1 0.673522 1081 488 1197 574
1 0.673381 2040 92 2114 159
1 0.670187 798 1098 924 1243
1 0.663703 2210 242 2344 319
1 0.661907 233 902 293 984
1 0.661075 1006 405 1099 486
1 0.658018 1681 1182 1791 1311
1 0.657238 2511 763 2599 844
1 0.654415 1333 191 1422 264
1 0.654021 2473 493 2571 568
3 0.653579 2092 1174 2258 1290
3 0.653404 1505 201 1591 276
1 0.65263 2176 493 2262 586
1 0.651795 1232 190 1425 264
1 0.651545 2242 442 2351 522
1 0.649325 2378 535 2492 617
1 0.647231 988 483 1118 571
1 0.639632 1478 686 1577 787
1 0.637455 262 685 320 760
1 0.636868 2273 911 2426 1002
1 0.635803 2447 759 2515 843
1 0.634191 1502 274 1591 353
1 0.632398 2516 917 2602 998
1 0.632125 289 548 353 618
1 0.631245 277 616 336 687
1 0.628715 1706 0 1794 49
1 0.627406 1373 775 1575 882
1 0.624575 1814 376 1908 463
1 0.622983 1091 407 1211 492
1 0.615135 290 909 400 998
1 0.614332 1214 333 1319 415
1 0.612002 1510 79 1591 140
1 0.606616 1897 313 1981 393
1 0.602019 2392 673 2449 763
1 0.598354 1377 680 1578 788
1 0.598053 2383 601 2455 688
1 0.590725 1512 21 1589 81
1 0.590573 1470 780 1574 881
1 0.589163 998 486 1197 574
1 0.578259 1222 259 1331 338
1 0.577292 2269 665 2402 758
1 0.566983 1407 506 1585 605
1 0.564214 562 1059 803 1239
3 0.563981 1122 1140 1249 1277
1 0.560478 1167 664 1288 772
1 0.559287 1168 664 1376 774
1 0.556085 1485 504 1585 602
1 0.55607 1318 335 1412 417
1 0.547603 2461 416 2548 475
1 0.546174 2367 464 2481 550
1 0.544332 1508 138 1591 204
1 0.536502 2357 388 2459 470
1 0.531142 1313 414 1411 504
1 0.527868 1376 675 1481 782
1 0.523871 1305 496 1490 594
1 0.516919 370 270 529 344
1 0.509771 915 1118 1126 1267
1 0.507166 2264 1080 2344 1172
1 0.503454 1325 263 1417 340
