1 0.907402 1828 270 2127 460
1 0.90471 541 252 773 438
1 0.896773 2111 160 2262 314
1 0.895611 228 620 535 803
1 0.892904 223 264 546 449
1 0.892771 2121 461 2281 631
1 0.887172 534 426 764 615
1 0.886123 2120 303 2275 465
1 0.885606 571 0 799 85
1 0.881446 2132 625 2288 790
1 0.878789 1653 431 1838 616
1 0.877793 764 416 1199 621
1 0.874743 82 297 234 469
1 0.870194 552 80 791 260
1 0.868331 766 603 1203 804
1 0.862862 1640 260 1834 439
1 0.858144 2090 22 2250 176
1 0.857974 1648 97 1829 273
3 0.854713 2118 793 2272 1008
1 0.853028 223 434 535 631
1 0.852994 530 606 767 801
1 0.846587 0 318 96 479
1 0.839228 1797 0 1967 122
1 0.832179 1628 0 1814 110
2 0.830411 1183 803 1414 1072
3 0.827481 770 802 1185 1077
1 0.82452 765 237 1202 423
1 0.820145 1821 108 2118 298
1 0.810457 1848 619 2129 794
1 0.791781 1798 0 2095 137
1 0.7902 1374 0 1649 94
1 0.78892 103 147 264 311
2 0.783961 82 457 228 633
3 0.769039 90 796 230 1016
1 0.765844 1472 249 1651 427
1 0.764571 1205 603 1481 780
1 0.747868 0 175 117 324
3 0.736786 538 812 772 1049
1 0.716084 1227 68 1650 252
2 0.708625 0 470 84 644
1 0.702696 1973 137 2119 302
1 0.702663 1831 439 2124 625
1 0.692692 776 69 1220 247
1 0.670636 1455 0 1648 92
3 0.668712 30 794 230 1019
1 0.663851 1382 77 1653 254
2 0.660263 81 628 229 799
2 0.657505 2547 744 2585 806
3 0.624786 230 793 542 1041
2 0.623597 2353 739 2423 789
2 0.601597 2583 746 2624 807
1 0.592427 791 0 970 83
1 0.564486 1215 417 1509 619
1 0.537996 538 811 772 1049
1 0.529907 244 129 431 288
3 0.528672 0 59 138 181
2 0.521725 1203 604 1483 779
1 0.520467 0 633 83 802
1 0.512399 780 75 966 249
