1 0.906145 759 415 1223 621
1 0.905443 228 619 536 797
1 0.904984 2128 625 2289 793
1 0.903082 2122 456 2286 631
1 0.893676 1840 617 2128 794
1 0.887418 762 607 1204 803
1 0.886391 2121 303 2277 463
1 0.885203 542 253 771 439
1 0.88329 536 430 762 613
1 0.882644 1656 429 1838 617
1 0.88027 227 435 539 631
1 0.877966 530 608 766 803
1 0.875113 1645 260 1835 438
1 0.874596 2112 156 2263 316
1 0.870476 1802 0 1971 126
1 0.865905 1982 805 2122 1020
1 0.865043 1652 97 1829 272
1 0.860839 79 300 236 472
1 0.856414 553 78 798 261
1 0.854301 769 238 1213 423
1 0.853963 2092 20 2249 166
1 0.853689 0 319 99 481
1 0.85081 0 632 86 802
1 0.847098 1640 0 1820 110
2 0.845071 2481 742 2554 801
3 0.842398 769 803 1177 1079
1 0.842322 571 0 794 85
1 0.840808 222 262 548 454
3 0.840764 93 797 232 1020
1 0.83995 1829 269 2124 459
2 0.823896 2359 738 2421 789
1 0.820311 1231 67 1660 251
1 0.814528 1979 133 2119 302
1 0.809144 1836 440 2128 630
1 0.807889 1822 106 1992 284
3 0.807772 2118 791 2273 1011
1 0.794093 1367 0 1662 97
2 0.788567 2422 740 2479 794
2 0.771148 2553 744 2590 805
1 0.768362 783 66 1224 252
1 0.754954 0 466 86 646
1 0.751404 1662 615 1851 785
1 0.746222 1958 3 2101 149
2 0.725992 2588 745 2625 807
1 0.720475 242 120 560 289
1 0.711935 0 176 121 324
1 0.711039 1478 610 1666 797
1 0.70998 105 147 266 311
1 0.709426 82 626 231 797
1 0.690025 1221 421 1663 620
1 0.688342 1221 243 1663 429
2 0.63417 2327 734 2360 783
1 0.615641 1980 280 2125 462
1 0.610295 2118 792 2275 1009
1 0.594522 1646 801 1981 1023
3 0.588449 534 809 772 1050
2 0.583606 2623 747 2662 818
1 0.582237 1970 444 2125 629
3 0.555366 230 794 542 1043
1 0.535545 82 456 232 635
3 0.529852 0 795 122 1012
1 0.523729 463 0 583 74
1 0.512069 1452 244 1661 426
