1 0.903354 1656 622 2001 795
1 0.897328 762 614 1190 807
1 0.894397 397 268 546 450
1 0.89243 1642 431 1993 628
1 0.891373 2106 160 2263 320
1 0.88847 543 85 792 266
1 0.887985 2118 306 2277 469
1 0.883694 540 257 774 441
1 0.882631 85 631 224 798
1 0.882203 530 431 764 618
1 0.881254 2120 460 2282 633
1 0.878905 1408 428 1644 626
1 0.878824 1979 444 2127 632
1 0.878295 1646 263 1994 443
1 0.877057 220 627 392 799
1 0.87665 217 448 391 638
1 0.874438 211 277 409 464
1 0.87421 785 73 1194 253
1 0.873874 2129 628 2291 791
1 0.87377 762 427 1165 622
1 0.873718 1980 289 2122 463
1 0.873105 414 117 560 276
1 0.87209 528 612 767 806
1 0.871271 1408 618 1672 801
1 0.869843 257 0 448 129
1 0.866912 769 242 1187 434
1 0.864406 569 0 812 90
1 0.864201 2089 21 2249 167
1 0.860794 1177 616 1423 803
1 0.860239 240 128 424 291
1 0.859586 1652 99 1987 282
1 0.857428 0 321 101 486
1 0.856343 1176 429 1418 620
1 0.856245 436 0 584 122
1 0.84839 1957 5 2098 153
1 0.84715 1972 136 2114 307
1 0.846906 1179 73 1462 248
2 0.845049 770 813 1180 1067
2 0.8441 2421 741 2482 798
2 0.842454 2356 739 2421 795
1 0.841718 79 307 228 475
1 0.837892 1406 249 1654 430
1 0.837335 1994 627 2134 791
1 0.834948 382 622 537 804
1 0.834427 378 437 538 626
1 0.819178 0 632 91 798
2 0.815727 2484 743 2550 803
1 0.811239 1449 85 1655 254
1 0.781329 1798 0 1968 130
1 0.770705 1441 0 1671 98
1 0.768165 0 466 86 651
1 0.764553 228 794 403 1024
1 0.735008 103 154 243 318
1 0.734682 1658 0 1813 108
1 0.729096 1979 802 2119 1023
1 0.717398 1175 248 1422 435
1 0.704422 81 461 222 649
1 0.694632 2116 793 2274 1012
3 0.69277 1648 795 1984 1032
1 0.657349 0 0 72 80
1 0.650424 0 179 119 327
3 0.625361 88 791 235 1019
3 0.618381 230 794 402 1026
2 0.603819 2306 736 2356 788
1 0.603795 0 75 48 205
1 0.594462 802 0 1193 88
2 0.590401 2548 744 2586 806
3 0.586899 537 810 774 1051
2 0.568368 1179 800 1411 1062
3 0.541482 1 791 235 1020
3 0.529582 1408 799 1650 1050
1 0.512238 0 788 95 1007
