1 0.904309 1834 441 2125 631
1 0.896863 757 617 1189 806
1 0.888976 2123 631 2291 797
1 0.888429 2112 164 2266 322
2 0.888271 772 809 1172 1067
1 0.888108 261 0 452 136
1 0.8822 2120 309 2278 471
1 0.880378 217 441 391 634
1 0.879546 785 78 1192 251
1 0.879174 1409 610 1658 805
1 0.878165 543 261 773 443
1 0.875144 754 425 1176 625
2 0.873553 2421 743 2484 799
1 0.873366 571 0 806 87
1 0.872648 1645 100 1831 272
1 0.870339 2119 465 2285 640
1 0.867196 393 265 552 447
1 0.864593 85 304 232 476
1 0.864081 82 626 228 793
3 0.861609 94 790 233 1020
1 0.860546 220 624 396 798
1 0.857957 236 127 425 296
1 0.855991 1640 265 1838 442
1 0.855831 0 319 107 483
1 0.852642 215 280 407 459
2 0.849675 2552 748 2589 807
1 0.84937 1176 612 1420 801
2 0.849283 2360 741 2421 797
1 0.849269 763 242 1186 434
1 0.848959 1642 431 1841 627
1 0.847687 2088 26 2249 177
1 0.84626 0 627 90 794
1 0.844856 1808 0 2097 138
1 0.841611 440 0 586 115
1 0.83975 1388 251 1650 428
1 0.835943 109 151 252 315
1 0.835599 0 464 89 645
1 0.835431 1640 0 1821 112
1 0.832463 1378 422 1648 624
1 0.830496 378 614 766 805
1 0.824638 531 433 762 618
2 0.82277 2587 750 2621 809
1 0.822136 1830 276 2125 460
1 0.817292 1179 422 1393 622
1 0.815666 1836 620 2130 795
1 0.812004 378 437 537 627
2 0.811276 2490 745 2548 802
1 0.80545 228 792 400 1024
1 0.754494 551 85 792 266
1 0.749769 1380 0 1660 90
1 0.745121 1822 124 2118 291
1 0.743187 412 105 564 276
3 0.728066 1173 802 1411 1066
1 0.720742 1173 250 1394 430
1 0.718159 1182 69 1653 259
2 0.714568 2620 752 2661 815
2 0.702784 2327 739 2361 790
2 0.669665 2661 756 2688 825
1 0.667823 792 0 1195 87
1 0.653468 0 0 73 82
1 0.644964 2117 800 2272 1010
1 0.641148 2 176 122 323
3 0.634164 0 790 108 1012
1 0.600005 396 800 777 1046
1 0.593963 1981 796 2121 1012
1 0.579553 0 75 53 195
1 0.579383 131 9 273 156
1 0.570759 1393 86 1653 256
1 0.554342 1412 806 1647 1055
1 0.550799 529 612 764 803
1 0.531821 1973 289 2124 465
2 0.517088 2296 739 2331 791
1 0.508895 1649 620 1848 794
