1 0.909473 225 619 536 802
1 0.900001 544 255 772 437
1 0.899111 2123 458 2281 631
1 0.898605 2112 158 2262 318
1 0.888105 759 418 1201 623
1 0.887843 2131 628 2289 796
1 0.884479 533 426 760 614
1 0.882241 528 605 762 804
1 0.879473 1799 0 1969 131
1 0.876449 1651 427 1834 616
1 0.875585 1647 98 1834 271
1 0.875109 82 302 237 471
1 0.875044 1841 617 2133 796
1 0.874444 1639 260 1836 437
1 0.873774 758 609 1191 802
1 0.867364 556 78 804 261
1 0.867055 2122 304 2272 465
1 0.864985 579 0 794 85
3 0.863684 2117 798 2272 1011
1 0.856596 79 456 232 633
2 0.854547 2485 743 2550 801
1 0.849711 2091 29 2249 171
1 0.849429 1632 0 1823 111
1 0.849127 1467 610 1666 799
1 0.845127 1957 5 2099 151
1 0.84195 221 436 540 632
1 0.838404 79 624 230 801
1 0.833713 1976 138 2120 298
1 0.830303 105 152 256 317
1 0.828474 763 238 1199 424
1 0.826474 0 324 99 481
2 0.823382 2548 744 2590 803
1 0.811984 792 67 1202 247
1 0.804688 436 0 590 99
1 0.803838 1822 110 1991 286
1 0.802579 1372 0 1654 96
1 0.794121 0 467 85 641
1 0.793888 263 0 456 135
1 0.79199 1829 270 2125 458
2 0.791041 2424 741 2485 798
2 0.786235 1181 808 1412 1063
1 0.76896 1186 609 1417 768
1 0.768846 0 177 121 328
1 0.76274 221 264 549 455
3 0.760379 231 794 542 1039
1 0.755164 1832 436 2131 628
3 0.749709 1410 800 1647 1046
1 0.747692 235 131 429 288
3 0.733894 89 797 231 1018
2 0.710076 2358 740 2423 793
1 0.708396 1387 82 1656 254
1 0.70625 0 630 83 802
1 0.704716 1427 249 1655 424
1 0.703483 1658 614 1852 789
1 0.697796 1471 421 1659 622
1 0.68619 1981 806 2121 1020
1 0.685849 1979 282 2125 461
2 0.683999 2327 736 2357 786
3 0.661353 537 810 773 1051
1 0.658458 1970 443 2127 628
1 0.635803 1199 67 1654 252
3 0.632273 0 796 230 1020
1 0.629211 1646 801 1982 1024
3 0.611429 769 805 1176 1069
1 0.578299 411 95 574 271
1 0.553778 130 8 280 158
1 0.546772 0 0 66 73
1 0.546654 1200 245 1658 430
1 0.531927 1198 417 1656 622
1 0.531879 224 272 410 454
2 0.527306 2295 734 2337 784
1 0.515354 769 805 1179 1065
