1 0.904536 544 250 772 439
1 0.900867 2111 160 2262 317
1 0.900351 222 264 545 458
1 0.89342 229 619 538 805
1 0.89338 1832 271 2127 458
1 0.882262 1666 429 1841 619
1 0.878732 576 0 809 85
1 0.877828 534 427 761 612
1 0.876548 1664 618 1852 766
1 0.874692 764 417 1213 624
1 0.874133 1641 260 1838 436
1 0.872988 555 82 810 260
1 0.870066 1648 99 1836 272
3 0.866547 91 797 233 1018
1 0.864621 2093 22 2249 175
2 0.861999 2490 743 2554 801
1 0.860617 532 610 772 802
1 0.858519 0 629 89 800
1 0.855863 1801 0 2100 154
1 0.854161 1826 109 2117 293
1 0.853406 102 147 265 315
2 0.849121 2358 740 2423 795
2 0.848608 534 797 772 1051
2 0.848041 2553 744 2590 805
3 0.847312 2116 797 2272 1015
1 0.842869 768 608 1208 801
1 0.841754 0 322 95 483
2 0.841307 2422 741 2487 796
1 0.83569 225 436 537 628
1 0.834861 1222 70 1654 252
1 0.834631 2134 629 2289 796
1 0.834295 78 306 236 473
1 0.828329 1662 0 1819 109
1 0.828164 84 626 230 800
1 0.823677 766 239 1205 425
1 0.818273 1647 802 1980 1023
1 0.816145 2122 304 2275 464
1 0.8027 2126 459 2282 631
1 0.802044 1837 439 2130 629
1 0.795726 786 63 1221 253
1 0.779387 1980 812 2122 1019
2 0.773404 2588 744 2623 807
2 0.767587 82 460 229 637
1 0.764672 1849 618 2136 799
3 0.762345 230 796 538 1043
1 0.754062 1458 244 1656 426
1 0.753529 248 120 563 292
1 0.724444 1367 0 1661 98
1 0.696851 1462 420 1676 619
2 0.681915 978 810 1181 1068
1 0.675141 0 179 116 327
2 0.658733 2312 736 2359 789
1 0.647804 0 469 86 642
3 0.622674 0 796 95 1011
1 0.609001 1413 805 1648 1044
1 0.560819 1198 243 1653 428
2 0.560344 1185 811 1414 1065
1 0.544417 1475 607 1670 790
1 0.5185 796 0 963 83
