1 0.896124 758 617 1187 805
1 0.893613 262 0 451 135
1 0.885865 782 79 1196 249
1 0.883338 2122 631 2289 796
1 0.882098 217 442 389 634
1 0.881029 82 627 227 795
1 0.88071 757 427 1179 625
1 0.880285 542 262 772 442
1 0.878292 392 269 552 448
1 0.877595 1413 611 1662 803
1 0.876579 549 83 791 266
1 0.868792 571 0 802 86
1 0.868488 2111 162 2267 327
1 0.867836 1647 102 1830 269
1 0.863241 1800 0 1968 131
2 0.862567 2422 742 2481 801
3 0.861027 92 791 232 1018
1 0.858357 219 280 406 458
1 0.857725 2120 312 2278 471
1 0.856574 765 241 1184 434
1 0.85607 236 127 424 295
1 0.854543 1646 432 1836 627
1 0.852997 221 625 393 797
2 0.850529 2358 740 2421 798
1 0.846772 2120 463 2284 639
1 0.846563 1641 264 1835 442
1 0.846228 2088 31 2249 176
1 0.845897 1979 292 2125 464
2 0.84423 771 808 1175 1069
1 0.843841 0 629 88 795
1 0.843782 1824 123 1995 288
1 0.842967 1173 613 1421 801
1 0.839183 0 321 102 484
1 0.837693 528 432 762 619
1 0.836924 83 304 235 476
1 0.834672 108 150 247 313
1 0.831678 411 107 562 281
1 0.829305 441 0 587 116
1 0.827315 0 465 88 647
1 0.826333 1180 420 1408 624
1 0.823478 1649 0 1819 115
1 0.819236 377 438 537 629
1 0.81648 377 614 766 802
1 0.811267 1978 140 2118 307
2 0.807722 2490 746 2552 804
1 0.806516 1832 620 2016 794
3 0.800157 1173 801 1411 1068
1 0.796654 1827 443 2125 633
1 0.786349 1390 0 1670 94
1 0.78605 1403 426 1654 623
1 0.78525 228 792 400 1024
1 0.77495 1955 5 2098 151
2 0.764136 2553 747 2590 809
1 0.745191 1988 623 2128 795
1 0.734297 0 179 120 325
1 0.729625 1826 274 1993 451
1 0.72523 1396 251 1653 431
1 0.719424 1185 69 1658 257
1 0.710803 1650 620 1840 791
3 0.678654 2116 801 2272 1008
1 0.676203 133 9 273 156
1 0.671496 2116 799 2271 1007
1 0.662516 1413 801 1647 1051
3 0.661076 1981 799 2120 1013
1 0.64738 0 0 70 79
1 0.645298 396 798 777 1044
1 0.64362 1385 83 1658 256
1 0.632519 1773 438 1996 632
2 0.628763 2622 752 2661 818
2 0.624005 2577 748 2621 810
2 0.622633 2328 739 2358 791
1 0.618587 1175 248 1654 433
2 0.615665 2552 748 2617 809
3 0.578613 0 791 102 1010
1 0.574625 1644 793 1986 1028
3 0.555719 229 791 397 1026
1 0.552993 771 806 1179 1072
1 0.519018 40 54 143 176
1 0.512816 0 72 52 195
