1 0.893698 2115 307 2276 472
1 0.891949 1651 621 1995 798
1 0.887355 754 422 1180 625
1 0.883986 2104 165 2261 324
1 0.881971 220 450 390 642
1 0.880418 755 617 1186 805
1 0.8782 2124 631 2288 788
1 0.877819 2088 22 2246 174
1 0.877599 71 636 228 802
1 0.875558 2117 464 2284 642
1 0.874389 79 305 233 477
1 0.872409 222 282 410 459
1 0.872279 761 241 1182 431
1 0.871922 391 268 550 452
1 0.869762 1638 432 1991 631
1 0.869619 235 129 428 294
1 0.862231 788 75 1198 256
1 0.860282 524 433 759 619
1 0.858234 1388 615 1666 802
1 0.854896 574 0 807 93
1 0.854221 539 258 769 444
1 0.851336 0 323 97 486
1 0.851141 103 157 252 313
1 0.844485 67 464 226 651
1 0.840316 1952 5 2098 155
1 0.837941 1638 265 1997 447
1 0.829908 1389 253 1658 432
2 0.82808 2355 739 2416 796
1 0.827909 0 474 79 650
1 0.823031 1373 0 1669 100
1 0.820317 437 0 583 101
1 0.810424 1657 104 1979 281
1 0.804984 265 0 447 126
1 0.797418 1969 134 2110 311
1 0.793237 797 0 1196 91
1 0.792938 1180 75 1662 260
1 0.782406 1180 614 1409 792
3 0.774098 1407 798 1650 1052
1 0.772498 0 636 74 801
2 0.772408 2416 741 2480 797
1 0.759689 130 14 269 161
2 0.753107 2292 736 2354 793
1 0.748076 1658 0 1968 127
1 0.736494 420 87 794 273
1 0.725885 1179 419 1409 624
1 0.724912 376 441 537 630
1 0.712909 1173 246 1406 433
1 0.709654 521 615 762 805
3 0.682848 772 808 1178 1072
2 0.664777 2482 744 2515 800
1 0.661535 0 176 120 329
3 0.659914 1178 804 1411 1062
2 0.648545 2546 744 2583 805
1 0.632727 36 63 138 179
1 0.628055 1175 248 1656 435
1 0.612732 0 0 69 78
1 0.595059 1970 277 2120 463
1 0.593483 60 0 149 73
1 0.579076 1984 625 2125 789
1 0.573045 222 634 388 804
3 0.560887 89 795 232 1020
1 0.553895 1981 797 2120 1021
1 0.552907 222 627 538 806
1 0.545196 0 76 48 195
1 0.525245 773 807 1178 1071
2 0.515372 2115 793 2273 1012
