1 0.896142 1649 617 1997 799
1 0.892656 757 613 1190 808
1 0.884346 1642 433 1999 630
1 0.883246 216 441 388 635
1 0.883109 527 613 767 803
1 0.882248 782 74 1191 249
1 0.880931 80 456 224 638
1 0.88054 2120 631 2289 793
1 0.877712 758 426 1178 626
1 0.877065 2110 163 2263 325
3 0.876369 768 807 1180 1039
1 0.87382 78 303 232 475
1 0.873602 388 263 552 446
1 0.872723 81 625 226 796
1 0.87206 1643 265 1994 447
1 0.869219 2120 309 2278 469
1 0.868387 548 82 791 266
1 0.867529 235 127 422 294
1 0.866543 570 0 800 87
1 0.863865 2117 463 2284 638
1 0.862631 528 433 762 619
1 0.861246 1979 291 2126 463
1 0.860575 0 322 101 483
1 0.860231 1408 614 1659 805
1 0.859769 1986 623 2126 794
1 0.85773 2090 27 2246 174
1 0.85736 436 0 584 116
1 0.857032 257 0 454 139
1 0.856744 541 258 775 442
1 0.855541 766 240 1185 433
1 0.852605 211 280 406 459
1 0.846782 107 148 252 314
1 0.846319 220 625 390 799
3 0.846097 91 793 232 1019
1 0.843012 378 622 537 801
1 0.842674 1980 448 2126 631
2 0.841846 2357 740 2421 795
1 0.838241 407 108 561 273
1 0.837293 374 436 536 630
1 0.835723 1956 4 2097 149
1 0.835473 1391 0 1663 88
1 0.832725 0 466 85 642
2 0.831278 2423 743 2477 798
1 0.827542 1172 613 1419 803
1 0.818767 0 623 87 798
1 0.816226 1974 140 2118 311
1 0.814112 1404 428 1650 624
1 0.803243 1176 68 1660 257
1 0.799779 1181 419 1412 624
1 0.797035 787 0 1195 88
2 0.786982 2548 747 2621 808
3 0.782576 1647 798 1984 1031
1 0.77753 1801 0 1969 125
1 0.771735 1639 0 1817 106
3 0.762007 1979 799 2121 1024
1 0.753833 228 794 400 1021
3 0.737408 538 808 772 975
1 0.728489 1402 252 1656 430
3 0.727303 231 794 398 1023
2 0.694701 2328 738 2357 790
1 0.680809 0 177 119 326
1 0.671457 1175 249 1658 434
3 0.664145 1411 801 1648 1044
1 0.65211 1655 107 1988 283
2 0.6171 2488 744 2548 803
1 0.616371 1653 102 1832 266
1 0.592417 2117 799 2270 1011
1 0.590239 0 0 71 79
1 0.553026 1411 803 1647 1052
3 0.54646 0 789 94 1001
2 0.518818 2295 737 2333 791
1 0.512623 1401 82 1661 256
3 0.502525 2118 800 2269 1011
