1 0.887714 2128 630 2289 788
1 0.881142 261 0 454 134
1 0.879618 2116 310 2276 470
1 0.879 220 627 391 805
1 0.87659 218 444 389 638
1 0.874413 1650 617 1999 796
1 0.874203 2117 464 2282 640
1 0.873221 2108 165 2262 326
1 0.868535 745 614 1186 798
1 0.868469 380 618 757 806
1 0.867649 84 629 225 801
1 0.864854 1633 266 1996 447
1 0.863845 78 305 231 476
1 0.861134 0 320 101 488
1 0.860827 240 127 428 292
1 0.85888 753 426 1174 627
1 0.858844 2089 29 2246 177
1 0.856237 1388 0 1663 91
2 0.853596 2420 743 2483 800
1 0.852936 1390 613 1659 804
1 0.852164 1975 137 2113 307
1 0.850615 106 152 251 315
1 0.8504 762 241 1185 435
1 0.850169 569 0 801 89
1 0.848893 209 279 408 458
1 0.842696 783 74 1198 250
1 0.838735 1954 4 2099 151
1 0.837366 81 462 223 645
1 0.834791 0 626 89 802
1 0.832036 0 467 85 643
1 0.829216 1988 622 2132 790
1 0.822038 1392 425 1649 626
1 0.816685 401 255 771 449
1 0.812436 1645 434 1993 633
1 0.809998 418 85 791 270
1 0.794539 1979 291 2121 466
1 0.765005 383 436 756 628
1 0.764379 0 180 119 325
1 0.763712 1800 0 1970 128
2 0.758894 2486 745 2551 802
1 0.75763 1404 251 1649 429
1 0.735996 1636 0 1816 114
1 0.719685 131 11 273 159
1 0.702916 1651 104 1835 271
1 0.694123 1402 86 1658 255
1 0.687832 36 57 143 173
2 0.66878 1647 786 2124 1520
2 0.6639 2352 740 2419 796
1 0.655352 1169 616 1418 802
1 0.649791 398 264 547 449
1 0.623139 0 0 70 77
3 0.617192 441 0 581 108
1 0.603496 1648 107 1991 287
1 0.597672 1820 117 1989 282
1 0.540787 524 435 755 620
1 0.527079 1977 448 2125 633
