1 0.891313 2129 630 2288 790
1 0.890427 2117 309 2277 476
1 0.887915 2118 466 2284 640
1 0.884196 2090 31 2246 176
1 0.883665 397 269 549 448
1 0.881433 755 620 1187 804
1 0.87975 1651 621 1991 805
1 0.879167 2108 166 2265 328
1 0.876587 222 630 388 796
1 0.873639 77 301 232 473
1 0.868983 576 0 808 86
1 0.866341 761 431 1174 626
1 0.865878 0 323 100 486
1 0.86266 83 631 225 795
1 0.859258 1799 0 1969 132
1 0.857965 260 0 452 133
1 0.856072 1654 101 1831 275
1 0.854155 767 242 1180 438
1 0.853468 530 435 756 625
1 0.852425 540 259 771 443
1 0.850209 786 74 1189 254
1 0.845209 217 443 388 640
1 0.84333 0 627 89 796
1 0.842776 109 155 251 315
1 0.842441 214 279 409 458
1 0.84199 79 465 223 641
3 0.840369 91 789 233 1017
1 0.840192 441 0 584 103
1 0.835798 0 467 83 643
1 0.83435 378 438 537 632
1 0.833258 237 128 428 291
1 0.830552 544 76 798 271
1 0.824128 1978 801 2123 1023
1 0.821502 1642 0 1817 111
1 0.818119 1824 441 2124 632
1 0.813052 1382 0 1662 91
1 0.805714 1976 140 2115 309
1 0.797933 411 102 566 281
2 0.796545 769 809 1175 1070
1 0.795091 1954 4 2099 156
1 0.794889 1398 619 1657 805
1 0.779321 1400 252 1656 430
3 0.778194 229 792 396 1030
1 0.770785 527 623 759 801
1 0.770181 2117 792 2270 1011
2 0.757873 2426 742 2483 801
1 0.753711 1826 273 2123 463
1 0.743635 1646 262 1831 446
1 0.737752 1169 257 1409 431
2 0.731376 2546 746 2589 804
1 0.727322 1821 123 1990 288
2 0.71586 1178 800 1413 1070
1 0.715858 1177 70 1659 263
1 0.691501 1188 419 1413 625
3 0.690675 0 786 92 999
1 0.687912 1182 616 1416 797
1 0.665715 1644 434 1830 631
1 0.659111 0 0 72 78
3 0.65286 1410 801 1648 1044
1 0.642032 65 0 154 68
2 0.62986 2587 749 2624 802
1 0.627251 0 179 120 327
1 0.619136 771 809 1176 1070
2 0.61587 2509 744 2548 802
1 0.59965 1982 624 2131 795
1 0.59044 0 71 52 191
3 0.576398 538 800 775 1049
3 0.568203 394 792 541 1039
1 0.567193 1975 448 2124 634
2 0.56184 2482 743 2514 801
1 0.559918 1398 426 1643 628
1 0.554782 379 630 537 798
1 0.554443 131 16 270 165
2 0.553453 2329 741 2360 791
1 0.548405 1645 269 1990 455
3 0.546712 1646 798 1984 1031
1 0.534411 1645 800 1981 1029
1 0.520404 39 56 138 178
2 0.512612 2290 739 2328 791
