1 0.90073 1653 618 1999 794
1 0.896555 756 616 1192 806
1 0.885953 2120 306 2277 470
1 0.885452 1644 432 2003 628
1 0.883146 217 446 392 638
1 0.882462 2118 461 2285 636
1 0.881711 400 266 546 449
2 0.880793 535 801 776 1055
1 0.880346 238 127 428 292
1 0.87775 754 422 1185 626
1 0.875336 1644 267 1995 446
1 0.872907 783 79 1195 256
1 0.872819 219 279 410 462
1 0.87123 2123 629 2290 792
1 0.869562 2110 160 2265 326
1 0.866842 1990 625 2127 792
1 0.866071 78 301 233 475
2 0.865496 2356 738 2421 795
1 0.864292 1398 614 1665 804
1 0.862808 2092 23 2245 174
1 0.862544 1655 101 1983 283
1 0.855195 0 321 103 487
1 0.855006 104 151 257 316
1 0.854486 765 245 1188 432
1 0.854349 528 431 758 618
2 0.852445 2487 743 2548 802
1 0.850411 1176 616 1418 801
1 0.848826 83 634 224 799
1 0.848057 1982 445 2126 632
1 0.846554 1957 5 2098 160
1 0.842382 569 0 799 93
1 0.836252 261 0 454 130
1 0.835261 1973 140 2117 310
1 0.831553 220 627 391 797
1 0.830922 1982 792 2122 1019
1 0.830111 1190 425 1413 621
1 0.830109 544 260 771 440
1 0.825016 1392 431 1650 623
1 0.820783 1799 0 1969 132
2 0.818414 2422 740 2483 797
3 0.816028 1411 801 1649 1049
3 0.811515 92 793 236 1022
1 0.808515 524 613 764 799
1 0.803215 382 438 538 624
1 0.794131 0 468 81 653
1 0.787429 1980 291 2125 466
1 0.784754 385 622 536 788
1 0.778556 1399 255 1654 431
3 0.776607 2118 794 2279 1016
1 0.768748 0 635 87 798
1 0.767225 1662 0 1814 113
1 0.764261 420 89 791 270
1 0.759081 1175 252 1411 428
1 0.750647 1179 72 1657 259
1 0.746937 1651 790 1983 1023
2 0.726746 2549 745 2587 805
3 0.701347 1179 802 1409 1071
1 0.687069 1379 0 1670 96
1 0.682365 135 8 271 112
1 0.679604 0 178 121 331
1 0.659923 35 65 138 185
1 0.640871 230 789 400 1030
1 0.638364 0 0 75 79
1 0.630916 64 0 153 73
2 0.615021 2313 737 2355 793
3 0.613457 443 0 584 107
1 0.56172 130 90 267 167
1 0.550029 2118 794 2278 1014
1 0.546819 0 74 50 199
1 0.54077 77 460 222 652
1 0.530694 1176 254 1654 435
2 0.507668 774 806 1177 1067
1 0.505777 134 5 273 152
