1 0.900444 2120 464 2283 641
1 0.898571 749 615 1181 802
1 0.88854 2125 628 2287 798
1 0.887591 2119 312 2274 475
1 0.883487 1651 618 1995 798
1 0.882457 261 0 454 134
1 0.880714 81 629 228 798
1 0.879485 750 425 1175 625
1 0.878365 217 441 388 636
1 0.874322 2110 163 2264 328
1 0.874011 391 264 548 445
1 0.872986 0 323 96 485
1 0.871804 1405 616 1660 805
1 0.871215 79 304 234 475
1 0.868945 1824 442 2125 634
1 0.865821 1385 0 1658 93
1 0.86129 567 0 802 84
1 0.860837 2088 29 2248 174
1 0.860829 240 127 423 293
1 0.860603 222 625 391 800
1 0.860136 759 239 1185 431
1 0.854862 1798 0 1967 136
1 0.85456 105 153 253 315
1 0.85385 1169 613 1420 804
1 0.852554 530 432 754 619
1 0.852474 783 74 1195 249
1 0.850893 1644 103 1826 272
3 0.848888 1411 803 1648 1048
1 0.84316 0 630 86 800
2 0.837658 2357 742 2418 801
1 0.837554 1631 0 1818 112
1 0.837071 220 281 405 459
1 0.831978 0 466 84 648
3 0.828115 1647 794 1983 1029
1 0.827617 375 436 535 630
1 0.823802 542 260 768 441
1 0.811834 1640 263 1830 444
2 0.806753 1177 804 1409 1073
3 0.805505 88 791 233 1022
1 0.800909 0 180 118 328
1 0.800858 547 88 790 267
2 0.786486 2421 744 2480 803
1 0.784474 522 612 759 802
1 0.771342 1826 274 2124 460
1 0.758273 1173 419 1411 622
1 0.756845 771 799 1174 1066
1 0.74602 1173 246 1408 426
1 0.745641 1799 0 2080 137
3 0.740602 1978 796 2122 1022
1 0.735524 1401 255 1650 429
1 0.72552 378 622 536 801
1 0.720585 410 115 555 275
3 0.718939 445 0 582 93
1 0.708542 1393 425 1651 625
1 0.686838 1955 3 2097 153
1 0.685496 1181 70 1652 256
1 0.676245 0 0 76 78
2 0.665716 537 800 773 1052
1 0.641899 230 793 400 1030
1 0.641555 1974 139 2115 305
2 0.640143 2486 745 2550 802
1 0.636207 2114 797 2271 1014
1 0.626547 36 60 140 179
2 0.61182 2322 740 2356 794
1 0.610601 129 17 273 163
2 0.610175 2550 747 2587 808
1 0.60844 80 462 223 645
3 0.596844 0 794 90 1001
1 0.574107 1392 88 1651 256
1 0.557626 786 0 1185 85
1 0.540335 1820 126 2092 289
1 0.524474 0 71 51 199
1 0.51979 1178 249 1650 430
1 0.516927 1646 436 1997 632
1 0.506668 68 0 150 67
1 0.50501 1641 433 1830 629
1 0.501655 1818 123 1989 284
