1 0.897731 1649 621 1999 798
1 0.890965 757 615 1189 807
1 0.890243 262 0 452 136
1 0.885076 2110 163 2265 325
1 0.883581 2122 309 2278 474
3 0.881293 92 791 233 1018
1 0.879807 758 426 1177 625
1 0.878813 390 268 553 446
2 0.872948 771 812 1177 1069
1 0.872939 572 0 812 87
1 0.872868 83 628 227 797
1 0.872261 1980 290 2127 465
1 0.872053 2127 634 2290 794
1 0.867732 1405 614 1661 805
1 0.866979 218 441 388 636
1 0.866424 221 626 390 797
2 0.865296 2420 744 2478 799
1 0.864563 79 302 236 478
1 0.863784 2120 464 2285 641
1 0.862916 2088 34 2248 173
1 0.861553 784 77 1194 251
1 0.858509 1987 625 2134 794
1 0.856486 0 321 99 485
1 0.85582 236 127 423 295
2 0.853391 2357 741 2419 796
1 0.851875 0 628 89 795
1 0.850762 763 242 1184 435
1 0.847287 108 150 253 313
1 0.842353 529 434 762 618
1 0.842024 1957 4 2096 149
1 0.837956 0 470 84 646
1 0.835002 214 280 406 459
1 0.834552 377 436 537 625
1 0.833471 1400 427 1652 624
2 0.831267 2548 747 2622 807
1 0.829914 542 260 773 444
1 0.829617 1390 0 1662 92
1 0.827182 1637 267 1997 447
1 0.826577 1977 140 2116 306
1 0.825266 433 0 585 113
1 0.824956 1646 436 1998 631
1 0.822693 1652 101 1830 269
1 0.81536 548 82 798 268
1 0.814814 1177 616 1422 799
1 0.81363 1800 0 1969 128
1 0.805918 80 462 224 641
1 0.801486 401 614 766 803
1 0.794926 1396 251 1659 430
1 0.786283 1180 421 1407 622
1 0.776918 1650 0 1816 110
1 0.775899 527 613 765 803
2 0.772304 2483 745 2548 804
1 0.762694 792 0 1197 91
3 0.746222 1412 801 1649 1035
1 0.746131 1816 121 1994 282
1 0.743723 1980 448 2130 636
1 0.740255 410 108 561 277
3 0.720577 230 792 398 1026
1 0.709584 2117 801 2271 1013
1 0.691495 1181 70 1661 256
1 0.679962 1979 800 2121 1024
3 0.671179 0 791 95 1004
2 0.63673 2329 740 2359 792
1 0.602647 0 0 70 79
1 0.594928 228 793 398 1024
1 0.557795 1391 87 1660 256
3 0.519436 1647 795 1984 1031
