1 0.903483 1826 443 2125 631
1 0.897067 759 617 1192 805
2 0.89064 1176 801 1413 1065
1 0.888463 1828 275 2125 461
1 0.885594 2110 163 2266 323
1 0.884856 1412 611 1659 803
3 0.884284 92 790 234 1020
2 0.883202 773 811 1173 1067
1 0.882416 2123 632 2289 797
1 0.882236 263 0 453 137
1 0.881362 785 80 1190 250
1 0.881109 82 625 228 793
1 0.879894 216 441 389 634
1 0.875327 2120 309 2279 472
1 0.873285 756 428 1177 624
1 0.873112 542 261 771 442
1 0.872639 574 0 802 85
1 0.871699 389 266 549 444
1 0.870509 1647 102 1830 270
1 0.870278 220 624 394 798
1 0.867416 2119 464 2285 640
1 0.867028 2086 26 2249 173
1 0.863604 761 241 1186 436
2 0.861747 2422 743 2483 800
1 0.858908 1640 264 1836 443
1 0.853864 211 280 408 460
1 0.853469 1806 0 2096 145
1 0.852977 237 125 426 295
1 0.851056 525 432 762 618
1 0.850968 0 627 88 795
1 0.849245 1645 432 1833 625
1 0.849118 1174 613 1425 793
1 0.846236 1820 126 2117 288
2 0.845515 2360 741 2421 798
1 0.844348 80 302 234 477
1 0.840239 0 325 102 483
1 0.834748 548 84 797 267
1 0.833242 107 150 254 319
1 0.831233 1635 0 1822 115
1 0.826644 378 434 537 625
1 0.82638 443 0 587 118
1 0.826346 0 465 86 644
1 0.823041 1834 621 2130 794
2 0.815033 2490 746 2552 804
2 0.809003 2551 748 2590 808
1 0.806133 526 614 765 803
1 0.787039 1374 0 1662 91
1 0.783021 410 108 561 278
3 0.782899 1979 803 2120 1026
1 0.782292 1180 423 1404 624
1 0.778424 1400 424 1652 623
3 0.771687 537 809 775 1049
1 0.770593 1176 71 1656 256
1 0.761299 229 792 398 1024
1 0.740588 0 177 121 329
2 0.702252 2621 751 2663 818
3 0.699559 2117 806 2278 1013
3 0.691728 0 790 97 1011
1 0.671812 1177 248 1654 434
1 0.652539 1387 248 1652 430
2 0.625814 2588 749 2621 810
3 0.610659 230 792 396 1026
2 0.605726 2327 739 2360 791
1 0.604611 133 8 276 155
2 0.588666 2663 754 2688 825
3 0.587473 1413 801 1648 1051
3 0.581129 1648 795 1987 1028
2 0.57948 2550 748 2612 809
1 0.571163 1648 622 1845 796
1 0.56786 2117 801 2278 1010
2 0.559103 2310 740 2359 791
1 0.55462 0 0 65 79
1 0.532575 381 622 541 802
1 0.530946 55 0 152 70
1 0.524495 1413 802 1647 1054
1 0.524443 40 59 144 170
1 0.518936 0 74 51 194
