1 0.895196 1825 443 2126 635
1 0.892957 398 268 546 451
1 0.888306 2127 631 2289 796
1 0.88445 2117 310 2277 472
1 0.884366 756 617 1190 808
1 0.88232 2107 164 2266 328
1 0.881541 1826 275 2122 462
1 0.877743 542 79 790 268
1 0.877742 82 629 226 798
1 0.875874 542 261 774 442
1 0.873586 218 443 388 637
1 0.87114 1643 264 1831 446
1 0.870269 572 0 802 84
1 0.868978 256 0 453 138
1 0.868572 1650 102 1828 273
1 0.865271 2087 32 2247 174
3 0.863356 89 792 231 1016
1 0.860627 378 439 537 632
1 0.859604 411 110 562 276
1 0.859425 2117 465 2284 641
1 0.856426 761 430 1166 625
1 0.854132 1390 618 1657 806
1 0.853601 217 278 408 458
1 0.851676 533 434 760 619
1 0.847107 0 327 96 486
1 0.841618 1836 624 2133 796
1 0.838966 770 245 1173 439
1 0.838135 79 307 234 475
1 0.837844 220 627 389 801
1 0.836507 242 128 428 292
3 0.836134 538 811 772 1043
1 0.835378 1802 0 1966 133
2 0.833526 2418 744 2483 799
1 0.833296 0 626 87 799
1 0.831071 108 153 249 321
1 0.82932 1822 128 2114 297
1 0.82538 0 467 82 640
2 0.822225 770 812 1175 1069
3 0.819666 229 794 396 1025
1 0.813313 1646 0 1818 111
1 0.811608 441 0 581 114
1 0.796276 1641 435 1832 630
1 0.785294 524 616 765 807
1 0.78497 1390 0 1660 94
1 0.781012 1804 0 2096 137
1 0.77574 780 74 1182 258
1 0.775722 1978 802 2121 1024
3 0.761781 771 811 1177 1072
3 0.7592 395 799 540 1035
1 0.756937 1174 615 1413 789
2 0.740759 2546 747 2584 806
1 0.731767 1399 251 1651 426
2 0.723554 2355 742 2418 797
1 0.710451 2120 796 2271 1010
3 0.708569 1408 799 1649 1050
3 0.684497 0 793 91 1001
2 0.681962 2483 746 2547 802
1 0.673188 129 13 270 157
1 0.656796 1651 624 1992 801
1 0.654226 64 0 154 68
1 0.652181 0 0 72 76
2 0.597774 2329 740 2360 792
1 0.579149 0 71 52 190
1 0.555081 0 178 118 331
3 0.550966 1179 803 1408 1066
2 0.547668 2292 739 2331 793
1 0.546537 1383 422 1641 628
2 0.536169 1180 802 1409 1064
1 0.526924 378 626 536 803
1 0.52562 41 53 140 177
1 0.518844 1411 90 1657 257
1 0.507097 78 465 220 640
1 0.50139 1175 70 1656 257
