1 0.893986 0 632 224 801
1 0.8823 223 622 536 805
1 0.871919 2123 317 2276 467
1 0.871908 752 422 1185 618
1 0.871437 2124 469 2286 635
1 0.864066 752 610 1183 799
1 0.863759 784 73 1208 255
1 0.862056 0 460 226 649
1 0.861403 532 614 758 798
1 0.857842 762 247 1209 430
1 0.852764 1427 432 1663 630
1 0.844281 2113 169 2265 325
1 0.836261 1661 269 1999 453
1 0.836075 1385 618 1658 797
1 0.832024 1176 425 1409 620
1 0.829338 2091 31 2243 178
1 0.820636 1176 610 1387 802
1 0.81624 1671 0 1965 140
1 0.811565 0 791 234 1020
1 0.809849 1702 446 2128 635
1 0.809558 1200 75 1667 263
1 0.802741 0 304 239 480
2 0.801276 1405 787 1652 1036
1 0.798463 222 274 552 454
1 0.794996 222 436 540 641
1 0.788721 1184 252 1671 438
1 0.785639 238 255 773 448
1 0.775415 1672 106 1988 291
1 0.77124 2127 636 2292 797
1 0.764393 1655 622 2130 794
1 0.757577 1658 436 2000 636
2 0.755592 2480 745 2556 801
3 0.750288 396 805 543 1043
1 0.739121 1783 279 2122 461
1 0.705162 240 106 780 282
1 0.678248 1703 4 2099 150
1 0.670626 1450 92 1675 266
3 0.667387 231 791 398 1037
1 0.665763 1418 0 1672 109
1 0.664048 1663 621 1997 791
3 0.662592 4 154 258 319
1 0.661404 533 432 763 620
3 0.661189 1647 789 2122 1032
1 0.656597 1671 107 2114 297
2 0.649309 2421 743 2480 799
1 0.575803 334 436 763 625
1 0.55391 1421 255 1669 436
2 0.552818 765 793 1187 1064
1 0.542256 969 612 1183 796
3 0.540802 767 793 1186 1063
2 0.520704 2359 742 2423 797
2 0.511187 0 0 84 84
