2 0.895135 201 508 332 584
2 0.889179 836 610 1038 685
2 0.866629 650 584 830 665
2 0.86441 482 553 644 637
2 0.860986 1156 582 1264 633
2 0.856401 338 604 475 682
2 0.855983 337 532 477 613
2 0.850293 1302 594 1380 648
2 0.846085 827 682 1030 747
2 0.841019 483 632 640 704
2 0.839792 648 658 822 731
2 0.827892 201 578 331 651
2 0.818682 1380 607 1479 652
2 0.777786 1489 618 1570 654
2 0.762747 1156 633 1254 691
2 0.762367 1040 628 1108 693
2 0.750973 1266 585 1301 640
2 0.729864 1606 619 1651 663
2 0.64391 1605 491 1627 514
2 0.629745 123 555 199 632
2 0.615166 1589 489 1605 514
2 0.61088 1727 267 1745 301
2 0.599054 1533 494 1551 525
2 0.587243 1079 90 1097 106
1 0.57178 1517 374 1544 397
2 0.556767 1607 469 1629 494
1 0.548011 1495 315 1525 337
2 0.547302 1629 491 1651 515
1 0.546021 1463 374 1483 394
2 0.537911 1644 546 1667 583
2 0.533028 1079 107 1096 125
1 0.526061 1019 74 1044 92
2 0.519788 1824 540 1856 586
1 0.518473 1550 311 1570 336
1 0.51559 1463 395 1483 413
2 0.508056 1393 423 1413 440
2 0.503993 1709 250 1729 285
