2 0.887143 836 606 1036 686
2 0.875271 486 554 642 637
2 0.863286 337 536 476 619
2 0.856061 199 509 329 591
2 0.851869 651 582 828 671
2 0.843927 1156 579 1264 635
2 0.837208 1042 624 1154 697
2 0.810012 198 583 328 647
2 0.795886 1303 593 1381 647
2 0.772042 486 637 638 697
2 0.760224 825 682 1032 743
2 0.754484 1384 602 1482 668
2 0.746841 340 608 476 670
2 0.740621 1493 614 1571 658
2 0.722367 1156 632 1249 719
2 0.712971 647 663 823 723
2 0.690686 1043 699 1148 743
2 0.682055 1267 584 1301 638
2 0.568004 1604 618 1650 659
1 0.555401 1012 86 1031 105
1 0.551733 1015 61 1033 81
1 0.543903 1154 308 1171 325
1 0.531017 1107 371 1131 391
