2 0.887078 198 580 329 652
2 0.881024 200 509 331 592
2 0.878676 649 580 828 667
2 0.865162 338 538 476 621
2 0.864254 482 557 645 641
2 0.853118 838 606 1037 687
2 0.832814 1040 623 1153 696
2 0.812225 1158 581 1264 637
2 0.809448 335 609 475 676
2 0.80469 1037 696 1147 746
2 0.782599 481 632 643 707
2 0.767412 829 682 1031 747
2 0.760117 644 659 821 728
2 0.692782 1382 603 1482 679
2 0.686251 1493 614 1569 665
1 0.670832 964 255 988 273
1 0.645701 963 276 986 294
1 0.608005 958 304 979 322
1 0.603567 988 259 1010 275
1 0.568411 1650 517 1671 546
1 0.568067 1011 260 1035 277
2 0.558713 1158 635 1250 705
1 0.552593 784 123 803 142
1 0.55042 1009 301 1033 318
1 0.546391 1011 276 1034 294
1 0.542329 964 220 991 236
1 0.540519 951 327 975 345
1 0.540067 878 319 900 338
1 0.537778 980 301 1008 318
1 0.536901 1203 256 1222 273
1 0.536051 985 277 1010 295
1 0.531338 945 254 965 271
1 0.516636 976 331 1004 348
1 0.516505 1037 276 1057 293
1 0.500603 781 172 802 192
