2 0.891029 199 510 330 593
2 0.88181 336 536 477 618
2 0.876412 649 582 826 665
2 0.873721 484 555 644 643
2 0.870926 836 610 1037 686
2 0.861525 199 581 330 654
2 0.85607 335 605 476 680
2 0.849175 1040 627 1156 701
2 0.839687 1161 584 1265 636
2 0.81787 831 681 1029 747
2 0.814327 481 633 640 706
2 0.788468 644 657 824 725
2 0.760657 1034 698 1147 751
2 0.750698 1380 603 1487 681
2 0.595394 1649 519 1672 545
2 0.582294 1672 520 1695 544
2 0.57168 1156 635 1256 714
2 0.537675 1017 228 1036 245
2 0.535434 1055 277 1073 295
1 0.530094 925 74 947 91
2 0.50828 1625 517 1649 544
2 0.505059 1726 125 1746 159
