2 0.879419 651 584 828 665
2 0.874642 339 604 474 689
2 0.86926 200 509 331 586
2 0.864269 836 608 1041 686
2 0.864104 484 554 642 641
2 0.858042 338 533 475 612
2 0.853557 1301 595 1381 646
2 0.819526 1156 583 1264 632
2 0.818197 1384 606 1478 649
2 0.809376 828 682 1031 756
2 0.782825 1488 616 1573 656
2 0.761424 1267 585 1300 638
2 0.754004 1157 632 1235 693
2 0.74892 1603 618 1651 668
2 0.744797 484 633 636 695
2 0.678004 203 580 333 649
2 0.670617 650 658 819 737
2 0.595328 1039 629 1134 694
1 0.555537 1010 65 1032 82
2 0.54363 1016 277 1036 292
2 0.5411 1577 233 1599 262
2 0.538218 1014 261 1034 277
2 0.519426 1823 539 1853 581
2 0.51548 1105 420 1133 439
1 0.514324 1519 278 1537 297
2 0.514299 1375 450 1391 468
1 0.50912 1501 317 1522 336
