2 0.886564 200 507 328 582
2 0.85617 650 582 828 659
2 0.853339 486 555 645 635
2 0.844204 1302 590 1382 644
2 0.843417 1385 601 1480 654
2 0.833295 338 532 481 610
2 0.828007 199 576 330 652
2 0.812463 338 603 475 672
2 0.805999 1151 579 1263 632
2 0.805418 1485 612 1572 657
2 0.768453 1604 615 1654 667
2 0.760509 838 606 1033 680
2 0.758224 486 632 638 696
2 0.747523 1268 582 1300 636
2 0.71061 646 656 821 727
2 0.66852 1158 633 1242 686
2 0.616704 827 681 1026 742
2 0.610266 1035 700 1143 744
1 0.52147 1510 257 1529 276
1 0.517041 1511 277 1530 296
1 0.516793 1514 332 1535 353
