2 0.891801 200 507 332 584
2 0.87653 339 605 475 686
2 0.86748 836 609 1038 687
2 0.864388 649 584 828 664
2 0.863669 1299 594 1381 648
2 0.862052 338 532 475 613
2 0.861141 482 552 643 638
2 0.837949 649 657 821 730
2 0.829032 1157 582 1265 633
2 0.828142 1382 605 1478 651
2 0.823961 829 681 1031 743
2 0.819135 199 579 330 650
2 0.803394 483 632 640 699
2 0.788618 1487 618 1572 654
2 0.77379 1266 585 1299 639
2 0.761217 1156 633 1234 692
2 0.702452 1602 619 1652 664
2 0.649379 1040 629 1122 694
2 0.592985 1687 247 1706 287
2 0.570903 1724 267 1745 303
2 0.565297 1703 259 1726 297
2 0.557544 1574 619 1606 661
2 0.548444 1706 220 1733 262
2 0.546132 1824 542 1855 585
2 0.540599 1626 514 1649 545
2 0.539413 1644 546 1668 584
2 0.525967 1574 268 1600 298
2 0.517102 1457 508 1480 539
2 0.51628 1393 444 1413 463
2 0.507942 1630 491 1652 516
