2 0.88139 200 507 330 580
2 0.86995 652 582 828 663
2 0.86943 337 605 475 680
2 0.859856 202 578 330 652
2 0.85655 1301 591 1381 644
2 0.853398 340 533 477 609
2 0.851747 485 555 646 635
2 0.829696 1154 579 1263 631
2 0.822165 837 605 1038 686
2 0.822117 1384 604 1477 653
2 0.808457 1490 615 1571 658
2 0.805076 828 681 1032 744
2 0.799769 484 632 643 696
2 0.79645 1267 584 1301 636
2 0.773747 651 659 823 733
2 0.760763 1604 618 1651 668
2 0.747524 1157 631 1253 690
2 0.735557 1041 627 1118 693
1 0.616092 1370 370 1392 387
2 0.611958 1041 701 1147 748
1 0.602323 1468 394 1486 412
1 0.593266 1419 370 1446 390
1 0.580173 1395 370 1417 387
1 0.578068 1448 425 1470 446
1 0.568041 1370 349 1390 368
1 0.553255 1468 373 1486 393
1 0.539804 1533 254 1552 276
1 0.526389 1420 423 1448 443
2 0.520693 1579 202 1602 236
2 0.516391 1043 628 1153 695
1 0.51162 1445 371 1469 392
2 0.506916 1576 617 1605 661
1 0.505959 1532 275 1551 296
1 0.505824 1396 347 1415 369
1 0.502212 1511 374 1531 395
