2 0.871084 203 509 333 587
2 0.868993 338 604 474 687
2 0.867848 652 583 828 664
2 0.866609 338 532 475 615
2 0.861317 483 554 643 637
2 0.851031 1490 615 1573 663
2 0.850293 836 610 1039 686
2 0.848942 827 682 1032 752
2 0.842376 1300 594 1380 648
2 0.839658 483 632 640 701
2 0.837499 649 657 821 735
2 0.830495 1383 606 1480 654
2 0.827642 1157 582 1263 632
2 0.804158 203 578 331 648
2 0.792326 1157 632 1241 695
2 0.771455 1266 585 1300 639
2 0.745546 1039 698 1130 751
2 0.731869 1601 620 1652 665
2 0.719834 1041 627 1148 692
2 0.559059 1679 252 1704 292
2 0.554759 1629 245 1649 279
2 0.544508 1724 268 1746 304
2 0.536156 1707 220 1734 269
2 0.531396 1734 212 1761 250
1 0.522039 1501 316 1523 336
2 0.516557 1728 243 1750 281
2 0.505031 1823 541 1855 583
2 0.503982 1824 514 1847 543
