2 0.883925 199 508 331 589
2 0.879132 652 583 830 665
2 0.870872 484 554 643 640
2 0.859099 337 536 476 618
2 0.857665 200 580 331 653
2 0.852822 839 607 1035 683
2 0.8499 337 608 475 685
2 0.838722 1038 622 1155 697
2 0.82814 1157 581 1264 635
2 0.794129 650 659 822 731
2 0.787047 482 635 640 711
2 0.775924 1155 631 1238 707
2 0.766886 831 680 1032 743
2 0.708948 1380 600 1484 683
2 0.644282 1035 698 1149 744
1 0.623521 989 258 1012 273
2 0.606298 1301 592 1381 648
1 0.574064 986 277 1011 292
1 0.571492 967 255 990 271
1 0.56884 1111 236 1129 249
1 0.563821 1127 233 1145 245
1 0.563182 1108 377 1129 392
1 0.543674 1148 230 1170 244
1 0.542251 919 349 945 364
1 0.538988 1679 60 1702 96
1 0.529009 1650 519 1674 544
1 0.528076 1009 83 1032 102
2 0.525407 1624 514 1649 542
1 0.52273 979 331 1002 344
1 0.517736 976 365 997 380
1 0.517475 921 326 948 343
1 0.515115 1106 399 1128 418
1 0.513021 925 363 949 378
1 0.50897 976 356 999 370
1 0.507319 1127 376 1148 391
1 0.506975 871 261 890 275
1 0.505586 1013 261 1035 276
1 0.50352 983 303 1008 316
1 0.502135 1149 208 1169 222
