2 0.889587 651 579 828 663
2 0.870998 483 555 645 638
2 0.867556 336 602 476 684
2 0.86559 648 656 825 758
2 0.860845 477 628 642 737
2 0.849419 1301 589 1380 645
2 0.83601 200 577 332 653
2 0.835063 202 508 331 582
2 0.81989 1384 602 1482 656
2 0.754599 836 607 1035 682
2 0.753739 1154 579 1265 632
2 0.745881 1265 583 1301 638
2 0.743312 337 533 477 612
2 0.626181 1156 633 1232 697
1 0.619799 1676 387 1707 425
1 0.588915 844 299 864 328
1 0.588029 987 256 1016 277
1 0.579133 920 300 943 329
1 0.559067 978 326 1002 350
1 0.558253 960 306 981 332
1 0.55735 984 276 1011 296
1 0.540371 980 306 1006 331
1 0.533209 942 304 963 330
1 0.527443 796 249 824 272
1 0.5247 964 273 985 294
1 0.517731 846 273 866 297
1 0.513099 958 328 978 351
1 0.512946 937 329 958 353
1 0.500068 1675 419 1706 457
