2 0.890685 201 509 333 585
2 0.870747 835 609 1038 686
2 0.869565 649 584 828 664
2 0.868319 339 604 476 686
2 0.865668 1299 594 1380 647
2 0.863952 1156 581 1264 634
2 0.86331 483 551 644 638
2 0.860306 338 531 475 612
2 0.844465 649 657 823 732
2 0.837557 828 681 1030 744
2 0.817781 1382 604 1477 652
2 0.814513 483 633 641 703
2 0.794456 202 579 332 650
2 0.771214 1266 584 1299 639
2 0.767108 1156 633 1253 693
2 0.744837 1489 617 1570 654
2 0.722727 1039 628 1109 691
1 0.607399 1533 434 1554 463
1 0.588413 920 364 943 379
2 0.588332 1295 640 1373 681
2 0.561567 1599 619 1651 668
2 0.551603 1650 519 1671 547
1 0.549711 1415 426 1438 445
2 0.546079 1644 546 1669 583
2 0.545913 1576 239 1599 269
2 0.54585 1725 268 1746 301
1 0.544312 1468 373 1488 394
1 0.544142 897 353 919 369
1 0.542955 1447 374 1469 393
1 0.541622 1511 370 1531 395
1 0.5249 1506 465 1534 494
1 0.517402 922 315 943 330
1 0.517205 1414 395 1438 414
2 0.514325 1394 445 1413 465
1 0.506492 1507 396 1533 423
