2 0.890056 651 584 829 669
2 0.887772 203 584 333 655
2 0.88664 481 557 647 642
2 0.883284 334 604 478 689
2 0.874421 833 609 1042 689
2 0.873248 335 534 478 615
2 0.871447 211 515 333 590
2 0.867936 643 657 825 741
2 0.824763 1301 595 1381 646
2 0.814536 826 681 1035 758
1 0.801252 863 298 886 320
1 0.800256 862 321 887 344
1 0.798951 886 299 910 321
2 0.777026 1156 581 1235 631
2 0.775599 1157 633 1230 703
1 0.773072 885 276 908 295
1 0.767684 888 323 912 344
1 0.760608 913 324 935 344
2 0.758648 480 632 644 728
1 0.748945 834 321 862 343
1 0.745637 936 324 959 343
1 0.74393 908 258 929 276
1 0.743548 908 276 930 293
1 0.740828 865 275 887 296
1 0.722635 958 324 980 342
1 0.708835 1669 517 1696 551
1 0.700567 890 378 912 394
2 0.697396 1042 625 1102 697
1 0.696813 863 346 888 365
1 0.695522 805 320 832 342
1 0.692388 889 347 913 364
1 0.691156 911 303 933 322
2 0.682356 1266 589 1303 639
1 0.681215 882 257 907 276
1 0.680445 935 346 958 363
1 0.668303 865 375 890 393
1 0.666227 833 299 863 319
2 0.666039 1297 641 1373 681
2 0.665308 1378 606 1484 674
1 0.654058 930 258 952 275
1 0.64734 835 345 862 366
2 0.647314 1235 587 1265 632
2 0.645395 1102 626 1154 697
1 0.643883 1155 348 1174 365
1 0.641697 959 308 981 324
1 0.63345 981 325 1005 342
2 0.628886 1490 614 1570 671
1 0.621987 804 298 831 319
1 0.619838 913 379 935 395
1 0.613898 935 307 959 323
1 0.606089 911 228 931 245
1 0.602294 982 305 1004 320
1 0.599636 932 276 956 291
1 0.599423 807 344 834 363
1 0.59802 913 347 935 364
1 0.595401 780 319 804 340
1 0.594048 891 395 913 411
1 0.593571 958 276 983 291
1 0.589004 958 346 979 363
1 0.583959 983 276 1004 291
1 0.582988 1199 180 1219 200
1 0.575577 914 211 934 227
1 0.574792 973 217 995 233
1 0.573207 964 26 993 48
1 0.572383 1152 330 1172 345
1 0.569125 776 217 801 236
1 0.558392 979 364 1001 380
1 0.554348 870 256 891 274
1 0.550912 1705 522 1732 555
1 0.548994 1175 349 1195 365
1 0.547659 1672 483 1701 519
1 0.546098 930 229 951 245
1 0.543658 1175 180 1199 199
1 0.541549 833 319 860 339
1 0.539662 934 378 957 393
1 0.532297 1153 184 1174 200
1 0.530576 986 258 1012 273
1 0.529321 1040 278 1057 294
1 0.527645 1171 402 1193 421
1 0.525832 913 396 933 413
1 0.522877 1201 158 1222 179
1 0.520525 956 258 984 274
1 0.519752 964 132 984 150
1 0.519653 1135 330 1153 344
1 0.518644 1200 203 1220 221
1 0.518153 943 132 964 150
1 0.509917 834 277 864 297
1 0.509025 1156 207 1174 224
1 0.50546 1103 261 1124 274
1 0.503943 1175 204 1197 223
