2 0.894827 655 583 829 668
2 0.887394 836 607 1036 685
2 0.881954 198 512 330 592
2 0.874852 486 557 644 637
2 0.867784 337 535 475 618
2 0.856342 336 607 474 694
2 0.814869 1301 596 1380 647
2 0.811723 1155 631 1232 695
2 0.810489 197 581 329 657
2 0.80642 1156 581 1261 633
2 0.798808 1040 626 1152 694
2 0.793108 830 682 1030 750
2 0.77167 1379 605 1482 652
2 0.763678 483 632 641 707
2 0.722461 651 658 827 735
1 0.682844 867 277 886 294
1 0.624923 838 276 865 291
1 0.619338 938 325 960 341
1 0.614012 811 255 835 272
1 0.60778 1020 219 1043 236
1 0.591656 865 299 885 316
1 0.582084 1226 158 1245 181
1 0.57788 1006 326 1030 343
2 0.57759 1266 587 1300 640
1 0.570476 969 218 994 233
1 0.567871 986 276 1007 291
1 0.567231 981 325 1005 343
1 0.562794 810 274 837 290
1 0.558313 937 349 958 366
2 0.553352 1805 528 1823 573
1 0.552758 960 325 980 343
1 0.552044 925 74 949 92
1 0.55085 784 307 809 322
1 0.53654 988 259 1010 275
1 0.533799 909 230 930 245
2 0.526364 1155 348 1174 362
1 0.52478 939 309 961 324
1 0.523894 912 212 933 227
2 0.522282 1822 537 1853 577
1 0.518135 885 278 907 294
1 0.517107 1201 156 1225 177
1 0.514472 1228 133 1247 157
2 0.511873 128 559 198 630
1 0.511328 913 355 937 371
1 0.510564 1644 278 1674 316
1 0.510158 877 220 897 234
1 0.505889 931 254 952 270
1 0.505769 1642 311 1672 348
