2 0.890601 836 608 1040 687
2 0.889343 653 582 830 666
2 0.881056 200 511 332 590
2 0.872564 340 604 476 692
2 0.871792 338 535 477 617
2 0.8651 485 557 645 639
2 0.856178 829 682 1033 757
2 0.846895 1155 581 1262 635
2 0.846026 199 583 330 670
2 0.810654 1301 597 1381 646
2 0.80087 1042 627 1154 696
2 0.770976 1156 633 1246 700
2 0.767109 650 659 827 744
2 0.766429 484 632 639 721
2 0.737249 1379 606 1486 655
1 0.732396 864 300 885 321
1 0.705189 885 301 912 321
1 0.696177 839 301 864 320
1 0.694855 863 277 886 294
1 0.685832 885 278 910 296
2 0.685484 126 556 198 637
1 0.681374 939 323 961 343
2 0.669776 1295 640 1373 680
1 0.666751 981 324 1005 343
1 0.659158 888 349 915 370
1 0.658517 938 304 962 323
1 0.647683 914 303 938 323
1 0.646638 915 323 939 343
1 0.64593 909 255 931 272
1 0.644318 811 300 838 320
1 0.641437 884 257 909 274
1 0.638902 915 349 938 368
1 0.638171 836 276 863 292
1 0.622761 840 321 864 340
1 0.620398 864 322 886 342
1 0.618668 890 374 915 393
1 0.616556 983 302 1005 320
1 0.607163 910 278 933 295
1 0.604951 858 259 885 275
1 0.603021 812 254 835 272
1 0.600836 932 255 958 272
1 0.597439 784 300 811 320
1 0.595335 811 321 840 340
1 0.587802 938 347 959 365
1 0.583279 962 304 982 322
1 0.579889 960 323 980 343
1 0.578848 1673 519 1695 551
1 0.574528 980 346 1004 363
1 0.570328 863 349 888 370
1 0.569594 887 323 914 342
1 0.568879 836 258 859 274
1 0.563381 910 233 931 246
1 0.559819 1005 327 1027 345
1 0.539328 782 274 810 293
1 0.538979 786 321 811 340
1 0.531268 932 231 959 247
1 0.524831 984 276 1006 293
1 0.521772 1670 316 1700 355
1 0.521204 811 274 836 291
1 0.518062 877 220 898 235
1 0.512652 1157 348 1176 362
1 0.506298 841 348 863 370
1 0.504615 971 217 994 232
1 0.504143 916 377 937 394
1 0.500491 936 378 957 395
