1 0.88586 571 0 690 40
1 0.829975 1016 0 1097 51
3 0.779423 812 87 869 150
3 0.737408 1209 79 1236 119
3 0.731936 436 98 526 172
3 0.721502 753 90 810 157
3 0.716593 867 84 929 147
2 0.711694 576 88 698 164
1 0.684774 164 65 202 115
1 0.676643 168 106 207 151
2 0.641288 1208 119 1236 174
1 0.599482 230 0 274 46
2 0.593312 698 87 755 157
3 0.554278 574 32 695 90
3 0.554209 1018 44 1099 99
1 0.551284 238 86 287 136
1 0.536833 807 0 867 32
3 0.533059 810 32 869 86
1 0.526688 971 0 1017 43
1 0.525132 1260 57 1280 98
1 0.519968 425 0 570 58
1 0.517747 332 65 386 129
1 0.516592 289 77 333 135
2 0.504528 336 122 393 197
