3 0.845836 867 84 931 147
3 0.840275 755 90 812 150
3 0.817701 1209 79 1237 121
3 0.811836 241 129 338 202
2 0.8067 166 0 233 63
3 0.761803 1179 69 1211 118
2 0.754666 698 90 754 153
1 0.747885 570 0 631 40
3 0.744439 434 99 527 169
2 0.704361 1207 122 1236 175
3 0.698433 1232 0 1257 48
3 0.689096 635 32 696 89
3 0.670419 692 0 749 32
3 0.657623 175 155 213 215
1 0.652358 1017 0 1097 51
3 0.649795 1177 28 1210 74
2 0.639633 578 90 638 161
3 0.63453 1208 39 1235 84
2 0.627072 129 64 165 128
1 0.626996 926 36 1016 89
2 0.610635 1063 102 1097 160
3 0.592934 749 0 862 31
3 0.592835 1234 44 1261 90
3 0.587757 1099 10 1162 66
1 0.581493 1260 55 1280 97
2 0.579899 211 137 245 210
1 0.578991 864 32 926 85
2 0.561445 637 88 699 158
1 0.558959 928 0 1017 42
3 0.556846 574 35 635 90
1 0.556739 751 32 862 87
1 0.544708 870 0 1015 41
3 0.516199 1179 115 1209 164
3 0.507657 1160 25 1182 72
1 0.505596 1260 91 1280 134
