1 0.877354 408 0 524 60
3 0.826083 911 114 996 181
1 0.804732 821 57 913 110
1 0.79558 914 21 996 73
3 0.777404 822 110 911 169
3 0.775997 1035 129 1111 187
1 0.771188 819 4 914 62
1 0.739338 913 65 997 117
1 0.738511 697 1 760 51
1 0.736161 73 73 108 120
1 0.735545 139 99 185 150
3 0.724686 187 137 279 212
2 0.7199 1109 143 1140 190
1 0.690103 187 83 274 147
1 0.676053 411 50 524 114
1 0.655344 917 0 997 30
3 0.652614 761 105 821 168
2 0.646567 385 108 522 189
1 0.632209 759 51 820 104
2 0.62833 524 104 630 181
2 0.604778 525 105 697 181
1 0.603638 698 51 761 107
1 0.602193 585 1 695 49
1 0.573858 761 1 819 52
1 0.529081 524 0 694 51
3 0.525023 280 116 373 196
3 0.51543 698 105 821 172
