2 0.844353 466 107 524 176
2 0.839359 524 105 586 171
1 0.814358 465 0 521 54
3 0.785844 1065 0 1112 46
3 0.779153 327 116 416 183
1 0.776564 138 99 184 153
1 0.775432 581 0 639 50
1 0.769074 185 83 282 150
1 0.746 640 50 697 105
3 0.743314 139 148 186 214
1 0.725789 914 13 996 73
1 0.72437 521 0 581 51
3 0.723406 136 58 181 101
3 0.721745 185 138 280 205
1 0.721344 867 59 914 106
1 0.718892 524 51 584 107
1 0.71377 758 3 865 57
1 0.702794 866 7 914 65
1 0.675655 640 0 696 50
1 0.674637 754 53 865 104
1 0.671643 913 63 995 119
1 0.664757 466 52 522 110
3 0.604721 71 109 137 164
1 0.596475 1066 44 1113 91
3 0.59392 642 106 696 161
1 0.576943 69 65 135 121
1 0.56961 1114 58 1139 102
3 0.567257 74 155 140 221
3 0.55447 753 101 864 158
2 0.552879 1107 137 1138 188
1 0.552088 1210 87 1231 126
1 0.54466 1167 110 1197 144
3 0.534276 696 1 758 50
1 0.528148 345 2 465 65
1 0.520964 998 30 1032 80
1 0.510936 997 75 1031 122
