3 0.833309 756 89 812 150
3 0.82816 1210 79 1237 121
3 0.817599 241 131 338 202
1 0.804204 1017 0 1098 52
2 0.797707 166 0 233 63
1 0.787654 570 0 632 40
3 0.766956 684 0 749 32
3 0.763562 1180 69 1211 119
3 0.761105 866 86 930 142
2 0.754198 1209 120 1236 176
3 0.748798 1232 0 1257 48
3 0.72991 434 99 527 167
3 0.695141 1208 39 1236 83
3 0.670106 1176 29 1210 74
2 0.634615 337 124 389 192
1 0.625351 426 0 570 56
2 0.619242 1235 114 1260 180
3 0.609764 1234 44 1261 91
2 0.600625 698 89 755 152
1 0.593197 967 0 1018 44
3 0.587543 174 145 240 217
2 0.566317 1181 116 1211 166
1 0.562393 233 0 273 44
1 0.561916 463 0 571 50
1 0.560318 1260 55 1280 97
1 0.553174 751 32 861 88
3 0.552715 174 150 212 215
1 0.549209 630 0 687 36
3 0.547198 168 101 239 152
1 0.542476 573 35 636 92
1 0.518959 864 32 926 86
3 0.516674 1019 45 1099 100
1 0.515933 926 38 1017 91
3 0.514745 1207 0 1233 40
3 0.514737 636 33 697 89
3 0.502318 748 0 861 31
