1 0.845918 972 0 1099 53
3 0.842557 812 85 869 154
3 0.841439 1098 108 1210 169
3 0.794593 868 85 929 149
3 0.793324 447 97 576 170
1 0.776262 425 0 572 56
2 0.770579 337 123 390 193
1 0.765535 1234 46 1280 99
1 0.752545 571 0 691 40
1 0.710422 461 0 572 51
3 0.703138 809 32 868 85
1 0.671132 232 0 273 41
3 0.668354 756 87 811 155
1 0.650669 334 65 385 129
1 0.647134 288 75 335 135
1 0.638476 168 105 206 150
1 0.612929 275 0 328 36
1 0.600037 165 64 202 115
1 0.594367 1232 0 1280 57
1 0.589146 867 32 925 84
3 0.587934 1021 99 1098 159
1 0.577411 168 103 233 150
1 0.576889 1209 80 1236 126
1 0.570551 451 40 574 102
3 0.547651 575 31 695 88
1 0.544183 237 83 287 143
3 0.527542 1101 58 1211 119
3 0.525164 243 137 293 207
2 0.519779 575 87 700 162
