1 0.838325 753 52 820 103
3 0.830567 753 101 819 166
1 0.828046 755 2 818 53
3 0.817809 329 117 416 183
1 0.816832 342 3 466 68
1 0.81285 185 82 278 151
3 0.802202 1113 98 1141 141
3 0.78858 185 137 279 210
1 0.757931 582 0 640 51
1 0.746687 818 5 866 58
1 0.742375 916 16 999 75
1 0.702637 642 50 699 107
1 0.692966 466 52 587 111
3 0.689935 1083 91 1113 135
1 0.677712 1000 32 1036 80
3 0.667252 913 116 996 181
3 0.661433 1034 81 1066 126
2 0.655601 643 107 699 171
1 0.653853 868 7 916 65
3 0.650779 1141 103 1169 139
3 0.640333 1066 43 1086 88
2 0.640246 467 108 525 176
3 0.635223 996 121 1031 179
2 0.632861 1110 141 1140 192
1 0.630115 915 64 998 118
1 0.625181 1170 72 1195 115
3 0.620494 1036 39 1067 83
3 0.616405 1066 0 1084 44
3 0.612987 1064 86 1085 130
2 0.610899 588 105 640 151
3 0.60905 1083 0 1114 49
1 0.601749 184 0 270 45
1 0.593542 868 59 916 105
3 0.585533 1142 64 1170 110
3 0.576649 1115 3 1143 63
1 0.575587 698 1 755 51
1 0.566326 1212 89 1232 126
3 0.562384 1195 83 1213 121
1 0.55801 1169 111 1194 145
1 0.556177 522 0 583 52
1 0.537083 999 75 1035 121
3 0.531231 141 148 186 217
3 0.513707 526 106 587 176
1 0.508929 1115 59 1142 102
1 0.503076 1084 47 1114 92
3 0.502861 1115 58 1142 103
