3 0.845215 329 117 415 183
3 0.839584 912 112 992 177
1 0.819234 914 16 996 73
1 0.775804 638 1 758 51
3 0.757774 185 139 279 213
1 0.752061 866 59 914 106
1 0.748029 913 64 995 117
2 0.734357 466 108 525 173
1 0.720598 186 82 286 152
1 0.71987 639 51 757 107
1 0.701615 582 0 638 51
1 0.699584 866 9 914 66
1 0.684924 916 0 996 27
1 0.680702 520 1 582 53
1 0.676611 466 1 520 55
2 0.663601 526 107 584 171
3 0.662034 754 101 863 160
1 0.646366 1210 88 1232 127
1 0.645533 758 4 866 57
1 0.63469 407 3 464 61
1 0.632695 1112 98 1139 140
1 0.630816 757 53 864 104
3 0.625674 698 105 755 165
1 0.590704 69 66 135 120
1 0.581738 1113 58 1139 104
2 0.552002 1109 140 1139 186
3 0.545436 639 106 695 160
3 0.537809 1065 1 1113 46
1 0.528493 1080 46 1113 91
3 0.524316 414 112 466 175
1 0.523961 1167 111 1192 146
3 0.51417 322 61 412 122
