3 0.838166 279 2 413 70
1 0.838093 186 80 278 150
3 0.832021 1113 98 1141 145
3 0.812616 308 60 416 124
1 0.802406 411 2 467 60
1 0.784812 752 51 818 104
3 0.781724 187 139 282 210
3 0.780047 305 117 418 183
3 0.780046 752 103 817 163
2 0.767461 644 110 694 166
2 0.735213 1138 145 1166 193
2 0.729056 589 107 637 162
3 0.717111 998 76 1034 124
1 0.693611 467 0 582 53
3 0.693505 1083 91 1113 138
2 0.690562 1111 142 1139 191
3 0.665517 111 149 187 218
1 0.64731 1084 47 1113 91
2 0.631072 417 113 469 177
2 0.628101 1001 0 1038 34
1 0.628024 821 4 916 64
1 0.621431 1115 58 1142 102
2 0.616629 415 56 469 117
1 0.612327 819 57 915 110
3 0.586583 752 1 819 53
2 0.576359 1164 149 1191 197
3 0.575743 1037 38 1067 83
2 0.574474 1140 104 1168 148
1 0.572685 583 0 695 50
3 0.572223 999 32 1037 79
3 0.563196 960 118 996 177
3 0.556119 1170 73 1194 114
3 0.552977 143 149 187 217
1 0.548089 469 52 585 109
2 0.542812 1170 13 1193 74
2 0.54255 587 51 639 106
3 0.534938 1165 151 1193 198
1 0.53184 960 22 998 70
2 0.531713 1143 1 1167 65
3 0.530972 1082 0 1112 48
1 0.526202 916 65 997 118
3 0.520265 1115 2 1142 60
2 0.519064 997 123 1031 178
3 0.515453 1143 64 1169 109
3 0.511578 184 38 271 87
