1 0.870215 1016 0 1097 53
3 0.869815 811 85 870 153
3 0.859698 756 87 810 155
3 0.807039 435 96 529 172
3 0.797288 869 85 927 146
1 0.769465 233 0 275 44
1 0.753929 925 0 1016 41
1 0.75129 927 36 1017 89
3 0.680077 636 87 698 160
3 0.673851 810 32 868 86
1 0.668451 570 0 691 40
3 0.661805 1103 104 1180 160
1 0.657163 281 0 330 36
2 0.641129 212 141 248 208
1 0.627992 168 105 208 153
1 0.623673 238 85 289 140
3 0.618388 1098 57 1183 109
1 0.605775 289 77 334 137
1 0.601617 1017 44 1098 102
3 0.594424 751 31 809 86
1 0.591804 868 34 925 84
1 0.580263 165 66 203 115
3 0.5728 576 86 698 161
1 0.571346 426 0 571 60
2 0.557541 244 136 292 207
3 0.544037 929 88 1012 144
2 0.527454 1205 120 1234 177
1 0.520482 868 0 925 35
3 0.513188 573 33 695 89
