3 0.840759 434 99 528 167
3 0.817541 239 130 338 205
2 0.815153 337 123 387 193
2 0.796466 162 0 231 63
3 0.78371 866 85 931 146
1 0.734739 166 100 237 155
3 0.725577 755 87 811 149
3 0.717112 1179 68 1211 118
2 0.710071 1207 121 1237 169
1 0.696813 569 0 630 40
1 0.69197 424 0 519 56
1 0.685231 1098 8 1164 65
1 0.683696 236 74 333 141
3 0.661596 1209 79 1237 121
1 0.660433 969 0 1026 44
1 0.649323 163 0 231 63
3 0.642199 1099 104 1165 160
1 0.636922 972 38 1018 89
1 0.635717 865 30 969 86
1 0.626888 868 0 968 37
2 0.626184 1064 101 1099 158
3 0.623479 172 153 213 217
3 0.602065 528 94 580 161
1 0.60103 633 32 696 88
2 0.600569 696 87 753 153
3 0.595652 691 0 751 32
1 0.56555 231 0 273 43
1 0.559378 1060 1 1098 52
1 0.555396 573 35 634 90
3 0.553076 1180 114 1209 163
3 0.548783 812 88 863 149
2 0.531661 1235 121 1260 177
3 0.523432 750 0 804 31
3 0.522519 578 89 636 160
3 0.520505 1209 37 1236 84
2 0.511678 1029 100 1064 157
