2 0.851887 636 88 697 157
1 0.819203 864 0 970 38
3 0.810607 690 0 747 33
2 0.796888 578 91 636 162
3 0.792413 753 88 810 149
1 0.77788 570 0 631 39
2 0.768225 698 90 752 149
1 0.760279 573 34 635 94
1 0.739078 428 40 574 107
1 0.736265 425 0 572 55
3 0.733627 436 96 579 171
1 0.716038 1018 0 1099 52
3 0.709233 748 0 804 33
1 0.686674 231 0 274 45
3 0.678832 812 91 862 147
1 0.65436 808 31 863 74
3 0.60982 694 31 750 70
1 0.608443 863 32 971 86
1 0.606273 635 32 696 91
3 0.599996 863 82 932 144
1 0.593889 971 0 1020 44
1 0.56515 750 31 807 88
1 0.559372 973 37 1017 80
1 0.537549 630 0 691 36
3 0.529353 1231 0 1258 47
1 0.526242 168 102 237 148
1 0.515167 1209 79 1236 117
