3 0.865583 428 98 574 174
2 0.854356 631 87 694 163
3 0.841091 569 37 631 93
3 0.832507 332 122 399 194
3 0.828165 1014 45 1098 105
3 0.825915 971 0 1016 44
3 0.801431 429 39 571 105
3 0.783163 239 140 287 207
3 0.778607 207 153 245 212
3 0.772946 1015 1 1099 52
3 0.769711 169 158 215 220
3 0.767896 572 91 631 165
3 0.758778 751 32 805 90
3 0.758141 568 0 628 39
3 0.755454 632 34 695 89
3 0.755193 331 65 393 139
3 0.732658 424 0 517 59
2 0.718506 695 89 747 161
3 0.715402 424 0 568 59
2 0.704497 204 64 236 104
3 0.695476 858 32 929 90
3 0.687515 859 86 928 158
3 0.669008 281 132 337 201
2 0.661383 747 88 809 157
3 0.647775 1012 96 1098 164
3 0.644589 206 101 240 141
3 0.644161 630 0 689 34
3 0.629451 748 0 803 31
3 0.611069 859 0 971 36
3 0.60578 691 0 745 31
3 0.601929 806 0 856 31
3 0.58485 237 78 332 149
3 0.583815 208 132 243 174
3 0.575645 251 132 337 205
3 0.570597 973 38 1014 78
3 0.56927 809 31 857 66
3 0.559132 927 35 973 72
2 0.553409 1093 105 1131 163
3 0.521199 695 32 745 87
3 0.518521 923 0 972 38
