1 0.872516 753 3 820 52
1 0.858951 186 83 279 149
3 0.849228 757 104 821 164
1 0.847734 755 51 822 104
1 0.846676 820 5 915 61
3 0.827734 821 106 916 166
1 0.822801 587 1 695 50
1 0.822215 820 55 916 108
3 0.787485 187 138 282 209
1 0.783198 466 0 584 54
1 0.759576 139 99 185 152
3 0.741281 1041 128 1111 187
2 0.740111 649 111 695 167
1 0.733608 184 0 273 41
1 0.730516 469 52 587 109
3 0.690639 1114 101 1169 142
1 0.665181 915 16 958 68
1 0.663557 697 1 753 50
3 0.654381 1081 92 1113 136
3 0.640682 998 76 1035 125
1 0.640006 959 24 998 72
1 0.6379 184 38 271 86
3 0.636918 1066 0 1113 48
1 0.614633 412 56 467 111
2 0.611072 589 109 633 166
1 0.567883 586 0 752 50
1 0.560696 1212 90 1232 127
1 0.559537 915 63 958 115
3 0.552889 997 122 1043 181
1 0.551262 700 50 754 110
1 0.509137 1211 0 1229 25
