1 0.872196 1017 0 1099 51
3 0.841287 756 89 861 150
1 0.831437 752 32 862 90
1 0.783136 166 99 238 153
1 0.761855 569 0 626 39
1 0.756097 1260 55 1280 98
3 0.754125 687 0 750 32
2 0.723919 1207 121 1235 174
1 0.707351 1018 43 1101 98
2 0.703522 636 87 698 157
1 0.700384 1179 0 1210 31
1 0.678833 1234 45 1261 92
2 0.678251 161 0 232 63
1 0.672724 866 0 968 38
1 0.669684 968 0 1017 43
3 0.659881 749 0 862 31
3 0.65887 475 96 581 163
1 0.656527 1211 39 1236 84
1 0.654817 573 35 634 90
3 0.649587 698 88 755 148
3 0.645636 863 86 932 152
3 0.636891 1182 69 1212 118
1 0.62142 1257 20 1280 60
1 0.617083 972 38 1017 82
1 0.614837 864 32 968 87
3 0.604325 578 89 637 161
1 0.587938 1099 10 1136 61
3 0.585983 241 128 339 203
3 0.585381 172 139 247 214
2 0.576071 1064 100 1100 157
3 0.559819 393 102 477 172
3 0.553781 693 32 753 86
3 0.548603 630 32 696 88
2 0.54839 129 0 162 65
1 0.539864 164 60 235 109
1 0.534252 1160 0 1181 28
1 0.524631 1210 79 1236 122
3 0.507665 624 0 689 34
3 0.505846 1179 28 1213 74
1 0.503016 162 0 233 66
