3 0.871741 755 91 809 151
2 0.835794 166 0 232 63
1 0.817975 865 0 970 38
3 0.816302 1209 79 1236 121
3 0.807596 433 99 528 167
3 0.776912 812 93 866 149
2 0.758263 1209 121 1236 173
3 0.749834 1180 70 1211 118
2 0.707724 128 63 165 130
3 0.689183 867 83 932 148
3 0.675696 685 0 749 32
2 0.669398 638 89 697 158
3 0.652484 242 129 338 202
3 0.63881 1232 0 1257 48
3 0.62059 1208 39 1235 83
3 0.618087 1177 28 1210 74
1 0.61482 424 0 572 56
1 0.613945 970 0 1035 46
2 0.603756 696 89 754 154
2 0.576926 578 90 638 162
2 0.571896 211 137 245 211
1 0.567048 1260 55 1280 97
3 0.566228 173 146 229 220
2 0.559966 166 60 236 112
2 0.546945 1235 117 1260 177
1 0.546505 865 32 972 85
3 0.545351 1234 44 1261 90
1 0.54366 973 38 1018 83
3 0.539259 1206 0 1234 42
2 0.508913 1062 100 1097 159
