3 0.856352 912 114 997 181
1 0.826099 641 51 758 106
3 0.823664 186 136 283 212
1 0.814702 185 79 284 149
3 0.802585 757 104 820 162
1 0.795127 640 1 756 50
1 0.788003 756 3 864 55
3 0.778846 641 107 756 165
1 0.771064 184 0 267 40
1 0.762444 585 2 641 50
1 0.756866 462 0 582 56
1 0.753184 914 16 997 72
1 0.751901 139 98 185 151
3 0.750705 867 110 913 162
1 0.748723 465 52 586 109
1 0.741347 867 60 914 110
3 0.713772 996 122 1051 185
1 0.693 914 64 997 116
1 0.689111 998 31 1036 79
3 0.667556 642 108 697 165
3 0.667488 1112 101 1168 147
1 0.654883 1209 90 1231 128
2 0.646621 1108 142 1139 191
1 0.646212 867 6 914 63
3 0.615993 187 36 268 83
3 0.556947 1079 92 1111 139
1 0.550342 407 2 464 55
1 0.544732 999 0 1038 35
1 0.525719 409 56 464 110
1 0.507907 756 51 819 104
3 0.507172 1136 102 1168 148
