3 0.866573 136 310 228 424
2 0.866384 880 329 959 373
2 0.862526 885 286 964 331
2 0.861075 871 371 954 416
3 0.852014 156 208 245 322
2 0.850242 829 327 884 371
2 0.84995 861 456 940 500
2 0.847818 866 414 946 457
2 0.843321 806 490 859 532
2 0.840059 949 372 996 419
2 0.839186 835 285 888 329
3 0.836085 67 184 168 295
2 0.835286 955 327 1002 376
2 0.83297 855 496 934 543
2 0.832927 619 362 656 408
2 0.831684 821 367 876 412
2 0.831681 812 450 864 493
2 0.829075 943 414 991 461
2 0.82897 648 407 685 450
2 0.828824 645 441 681 479
2 0.828586 611 435 649 475
2 0.827104 936 457 983 504
2 0.825183 579 464 609 502
2 0.824792 44 401 123 521
2 0.824371 552 461 584 499
2 0.823859 960 284 1005 332
3 0.819387 319 257 427 367
3 0.816203 967 602 1025 664
2 0.814463 844 588 923 646
3 0.814127 403 373 469 469
3 0.812614 54 287 144 404
3 0.811124 440 200 505 294
2 0.809446 605 469 645 508
2 0.808801 797 325 836 367
3 0.806206 421 285 482 380
2 0.804517 802 286 840 327
2 0.803956 815 409 870 453
3 0.802519 337 161 449 284
2 0.79931 548 496 577 534
2 0.795272 654 373 690 416
2 0.793464 121 410 200 533
2 0.788423 614 401 651 441
2 0.785959 600 503 640 542
3 0.784977 102 73 198 199
2 0.784799 1005 286 1063 340
3 0.783999 303 348 406 453
3 0.783607 38 77 118 175
2 0.781049 998 330 1058 386
2 0.778097 1050 476 1082 529
2 0.777593 642 474 678 514
2 0.776996 1149 510 1172 553
2 0.775072 1152 476 1176 520
2 0.774947 572 499 604 537
2 0.770683 674 478 702 518
2 0.770041 1056 429 1085 486
2 0.764937 0 753 116 1048
2 0.755959 991 375 1055 430
2 0.755363 584 430 615 467
2 0.754376 788 365 827 408
3 0.753603 799 531 852 574
2 0.752655 557 428 588 464
2 0.751388 697 797 887 1000
2 0.748822 679 446 705 484
3 0.747817 458 120 525 213
2 0.74386 1178 455 1203 495
2 0.740282 987 419 1052 475
2 0.735956 921 593 966 652
3 0.732815 226 323 301 432
2 0.732643 761 365 794 406
3 0.728257 359 74 479 194
2 0.72723 1081 448 1127 505
2 0.7263 571 535 599 583
2 0.725778 635 509 673 549
2 0.723672 982 462 1046 514
2 0.722985 1156 439 1180 486
2 0.722876 762 327 802 366
3 0.718602 258 133 348 239
2 0.71708 774 488 810 528
2 0.714795 52 0 153 76
2 0.713805 670 513 696 552
2 0.711901 545 533 573 579
3 0.709693 970 553 1030 607
2 0.709692 786 404 820 451
2 0.707411 788 447 816 491
2 0.703391 1073 526 1116 575
2 0.701402 1128 425 1157 478
3 0.700407 282 44 377 154
2 0.696372 1085 401 1129 466
2 0.693243 1060 388 1091 448
2 0.688287 593 361 625 402
2 0.688146 289 448 384 540
3 0.684855 186 109 271 222
2 0.681499 1044 517 1077 569
3 0.676646 478 49 536 135
2 0.675816 794 576 845 631
2 0.674724 1079 490 1121 544
2 0.671591 768 288 807 328
2 0.668462 762 404 788 448
2 0.665855 687 383 717 428
2 0.665156 849 541 928 587
2 0.660859 1157 403 1181 453
2 0.658705 516 427 563 462
2 0.656941 1202 587 1228 613
2 0.654844 523 460 558 496
2 0.637924 0 389 31 505
3 0.629225 1123 505 1149 546
3 0.627719 390 465 453 546
2 0.627421 527 494 554 531
2 0.621083 598 538 632 593
2 0.615188 863 783 1120 991
2 0.610166 36 529 173 651
2 0.610123 722 483 742 527
2 0.60785 1107 330 1138 385
2 0.604376 932 501 976 549
2 0.597591 929 547 971 591
2 0.597222 769 570 796 602
2 0.590973 564 393 593 430
2 0.582109 1178 487 1201 530
2 0.58136 588 394 619 433
2 0.581337 765 444 791 488
3 0.580911 491 0 566 56
3 0.579379 1179 586 1199 614
2 0.579258 1067 304 1098 368
2 0.577452 768 585 796 630
2 0.574303 974 504 1035 558
3 0.569333 0 38 39 149
2 0.56032 1058 338 1078 403
2 0.559093 1180 426 1207 462
2 0.558107 698 481 718 525
2 0.544253 767 528 803 571
2 0.54172 1099 367 1135 429
2 0.541587 1067 564 1104 608
2 0.539782 1067 348 1097 413
2 0.529145 746 443 765 486
2 0.521058 735 443 753 486
3 0.516066 1126 466 1152 510
2 0.514088 1059 339 1091 402
2 0.51241 701 418 721 459
2 0.51123 0 40 39 149
