2 0.882643 875 373 956 418
3 0.867842 109 531 175 649
2 0.862231 887 294 967 332
2 0.861482 857 499 937 547
2 0.859566 838 291 890 331
2 0.857658 862 455 944 504
2 0.856338 934 503 982 552
2 0.851147 581 464 612 504
2 0.84675 867 416 949 460
2 0.846015 882 331 963 374
2 0.84102 950 373 997 420
3 0.837918 72 180 171 298
2 0.837773 825 368 878 414
2 0.83722 944 416 992 465
2 0.836144 940 460 987 509
2 0.828729 831 329 885 372
3 0.827891 44 396 127 514
3 0.827772 104 73 199 203
3 0.825842 60 285 145 404
2 0.820218 845 590 925 646
2 0.819686 556 463 585 501
3 0.816103 136 310 307 434
2 0.81031 956 329 1004 377
2 0.810287 805 288 844 330
3 0.8091 319 250 431 376
2 0.807474 793 364 831 409
2 0.807317 851 543 931 593
3 0.806307 361 80 477 202
2 0.805058 800 326 838 370
2 0.804545 615 435 652 475
2 0.803861 813 451 866 497
2 0.80051 980 506 1039 560
3 0.799389 305 344 412 462
2 0.794173 575 500 605 538
2 0.792388 783 448 819 493
2 0.790642 820 407 871 456
2 0.78823 1004 334 1056 385
2 0.787438 587 430 618 470
2 0.779808 620 400 658 443
2 0.777881 650 441 683 481
2 0.77786 1079 486 1115 539
2 0.776295 1131 507 1153 552
2 0.776139 787 403 826 452
2 0.774223 551 496 579 535
2 0.773813 760 365 800 407
3 0.772914 422 285 488 384
2 0.772697 985 465 1045 516
2 0.771492 602 504 639 542
3 0.771347 338 161 451 293
2 0.770792 624 364 661 408
3 0.76638 972 602 1027 665
2 0.766356 778 490 813 531
2 0.765207 573 535 602 581
2 0.759104 607 468 647 509
2 0.758458 767 327 805 367
2 0.757086 808 492 861 537
3 0.755932 441 195 506 301
2 0.755238 1052 477 1082 528
2 0.754644 997 375 1054 430
2 0.752205 923 595 972 651
2 0.74968 656 407 689 451
3 0.748216 466 120 522 215
2 0.746506 561 428 590 466
2 0.744004 928 548 978 598
2 0.743757 1074 526 1107 574
2 0.74162 659 378 692 420
2 0.736333 524 461 561 495
2 0.73554 988 419 1048 472
2 0.733807 1152 510 1174 555
2 0.732387 1012 292 1058 338
2 0.729482 130 0 239 89
3 0.728728 156 205 328 339
2 0.712434 569 394 596 432
3 0.712163 408 370 469 468
2 0.708928 1061 386 1094 454
2 0.708143 1083 443 1120 502
2 0.705616 595 360 628 401
3 0.703638 1175 588 1198 622
2 0.702422 571 360 600 398
2 0.701091 1040 560 1071 610
2 0.700165 772 291 809 329
2 0.699253 1133 469 1154 515
2 0.698578 548 534 575 579
2 0.695235 1130 542 1150 582
2 0.694958 977 550 1035 607
2 0.69338 523 494 555 534
2 0.693371 647 475 679 515
2 0.692542 0 755 119 1045
3 0.69219 476 44 542 139
2 0.691646 592 395 623 436
2 0.682138 1154 478 1176 518
3 0.678037 1149 581 1173 619
2 0.666301 1159 406 1183 455
2 0.665091 524 428 567 464
2 0.661657 1046 518 1077 569
2 0.660304 1069 568 1103 618
2 0.657218 1075 314 1101 366
2 0.656907 1151 548 1174 584
2 0.646959 763 403 794 449
2 0.636815 1059 340 1088 406
3 0.631275 1102 572 1122 618
2 0.630371 1068 613 1103 658
2 0.628996 964 292 1010 333
2 0.628331 526 395 574 430
2 0.628095 1180 459 1201 496
2 0.626714 1158 442 1182 488
2 0.625633 601 538 630 583
2 0.621711 1177 489 1199 531
2 0.616335 1174 527 1199 562
2 0.600902 1181 428 1204 466
3 0.600385 29 514 109 643
2 0.600181 680 481 705 522
2 0.599033 1093 405 1123 466
2 0.593911 523 534 550 574
2 0.574137 1093 365 1121 425
2 0.570446 1038 512 1054 565
2 0.569833 1099 335 1121 382
2 0.56738 1106 491 1127 542
2 0.558819 1105 533 1127 576
2 0.557434 643 509 672 547
2 0.55431 1134 426 1156 478
3 0.550668 1121 575 1145 617
2 0.54906 1080 492 1123 546
2 0.542143 746 488 779 528
2 0.540103 1062 350 1097 413
2 0.537363 1058 431 1088 488
2 0.536499 767 447 790 491
3 0.536178 0 510 22 638
3 0.531487 0 382 31 503
3 0.527868 290 54 376 160
2 0.520293 485 493 511 534
2 0.517614 1127 385 1147 438
3 0.514566 387 6 482 115
2 0.507578 746 448 770 488
2 0.504078 684 447 708 487
3 0.503976 394 461 461 543
