3 0.897147 197 343 366 465
3 0.885489 181 108 334 182
3 0.884542 182 182 340 270
3 0.877913 98 104 178 193
3 0.87722 188 258 353 360
3 0.876925 123 465 217 575
3 0.876868 211 426 387 560
3 0.876528 20 289 102 391
3 0.86883 27 383 113 493
3 0.867112 335 106 439 176
3 0.86553 19 200 97 290
3 0.864321 403 504 509 607
3 0.862949 111 362 202 478
3 0.858914 355 253 459 340
3 0.85332 97 191 180 278
3 0.85289 342 179 447 255
3 0.85049 366 332 476 428
3 0.846268 39 483 130 598
3 0.845683 22 113 98 202
3 0.842672 100 268 187 369
3 0.834946 383 415 496 518
3 0.832608 436 106 515 176
3 0.832086 26 33 100 118
3 0.824128 507 489 580 582
3 0.821391 456 247 545 331
3 0.820274 470 325 556 412
3 0.816525 445 173 530 249
2 0.815339 297 763 393 893
2 0.813874 144 562 236 683
3 0.804345 260 652 343 766
3 0.803475 230 519 408 655
2 0.801251 946 315 1032 384
3 0.798204 517 571 601 674
3 0.786036 489 405 573 499
3 0.768367 0 398 30 504
3 0.762934 423 597 512 663
2 0.749518 969 402 1050 462
3 0.739051 0 123 21 201
3 0.735581 0 42 30 127
2 0.734771 876 263 928 321
2 0.73186 913 197 997 269
2 0.731506 956 364 1042 422
3 0.720426 59 587 149 706
2 0.706346 869 229 921 284
3 0.683088 0 203 18 292
2 0.673352 883 303 938 364
2 0.66377 1101 245 1153 287
2 0.649372 934 275 1020 343
3 0.647657 102 30 180 98
2 0.637125 1008 265 1058 318
2 0.618904 996 223 1051 274
3 0.599491 0 496 44 621
3 0.588265 0 293 18 398
2 0.561705 979 451 1055 504
2 0.560992 1151 285 1237 325
2 0.560484 895 341 951 397
2 0.546042 982 180 1039 231
2 0.543162 1081 376 1145 431
2 0.541137 1119 284 1162 327
2 0.514715 924 382 965 439
