2 0.864019 874 373 955 418
2 0.861596 857 500 935 547
2 0.848111 938 460 988 506
2 0.847252 862 457 942 503
2 0.845156 867 417 948 459
3 0.837578 72 181 171 297
2 0.834008 950 372 999 419
2 0.833299 838 289 889 328
3 0.832549 975 554 1035 608
2 0.829789 883 331 962 374
2 0.829744 789 367 830 409
3 0.829576 970 604 1030 663
2 0.823252 888 291 966 332
2 0.821731 944 417 993 462
2 0.8212 831 329 883 370
2 0.819869 801 327 838 368
3 0.819847 440 196 514 304
2 0.81911 825 369 877 413
3 0.811783 184 107 274 224
2 0.809017 963 289 1015 331
2 0.806568 756 366 798 406
2 0.805571 580 465 610 503
2 0.805392 933 502 980 550
2 0.804802 805 288 842 327
2 0.802769 651 409 689 449
2 0.802302 849 546 930 592
3 0.802024 338 158 448 292
2 0.800225 843 589 924 644
2 0.800117 646 441 682 483
2 0.79721 957 329 1007 375
2 0.793111 1078 486 1117 538
3 0.792075 157 208 247 320
2 0.789837 922 593 971 649
2 0.789136 818 410 872 455
3 0.78782 421 285 490 382
2 0.785179 807 493 861 540
2 0.784864 1005 332 1052 385
2 0.782927 762 328 806 366
3 0.779924 406 372 478 470
2 0.777744 613 434 650 475
3 0.775764 352 77 476 200
2 0.774986 813 453 865 496
2 0.773813 1050 477 1081 526
2 0.773747 618 402 655 442
2 0.769076 1116 537 1146 579
2 0.766578 1150 511 1172 555
2 0.764722 586 431 618 470
2 0.763986 1056 430 1086 486
2 0.761213 0 764 117 1043
2 0.759635 998 375 1053 428
2 0.756848 782 404 824 451
2 0.754995 622 371 660 408
3 0.754959 60 286 144 404
2 0.754067 133 0 239 91
2 0.749788 1129 424 1159 475
3 0.747063 458 119 526 220
3 0.746428 259 135 349 238
2 0.746323 1082 443 1127 501
2 0.745651 556 463 584 500
2 0.739885 606 468 645 509
2 0.734534 1013 290 1064 338
2 0.734368 1071 523 1111 570
2 0.730528 524 461 560 495
2 0.729182 643 474 678 516
2 0.727675 675 481 706 521
2 0.722399 990 420 1051 474
2 0.721549 590 395 622 434
3 0.71673 38 83 121 177
2 0.71658 656 378 693 417
2 0.712403 561 429 590 464
2 0.708345 1093 367 1136 427
2 0.705346 524 428 566 462
2 0.704017 1123 505 1151 547
2 0.703322 54 1 158 75
2 0.702015 1045 519 1076 568
2 0.69939 1153 479 1176 520
2 0.698166 750 404 789 447
2 0.696995 1087 405 1133 465
2 0.696286 979 507 1030 560
2 0.685929 1060 389 1090 444
3 0.684002 103 77 198 204
2 0.67537 677 448 707 488
2 0.672324 985 466 1038 513
3 0.66814 320 248 428 377
2 0.666232 670 516 699 552
3 0.662133 479 41 546 143
2 0.655974 527 494 557 533
3 0.655311 138 308 228 422
2 0.648115 800 576 846 630
2 0.647203 686 415 715 455
2 0.645388 1127 463 1156 514
3 0.643083 380 6 498 120
2 0.641069 553 496 579 534
2 0.640416 1158 439 1184 487
2 0.638508 567 394 595 431
3 0.635621 1110 574 1143 613
2 0.628922 1070 353 1098 416
2 0.628037 595 364 626 400
2 0.623984 0 386 33 511
2 0.622444 1144 548 1168 585
2 0.621022 1066 567 1108 611
3 0.612574 927 548 976 597
2 0.604533 48 401 117 519
2 0.601699 780 449 818 493
2 0.590705 1072 310 1106 369
3 0.587989 1176 589 1198 617
2 0.587726 768 291 810 327
2 0.583888 705 865 809 994
3 0.583557 395 464 449 552
2 0.583427 577 500 603 537
3 0.575547 287 52 372 156
2 0.573816 926 550 975 599
2 0.571335 640 510 672 549
2 0.571067 690 388 717 422
2 0.570922 801 540 854 579
2 0.569441 1097 334 1142 387
2 0.561539 1159 400 1185 452
2 0.560214 550 534 577 578
2 0.557375 1052 337 1076 401
3 0.554554 494 0 571 62
2 0.553416 1200 618 1222 635
2 0.551584 576 536 601 582
2 0.538409 526 534 552 571
2 0.538094 0 43 40 152
2 0.522239 767 571 799 626
2 0.511875 50 400 194 529
2 0.508795 1062 614 1103 660
