3 0.89024 199 341 366 462
3 0.882334 183 179 344 270
3 0.881688 211 428 389 562
3 0.870527 181 104 337 182
3 0.870456 96 110 177 192
3 0.869653 190 255 354 360
3 0.86951 229 522 413 660
3 0.849171 107 367 200 478
3 0.847471 96 275 186 369
3 0.8469 338 100 511 178
3 0.836093 346 175 518 255
2 0.831081 722 570 755 623
3 0.829115 403 505 508 609
2 0.827939 764 487 804 528
3 0.821028 133 470 218 573
3 0.816501 507 491 580 583
3 0.805814 0 499 46 625
2 0.805801 945 315 1027 381
2 0.801391 754 455 792 495
3 0.801345 384 414 493 517
3 0.796552 81 693 154 804
3 0.792505 95 194 179 279
3 0.789774 57 599 121 706
2 0.787151 725 494 771 537
2 0.783959 907 382 962 443
2 0.783586 924 428 974 481
2 0.780129 954 356 1041 425
2 0.77774 887 304 940 364
2 0.776132 968 402 1051 464
2 0.774844 701 395 744 437
3 0.774661 52 117 96 196
3 0.774104 423 601 509 661
2 0.773867 719 462 762 502
2 0.772334 905 479 941 531
2 0.769565 877 265 930 321
2 0.769393 708 428 754 472
2 0.765727 736 391 779 431
2 0.765357 866 227 918 285
2 0.765151 1178 364 1216 409
3 0.756758 50 42 98 115
2 0.753357 695 577 728 629
3 0.752233 355 246 532 340
2 0.75159 934 274 1017 339
2 0.751542 860 355 904 413
2 0.75113 711 535 746 577
2 0.749997 17 819 142 982
3 0.741899 336 37 489 102
3 0.738522 368 329 473 427
3 0.736221 98 37 178 107
2 0.733381 745 422 788 465
2 0.733166 898 345 948 402
2 0.731618 1016 303 1070 365
3 0.731223 489 408 568 500
2 0.730415 702 502 731 548
2 0.730248 738 528 777 570
2 0.72791 847 277 886 336
2 0.726753 912 199 991 265
2 0.726521 1165 324 1210 369
2 0.723823 1075 167 1128 210
3 0.716962 181 38 330 102
2 0.711987 1005 261 1061 317
2 0.709657 1044 385 1094 439
2 0.708459 1027 166 1084 213
2 0.704146 1089 372 1155 425
2 0.704106 1130 326 1175 371
2 0.701846 1094 205 1140 250
2 0.700564 678 513 704 558
2 0.69868 787 447 816 486
2 0.698357 775 523 810 565
3 0.697928 255 633 427 756
3 0.697253 471 323 552 414
2 0.697132 1032 346 1081 401
2 0.696599 993 215 1046 273
2 0.689973 925 235 1003 309
2 0.684985 1036 206 1105 256
2 0.681507 982 175 1032 226
2 0.679868 855 321 895 374
2 0.676226 687 543 720 586
2 0.675817 1074 331 1141 382
2 0.674193 1140 247 1183 288
2 0.672164 892 440 930 488
2 0.670871 1129 211 1174 251
2 0.670682 672 478 698 525
2 0.666453 161 563 237 682
2 0.664771 841 246 874 294
2 0.660163 645 521 678 565
2 0.659919 1054 248 1118 292
2 0.656542 643 486 672 532
2 0.656019 1109 245 1151 287
2 0.649512 1118 284 1160 327
2 0.646967 653 552 690 600
3 0.645835 1119 460 1189 520
2 0.6443 1063 284 1129 340
2 0.643399 1149 365 1187 413
2 0.640929 1121 174 1164 215
2 0.634989 1189 403 1218 449
3 0.634781 0 400 32 506
3 0.632974 59 198 93 280
2 0.623068 697 469 727 514
2 0.621063 652 555 681 599
2 0.619667 0 611 71 737
2 0.619458 1056 429 1110 482
2 0.619153 1103 418 1164 468
2 0.612412 747 565 782 613
2 0.611721 778 412 809 455
2 0.598328 868 490 905 536
2 0.592113 797 481 830 525
3 0.566121 8 718 90 822
2 0.565381 772 388 806 431
3 0.556212 524 579 595 663
2 0.555652 933 468 979 519
2 0.527452 884 401 919 454
2 0.524345 1151 284 1203 324
2 0.521688 806 513 839 559
2 0.517866 1168 216 1200 253
2 0.505872 620 462 651 504
