3 0.885881 139 275 299 379
3 0.878191 135 198 290 284
3 0.877843 0 135 51 217
3 0.874379 286 57 443 123
3 0.874017 161 446 333 580
3 0.873343 150 364 312 478
3 0.86935 52 122 131 206
3 0.867013 134 123 284 199
3 0.866759 138 57 284 121
3 0.866304 60 382 150 496
3 0.863282 287 122 463 196
3 0.863223 50 207 131 294
3 0.85794 313 352 423 446
3 0.856064 349 523 454 631
3 0.852918 73 488 169 597
3 0.849009 328 436 442 540
3 0.848799 0 216 48 309
3 0.84719 451 508 533 606
3 0.845703 50 288 138 389
3 0.826996 404 268 483 350
3 0.826213 433 424 519 520
3 0.825541 418 346 501 434
2 0.822655 279 0 429 58
2 0.817282 888 336 970 402
2 0.785399 901 383 982 441
3 0.785117 466 594 539 685
3 0.783032 210 666 291 767
2 0.778624 867 250 951 322
2 0.768156 820 281 876 344
2 0.767288 911 423 994 485
3 0.764819 369 616 458 684
3 0.755799 293 643 370 710
3 0.750275 301 272 406 358
3 0.74371 0 55 57 132
2 0.740955 879 295 961 363
2 0.737165 960 323 1010 376
3 0.737103 292 196 472 273
2 0.709471 952 284 1002 339
2 0.702132 1024 393 1083 441
3 0.693671 60 53 137 122
2 0.690101 855 402 910 459
2 0.678186 935 235 991 295
2 0.671078 828 322 886 376
2 0.659206 89 580 192 712
2 0.641206 1038 436 1095 490
3 0.622203 177 538 355 665
2 0.611696 991 266 1040 317
2 0.604918 840 359 896 421
2 0.604148 986 225 1038 271
3 0.583343 14 614 95 728
2 0.582364 65 0 140 27
3 0.580654 293 196 394 272
2 0.545424 1037 306 1076 346
3 0.539999 0 629 28 749
2 0.530854 865 445 919 494
2 0.521536 65 20 141 56
2 0.520889 1069 304 1104 343
2 0.516151 1062 485 1105 541
2 0.515277 1037 265 1071 309
