2 0.87206 877 330 959 372
2 0.864163 883 287 964 331
2 0.860223 867 371 954 416
2 0.858416 854 496 934 543
2 0.854452 828 328 883 370
2 0.848149 579 465 610 503
2 0.847515 935 459 981 507
2 0.84737 859 455 939 501
2 0.845622 941 415 988 464
2 0.845211 44 400 126 512
2 0.845147 954 328 1003 376
2 0.844968 836 286 889 329
2 0.841825 948 371 995 420
3 0.838472 65 179 168 296
2 0.83362 863 414 946 457
2 0.831518 125 417 205 517
2 0.831012 553 462 584 499
2 0.827582 959 285 1009 332
3 0.827496 438 196 513 306
3 0.824195 138 311 229 423
2 0.822082 821 368 875 411
3 0.819833 403 371 476 466
2 0.815197 620 364 658 409
3 0.813512 321 258 429 373
3 0.808739 337 164 447 292
3 0.808332 52 284 144 405
2 0.807791 1005 285 1063 341
2 0.807311 604 469 646 506
2 0.803687 800 327 836 367
2 0.803652 845 591 923 646
2 0.803342 976 506 1031 558
2 0.799047 611 436 650 475
2 0.795286 601 503 641 540
2 0.793896 803 286 842 328
3 0.793574 420 285 492 383
3 0.792214 356 79 476 204
2 0.791382 649 406 687 448
2 0.790014 573 499 604 536
2 0.788979 645 441 684 479
2 0.787663 930 502 977 549
2 0.786046 767 527 799 570
2 0.785764 979 465 1036 513
2 0.781715 615 401 654 442
2 0.77945 812 449 863 494
3 0.778493 306 350 408 455
2 0.778465 997 331 1059 385
2 0.778389 848 540 929 588
3 0.776913 184 113 275 224
3 0.771921 457 119 525 221
2 0.769245 815 406 867 452
3 0.766755 155 211 245 323
2 0.765455 584 430 616 467
2 0.765366 984 418 1046 474
2 0.765236 596 362 628 400
2 0.761017 549 495 578 533
2 0.759201 807 491 859 534
2 0.758526 642 475 679 514
3 0.756381 265 138 350 239
2 0.754954 638 509 674 549
2 0.754331 990 374 1051 428
2 0.754024 737 525 769 567
2 0.753226 789 367 829 407
2 0.75267 654 371 692 416
2 0.74956 31 523 173 648
2 0.747418 138 0 241 89
2 0.745315 1051 477 1083 530
3 0.73669 389 463 458 549
2 0.72829 560 429 587 464
3 0.721141 975 551 1030 606
2 0.720206 676 478 702 520
2 0.716689 760 328 804 366
2 0.715813 1080 486 1119 543
2 0.71561 0 391 33 497
2 0.714122 1052 429 1086 486
2 0.713742 811 776 1079 996
2 0.713109 572 534 600 582
2 0.712358 927 546 974 594
3 0.710244 101 73 196 201
2 0.709606 785 404 821 450
3 0.707326 34 71 123 177
2 0.704125 788 447 816 492
2 0.702133 1082 446 1124 500
2 0.692816 921 593 969 654
2 0.689035 566 393 594 430
2 0.675558 674 513 698 550
2 0.672508 680 445 706 483
2 0.668982 529 460 559 495
2 0.66692 1201 595 1223 616
2 0.663717 588 394 621 432
2 0.660086 759 366 796 407
2 0.658973 1055 388 1090 449
2 0.656091 202 26 302 122
2 0.653538 1129 426 1159 480
3 0.653081 51 2 156 78
2 0.651192 570 361 600 397
3 0.650115 290 42 377 157
3 0.649773 477 36 549 141
2 0.648402 543 533 574 579
3 0.638553 478 0 571 59
2 0.627587 1087 403 1129 464
2 0.626959 712 525 737 565
2 0.621392 1073 527 1114 576
2 0.621202 726 483 742 525
2 0.618145 742 485 765 527
2 0.617794 597 536 636 581
2 0.617504 527 493 554 532
2 0.615035 1068 566 1108 610
2 0.614958 1158 405 1182 454
2 0.613816 695 527 714 572
2 0.608094 1156 438 1181 487
2 0.605699 1180 457 1202 497
2 0.584227 766 287 806 328
2 0.578024 767 568 797 621
2 0.577993 1057 339 1076 401
3 0.576706 1183 591 1201 614
2 0.575707 700 481 722 526
2 0.574223 788 489 811 529
2 0.572348 0 37 38 151
2 0.56648 1110 330 1142 386
2 0.561635 215 433 288 492
2 0.560334 533 427 565 462
2 0.558185 1058 340 1088 401
2 0.556076 51 4 160 84
2 0.55465 1200 538 1218 564
3 0.537466 1184 571 1201 595
2 0.534721 1200 612 1224 631
2 0.53208 1152 477 1174 522
3 0.525559 1117 538 1143 582
2 0.522527 690 386 717 431
2 0.522178 1069 304 1100 369
2 0.521051 736 444 755 488
2 0.519395 0 498 27 636
2 0.517848 757 405 785 448
3 0.517449 972 604 1023 666
3 0.516984 1032 558 1068 608
3 0.516698 1127 467 1152 512
2 0.510059 1180 431 1203 474
2 0.509503 1107 371 1137 430
2 0.505816 292 447 384 525
