2 0.869733 871 372 953 417
2 0.869207 876 330 960 374
2 0.868166 883 287 966 332
3 0.856585 315 250 430 372
2 0.854599 858 455 939 503
2 0.853774 865 414 946 458
2 0.850626 822 369 877 413
2 0.844461 816 409 871 455
3 0.843459 334 163 449 286
2 0.843106 828 327 882 372
2 0.840917 853 497 936 543
2 0.837176 809 451 864 496
2 0.836918 835 288 890 331
2 0.835525 848 539 932 587
2 0.833998 803 492 859 536
2 0.828906 113 536 175 649
3 0.826255 305 345 409 453
2 0.824659 948 373 993 419
3 0.824547 77 178 172 298
2 0.824288 936 462 980 509
2 0.820276 942 416 987 464
2 0.816606 44 396 122 512
3 0.81607 154 208 246 326
3 0.814833 55 285 146 404
2 0.812943 797 532 851 574
2 0.811315 955 330 1001 377
3 0.810507 438 199 509 300
2 0.808459 961 287 1010 333
3 0.801057 360 76 475 204
3 0.800608 404 373 472 466
2 0.799663 555 464 584 502
2 0.792813 975 509 1028 560
3 0.792226 104 66 197 203
3 0.790863 458 120 524 220
2 0.7903 977 465 1031 517
2 0.789897 579 467 609 503
2 0.788497 845 587 929 644
3 0.785001 187 108 268 227
2 0.780507 982 418 1033 470
2 0.769262 120 416 203 527
3 0.768371 136 308 225 424
2 0.76229 934 503 976 550
2 0.759809 766 530 802 573
2 0.754538 31 524 108 646
3 0.750676 421 284 488 382
3 0.746673 260 135 350 239
3 0.74296 221 322 308 432
2 0.728785 752 447 816 492
2 0.725885 1055 478 1082 528
2 0.725053 988 377 1037 422
2 0.723593 755 405 822 450
2 0.721044 610 436 651 473
2 0.71903 605 470 647 507
2 0.713868 546 497 577 536
2 0.712646 769 325 836 371
2 0.712387 1131 507 1152 550
3 0.711827 477 43 547 141
2 0.705731 757 490 809 532
2 0.704106 573 500 604 538
2 0.700273 1058 431 1083 485
2 0.699776 1081 441 1107 497
2 0.693678 297 447 393 543
2 0.689957 532 462 560 499
2 0.686981 1108 455 1132 506
2 0.682817 973 554 1021 606
2 0.681468 1081 485 1108 537
2 0.681315 569 535 600 587
2 0.674915 1153 476 1176 518
2 0.672585 617 401 654 441
2 0.672054 560 428 588 467
2 0.646937 1006 290 1058 340
2 0.645228 764 366 827 409
2 0.64469 534 426 566 465
2 0.63543 0 385 30 492
2 0.634118 793 572 846 616
2 0.632205 583 432 613 469
2 0.62707 1132 464 1155 512
3 0.626931 277 41 377 158
2 0.623193 1150 511 1173 557
2 0.618525 1157 441 1180 486
2 0.613956 1075 310 1099 363
2 0.613265 394 462 469 548
2 0.612848 999 332 1051 383
2 0.609838 934 545 973 587
2 0.600531 1071 349 1095 407
2 0.600104 1081 528 1103 574
2 0.589053 1180 456 1202 495
2 0.582882 544 533 574 582
3 0.5826 485 0 574 68
2 0.578836 1086 397 1106 456
2 0.577421 1176 487 1197 529
2 0.57708 773 288 843 329
2 0.574985 135 6 239 91
2 0.574487 602 504 633 539
2 0.573874 1083 568 1102 609
3 0.569948 233 221 328 336
2 0.560977 1054 342 1072 394
2 0.552982 1062 388 1084 443
2 0.552747 536 395 571 430
2 0.550081 1035 604 1062 652
2 0.547644 567 395 593 430
2 0.547158 1159 404 1182 453
2 0.545168 1142 548 1168 588
2 0.544723 1067 525 1089 574
2 0.544509 1096 327 1120 381
2 0.544285 1105 494 1130 541
2 0.541776 973 599 1016 653
2 0.53305 54 1 154 75
2 0.528216 766 570 796 604
2 0.528097 598 537 622 592
3 0.525603 0 220 30 284
2 0.516606 1060 610 1087 653
2 0.516586 591 396 619 434
3 0.512851 1177 588 1198 622
2 0.512258 1058 305 1075 352
2 0.510226 734 528 766 576
2 0.504588 648 476 679 515
3 0.500459 54 2 151 76
