3 0.898664 198 344 366 462
3 0.881541 181 100 330 183
3 0.879154 21 288 101 390
3 0.875506 28 384 109 495
3 0.872449 123 466 217 575
3 0.87137 212 429 387 559
3 0.867447 183 181 341 269
3 0.867046 108 362 199 475
3 0.866603 125 780 309 948
3 0.866268 189 258 354 361
3 0.863955 20 200 96 289
3 0.861488 97 108 177 190
3 0.843275 29 38 100 118
3 0.836594 39 483 126 599
3 0.830453 23 115 96 200
3 0.818705 97 188 181 278
3 0.815937 58 587 152 707
2 0.814011 945 315 1025 382
3 0.812032 504 492 577 583
3 0.809632 100 272 186 369
3 0.80957 0 499 44 627
2 0.807493 1164 323 1208 367
2 0.799099 886 303 943 363
2 0.78791 1155 285 1201 328
3 0.784773 431 248 536 329
2 0.781448 905 381 962 442
2 0.780454 876 264 929 322
2 0.780071 865 225 917 285
2 0.779691 699 393 744 436
2 0.77723 755 456 792 496
2 0.776149 739 388 777 430
2 0.774369 1114 286 1163 329
2 0.774004 709 427 755 471
2 0.773176 1026 166 1083 212
2 0.772192 953 361 1041 426
2 0.771927 965 401 1050 465
3 0.768443 486 407 568 497
2 0.76539 773 386 805 428
3 0.763129 0 39 29 127
2 0.762196 1129 326 1173 372
2 0.760736 893 344 949 402
2 0.759272 747 423 787 467
2 0.756441 1140 247 1187 289
3 0.755012 86 688 177 806
2 0.754981 720 463 762 503
2 0.750073 1052 247 1111 295
2 0.747107 1178 361 1218 409
2 0.745403 1104 246 1154 290
2 0.744568 723 570 754 622
2 0.742588 911 196 992 266
2 0.741603 764 488 803 531
2 0.741126 935 276 1018 340
3 0.740658 528 579 605 666
2 0.739511 1038 207 1100 254
3 0.733461 174 668 262 777
3 0.73231 100 35 178 107
2 0.731027 863 356 902 415
3 0.729639 0 397 29 511
2 0.729558 994 215 1045 271
3 0.725475 457 325 549 408
2 0.725116 712 536 746 577
2 0.723606 694 577 729 630
3 0.722568 414 172 524 251
2 0.721371 725 495 771 539
2 0.721196 1077 167 1127 211
2 0.721163 983 173 1031 228
2 0.719661 1043 382 1091 439
3 0.717361 0 124 21 203
2 0.7167 1090 372 1148 425
2 0.710161 1092 206 1138 251
2 0.709654 1018 301 1067 363
2 0.708781 844 277 885 335
2 0.705658 1141 364 1185 413
2 0.704134 1129 211 1174 254
2 0.69936 1005 260 1060 316
2 0.689551 677 513 702 557
2 0.688837 1076 331 1134 381
2 0.688508 663 552 690 597
2 0.685791 1102 416 1161 475
2 0.683723 1061 288 1124 339
2 0.683048 1193 286 1235 324
3 0.669858 256 645 341 747
2 0.664756 924 236 1003 306
2 0.663663 852 321 893 377
2 0.65556 923 427 972 483
2 0.651335 688 543 720 586
2 0.648392 651 556 674 597
3 0.647993 0 206 18 291
3 0.637311 232 525 413 662
2 0.616335 1122 180 1165 219
2 0.614891 690 503 714 549
3 0.609589 0 295 19 395
2 0.599787 843 242 873 295
2 0.593393 641 486 674 530
2 0.5909 1055 429 1106 480
2 0.576275 672 478 695 524
2 0.576101 1231 288 1262 324
2 0.575229 740 530 777 572
2 0.573594 1242 321 1275 357
2 0.567749 1202 321 1240 362
2 0.564616 1176 249 1212 289
2 0.552501 1167 217 1198 253
2 0.550664 693 470 726 512
2 0.549911 785 448 815 488
2 0.546716 780 418 809 456
2 0.546221 677 399 703 446
2 0.531821 1032 346 1081 398
2 0.520632 0 610 74 748
2 0.517732 1196 254 1230 290
2 0.512655 641 521 675 564
2 0.510269 902 478 940 529
2 0.506178 1193 221 1222 258
2 0.505599 1187 405 1225 447
2 0.500015 1225 258 1257 292
