2 0.87964 887 292 968 332
2 0.867567 882 331 963 374
2 0.866637 839 291 892 331
2 0.866516 876 373 958 417
2 0.863126 868 416 950 460
2 0.862737 857 500 941 547
2 0.862495 952 374 999 421
2 0.853882 957 332 1007 377
3 0.846397 319 250 430 373
2 0.844497 962 289 1011 335
2 0.837337 1008 290 1062 339
3 0.834929 55 285 149 402
2 0.834788 814 454 868 498
2 0.83473 808 495 862 538
2 0.832113 863 457 945 503
2 0.831226 826 369 881 416
2 0.831149 832 329 887 372
2 0.830647 46 397 121 513
3 0.828242 76 180 173 297
3 0.827256 309 347 407 456
3 0.821881 338 163 446 283
2 0.820813 855 544 939 594
2 0.820292 32 522 112 648
2 0.819103 946 417 990 464
3 0.817404 364 80 471 202
3 0.817379 442 200 512 300
2 0.81528 822 412 875 458
2 0.811649 940 504 979 551
3 0.807729 424 285 491 382
3 0.804824 463 122 529 218
3 0.804435 406 370 475 467
2 0.800883 647 481 676 516
2 0.794009 114 536 176 651
2 0.78727 613 439 654 476
2 0.78089 1002 333 1056 382
2 0.775722 579 465 612 504
3 0.773761 101 73 201 200
2 0.772062 803 537 856 578
2 0.770686 747 450 819 495
2 0.767 645 513 673 550
2 0.764046 754 408 827 454
2 0.763798 618 403 661 448
3 0.758616 395 464 458 550
2 0.748146 607 470 648 511
2 0.74116 942 463 984 509
2 0.739239 624 369 665 411
3 0.739194 190 108 275 223
2 0.72935 531 428 569 467
2 0.726825 858 595 934 650
2 0.725631 743 493 813 534
2 0.725597 1133 507 1154 552
2 0.725134 984 419 1036 469
2 0.719597 765 327 839 370
2 0.716686 995 376 1051 426
3 0.715789 158 207 250 326
2 0.713141 1151 511 1175 553
2 0.711777 980 466 1030 514
2 0.696594 1055 480 1081 528
3 0.695771 1150 581 1174 618
3 0.694199 294 39 381 159
2 0.693096 1152 549 1174 585
2 0.690466 0 389 35 498
2 0.688637 558 464 586 504
2 0.68757 770 289 844 330
2 0.686256 1059 303 1089 358
2 0.679607 567 395 598 432
2 0.671259 1079 484 1108 537
2 0.67001 1077 309 1105 368
2 0.665273 1060 433 1086 487
3 0.664537 233 215 333 340
3 0.660306 1175 586 1198 621
2 0.659847 652 448 683 485
3 0.659564 479 39 547 142
2 0.658174 604 505 645 545
2 0.657152 531 464 567 500
3 0.655577 267 136 351 240
2 0.654194 536 395 574 430
2 0.654129 979 512 1028 560
2 0.652216 1075 528 1101 578
2 0.652029 1108 455 1133 509
2 0.650901 762 366 832 413
2 0.645192 741 533 807 572
3 0.642353 66 76 118 175
2 0.631388 663 379 695 422
2 0.629251 1100 366 1131 428
2 0.628268 1131 542 1153 581
3 0.618174 497 0 575 69
2 0.617748 1103 333 1128 383
3 0.617284 301 1 407 67
2 0.615352 1174 555 1199 588
2 0.614609 1082 439 1107 498
2 0.610781 1104 408 1133 469
2 0.607134 584 432 616 470
2 0.605122 123 418 206 523
2 0.600667 1054 339 1074 404
2 0.59546 573 501 603 546
2 0.592035 54 2 155 80
2 0.587905 1068 354 1101 417
2 0.583282 301 448 390 529
2 0.582314 1130 344 1150 394
2 0.581681 1131 387 1153 439
2 0.581125 1034 609 1065 668
2 0.580899 1051 522 1078 572
2 0.57713 1130 460 1153 512
2 0.574822 552 500 578 541
2 0.573973 550 538 574 577
2 0.571219 564 429 607 468
3 0.570839 1121 577 1147 615
2 0.570554 941 548 975 594
2 0.561762 1185 456 1206 499
2 0.561045 1055 387 1072 445
2 0.559775 1065 308 1105 369
2 0.559587 1163 445 1186 494
2 0.559307 980 556 1022 602
2 0.556727 1182 488 1203 528
2 0.552516 574 363 601 398
2 0.552016 531 497 562 544
2 0.544814 740 531 787 568
2 0.54352 664 416 696 455
2 0.543104 562 428 594 468
2 0.538292 554 363 582 397
2 0.527857 670 515 694 554
2 0.518074 572 541 600 581
2 0.515437 1067 394 1094 453
2 0.504923 1131 423 1156 476
2 0.503595 1052 566 1076 609
