3 0.886967 53 124 130 206
3 0.883468 133 123 288 200
3 0.882821 140 278 300 377
3 0.876191 134 198 293 286
3 0.875974 160 451 335 583
3 0.875779 151 365 313 476
3 0.875031 0 135 49 219
3 0.859158 303 270 408 360
3 0.858177 317 350 421 449
3 0.85006 51 206 133 295
3 0.849758 0 217 48 313
3 0.849756 333 436 438 540
3 0.849082 391 191 468 268
3 0.848062 355 528 457 628
3 0.847627 74 489 169 599
3 0.846781 138 56 283 123
3 0.845685 295 194 395 274
3 0.844395 402 266 480 349
2 0.840651 369 0 426 60
3 0.838198 61 384 150 501
3 0.836294 51 288 138 393
3 0.824747 453 513 529 607
3 0.82372 208 666 286 768
2 0.81954 274 0 369 58
3 0.817748 432 426 506 517
3 0.816877 416 346 490 433
3 0.804373 0 54 54 132
2 0.803643 889 330 972 401
2 0.799483 156 787 259 931
3 0.79707 1043 431 1107 490
2 0.794078 131 688 222 801
3 0.793935 381 121 447 195
2 0.790421 238 768 329 916
2 0.789473 866 444 917 501
2 0.78798 59 0 138 53
2 0.787912 654 446 695 490
2 0.778322 959 318 1010 378
2 0.777774 707 507 744 550
2 0.772841 820 281 876 346
3 0.770266 56 53 135 126
2 0.769269 73 819 178 967
3 0.769222 378 57 437 121
2 0.766408 697 474 737 518
2 0.766041 636 486 669 533
3 0.76511 1061 480 1118 549
2 0.763848 1034 224 1084 267
2 0.762367 900 378 984 439
2 0.762167 840 357 896 421
2 0.761754 836 462 873 514
2 0.761627 976 365 1021 418
2 0.761364 983 224 1039 270
2 0.760105 625 529 653 575
3 0.760103 291 647 375 716
2 0.759595 1049 263 1098 310
3 0.758818 469 602 542 683
2 0.756722 1065 303 1108 349
2 0.755092 138 0 263 55
2 0.754916 662 480 703 524
2 0.753135 689 440 728 482
2 0.751449 800 332 842 394
2 0.751131 1028 390 1095 444
2 0.75079 647 596 677 648
2 0.748188 911 423 994 485
3 0.744993 46 714 129 827
2 0.741442 1119 379 1157 424
2 0.738625 1078 344 1119 392
3 0.736858 378 621 454 679
2 0.73561 878 297 961 359
2 0.733988 0 848 108 995
2 0.728068 867 254 949 320
2 0.726314 855 402 907 460
2 0.724805 631 458 662 498
3 0.724703 15 607 108 727
2 0.724654 1086 265 1126 307
2 0.719999 1181 337 1211 374
3 0.71709 290 121 378 196
2 0.716223 831 324 889 381
2 0.710008 1110 342 1154 384
2 0.706892 1150 241 1185 277
2 0.706773 671 513 713 560
2 0.705335 935 234 987 294
2 0.705014 987 406 1031 460
2 0.703474 1133 417 1172 466
2 0.703042 994 262 1060 313
2 0.698927 1097 302 1147 346
2 0.698534 1121 268 1168 308
2 0.698502 950 276 1002 333
3 0.698428 0 506 76 621
2 0.696028 616 494 642 538
2 0.695793 1073 229 1114 269
2 0.694253 1089 382 1130 430
2 0.688605 716 542 755 586
2 0.684398 599 576 624 623
2 0.681248 648 524 677 569
2 0.681149 1020 350 1084 401
3 0.673925 98 585 191 707
2 0.670684 1175 305 1208 343
2 0.667349 1009 306 1074 362
2 0.662821 740 503 772 542
2 0.661607 589 507 619 554
2 0.65659 1151 304 1182 345
2 0.644152 807 375 849 432
2 0.633533 1157 272 1195 308
3 0.633027 282 56 374 122
2 0.62794 1152 341 1184 380
2 0.627337 607 467 634 512
2 0.626594 595 540 628 584
2 0.623017 0 0 58 52
3 0.617716 179 541 359 667
2 0.612344 749 534 778 580
2 0.61077 695 584 730 633
3 0.601146 0 739 55 873
3 0.599148 0 632 29 750
2 0.598953 829 414 866 471
2 0.591011 1105 423 1142 471
2 0.587051 673 590 704 642
2 0.586299 846 501 882 550
2 0.586115 791 300 829 356
2 0.585191 616 568 641 614
2 0.570289 661 552 691 598
3 0.568345 922 469 1004 530
2 0.566338 1182 246 1213 279
2 0.561484 1194 277 1223 310
2 0.55653 1188 370 1217 407
2 0.555322 1154 412 1189 465
2 0.543169 731 467 765 510
3 0.535657 0 308 50 404
2 0.530058 1136 413 1183 465
2 0.52711 423 4 488 60
3 0.524417 1002 450 1048 500
2 0.519582 721 437 753 477
2 0.513628 1154 376 1187 419
2 0.512009 1115 234 1156 273
2 0.50903 578 515 600 558
2 0.50778 1024 494 1064 560
2 0.505102 625 609 650 649
