3 0.890178 140 278 299 379
3 0.885786 134 197 293 287
3 0.884123 51 123 131 208
3 0.876206 132 121 288 201
3 0.873009 151 361 314 479
3 0.866572 0 134 49 220
3 0.866425 301 268 407 360
3 0.864516 50 289 139 393
3 0.8623 60 384 151 497
3 0.859153 48 205 133 299
3 0.858751 332 435 438 541
3 0.857539 314 350 421 450
3 0.856671 353 525 457 631
3 0.856017 162 450 334 583
3 0.848773 293 192 394 274
3 0.847706 73 485 165 601
3 0.846912 0 216 48 308
3 0.836864 391 192 471 269
3 0.82822 405 266 482 348
3 0.817268 456 515 528 606
3 0.813102 416 344 492 435
2 0.81104 887 329 972 401
3 0.809571 432 426 506 520
3 0.804512 181 543 359 670
3 0.800001 288 120 381 196
3 0.796924 139 55 282 110
3 0.795104 53 53 134 126
2 0.792518 637 485 670 532
2 0.791652 1053 265 1098 308
2 0.790158 69 820 182 970
2 0.783418 275 0 371 58
2 0.781821 664 481 704 524
2 0.780318 959 319 1012 378
2 0.774691 985 225 1042 272
2 0.773434 997 266 1054 315
3 0.770777 2 504 75 616
3 0.770645 207 661 290 769
2 0.770185 820 281 873 344
2 0.769483 900 377 982 440
2 0.768187 803 336 840 392
2 0.766945 699 473 740 517
2 0.757899 59 12 139 58
2 0.757846 654 446 696 491
2 0.757196 623 529 654 573
2 0.756419 371 0 425 57
3 0.755666 471 602 536 682
2 0.752832 707 507 745 549
2 0.750993 1007 308 1063 361
2 0.750463 671 512 712 559
2 0.750328 975 368 1020 421
2 0.743487 646 523 677 568
2 0.742353 1066 303 1109 349
2 0.742297 58 0 139 35
2 0.739651 867 253 947 319
2 0.738076 1037 226 1085 268
2 0.736621 853 401 905 460
2 0.735121 910 423 993 485
2 0.73453 936 235 988 293
2 0.733487 949 277 1005 331
2 0.727822 1027 392 1095 443
2 0.727794 876 294 959 356
2 0.727729 837 359 895 421
3 0.727519 284 56 377 123
2 0.727494 131 689 215 806
3 0.726505 381 120 463 196
2 0.721279 1120 380 1164 428
2 0.72121 138 0 264 56
3 0.716033 373 620 451 682
2 0.708213 987 409 1030 460
2 0.707792 1086 267 1129 306
2 0.707131 830 324 887 383
2 0.705475 1198 370 1225 408
2 0.705203 1079 344 1119 390
3 0.705087 0 53 52 134
2 0.705077 157 789 267 937
2 0.70493 690 441 729 482
2 0.699809 1200 306 1228 342
2 0.699405 613 494 643 540
2 0.692185 1086 382 1130 430
2 0.686626 1164 275 1199 309
2 0.68623 605 465 634 508
3 0.676438 137 73 284 124
2 0.672996 1133 424 1176 467
2 0.672368 1172 306 1206 343
3 0.671154 0 305 51 395
2 0.667655 1098 303 1147 345
3 0.660986 378 58 434 123
2 0.659582 1102 425 1140 471
2 0.65692 1017 350 1085 402
2 0.655863 1174 340 1209 376
2 0.648581 1195 278 1223 309
2 0.647284 1222 367 1245 404
3 0.634844 0 739 52 868
2 0.63301 865 445 911 496
2 0.630864 1025 493 1064 554
2 0.621776 1154 244 1186 276
3 0.62087 288 646 375 715
2 0.616533 809 378 847 432
2 0.616152 1109 343 1154 385
2 0.614634 1211 338 1241 372
2 0.605263 626 563 661 610
2 0.598606 596 539 627 583
3 0.597777 47 715 125 823
2 0.594689 654 555 683 602
3 0.583775 1043 430 1107 490
2 0.573346 691 583 726 630
2 0.569106 631 457 662 499
2 0.567074 716 541 753 585
3 0.564755 0 633 28 750
2 0.55959 238 766 321 919
3 0.558705 1062 481 1118 547
2 0.552032 831 417 860 468
2 0.548945 1149 305 1179 343
2 0.548105 1149 341 1179 381
3 0.545158 923 469 1002 528
2 0.544601 790 301 827 358
2 0.543926 662 591 694 642
3 0.535306 16 611 99 726
2 0.532813 1154 377 1183 424
2 0.532097 427 4 473 55
2 0.520784 1016 305 1074 358
3 0.519153 0 396 55 508
2 0.513012 645 596 672 644
2 0.502378 98 582 187 708
2 0.501158 589 506 618 553
