3 0.883153 132 121 284 199
3 0.878381 160 450 336 582
3 0.878361 140 277 299 375
3 0.876875 330 435 436 538
3 0.876855 133 196 291 286
3 0.876228 148 364 312 483
3 0.871081 48 125 130 208
2 0.867935 136 0 275 57
3 0.859108 50 207 130 293
3 0.85562 314 351 414 446
3 0.853126 304 269 401 358
3 0.840144 349 526 451 631
3 0.839443 137 56 280 116
3 0.836761 446 511 525 605
3 0.833108 427 424 506 515
3 0.830654 295 194 391 272
3 0.828248 92 485 166 591
3 0.821488 402 264 476 347
3 0.820597 390 191 463 268
3 0.819396 125 688 206 805
2 0.816608 277 0 365 59
3 0.816555 0 503 80 618
3 0.811368 14 608 108 735
3 0.809796 411 343 489 432
3 0.804103 60 290 136 383
2 0.802135 1036 225 1079 266
2 0.79666 887 333 973 401
3 0.796463 1058 480 1119 551
2 0.795919 230 763 324 912
2 0.794041 367 0 425 60
2 0.792973 1041 262 1096 308
2 0.791625 821 281 875 344
2 0.784754 654 445 693 489
2 0.782273 901 378 983 440
2 0.780598 986 224 1040 269
3 0.775408 205 668 283 768
2 0.770854 1069 228 1114 267
2 0.769994 663 480 701 523
2 0.766937 939 234 987 291
2 0.76396 908 423 992 485
2 0.763721 960 315 1008 381
2 0.760209 1028 386 1095 444
3 0.757945 101 579 187 699
2 0.756476 671 513 708 558
2 0.754229 696 474 732 514
2 0.75376 852 401 907 457
2 0.753443 1107 339 1152 383
3 0.752492 72 381 148 490
2 0.747655 58 0 136 30
2 0.747295 1083 264 1128 306
2 0.746541 992 262 1053 315
2 0.744838 637 485 669 529
2 0.742926 1078 342 1117 389
3 0.738776 1040 435 1107 491
2 0.736434 864 442 915 498
3 0.728941 288 647 368 715
3 0.720201 180 544 356 678
2 0.711693 948 280 999 336
3 0.708734 287 119 376 195
2 0.707956 1064 302 1107 348
2 0.700802 876 296 960 360
3 0.700476 469 600 531 668
2 0.69812 1096 302 1146 344
2 0.697677 1117 265 1168 306
3 0.697388 378 120 444 194
2 0.69454 1117 378 1159 424
2 0.693686 973 364 1019 419
2 0.692686 1178 337 1214 373
2 0.691175 623 529 653 573
2 0.691095 1003 305 1074 360
2 0.690028 1020 348 1084 400
3 0.680012 379 619 453 676
2 0.675922 653 553 683 600
2 0.672886 868 251 945 319
2 0.669414 1101 423 1139 471
2 0.668032 1160 273 1199 308
2 0.665147 703 505 742 551
2 0.664824 152 800 225 933
2 0.659044 839 359 898 419
3 0.658442 41 714 130 823
2 0.658149 58 25 135 55
3 0.653896 281 53 429 122
2 0.645421 647 523 679 565
2 0.642561 1170 304 1208 341
3 0.640578 0 397 62 517
2 0.630912 876 481 922 537
2 0.623828 72 817 171 966
2 0.617741 680 548 713 594
3 0.611947 136 79 278 122
2 0.605028 1153 238 1188 274
2 0.601089 830 324 887 375
2 0.587679 615 494 643 538
3 0.583037 0 624 29 752
3 0.574928 0 737 60 878
2 0.571859 687 439 727 481
2 0.57174 1194 276 1224 310
2 0.55102 1141 302 1177 342
2 0.550668 597 539 626 582
2 0.548164 986 406 1031 462
2 0.542968 1133 423 1166 467
2 0.541393 1148 339 1183 378
2 0.533534 727 469 759 509
2 0.527219 849 502 879 546
3 0.520246 49 53 132 108
2 0.516765 1085 380 1130 429
