3 0.889675 199 339 364 462
3 0.884954 182 179 342 271
3 0.875217 180 102 337 181
3 0.875214 230 522 412 661
3 0.873253 189 257 351 362
3 0.863851 95 106 177 190
3 0.862433 211 428 389 561
3 0.860491 110 465 218 581
3 0.851379 107 363 201 479
3 0.85104 95 188 180 279
3 0.842838 386 413 495 516
3 0.83749 402 504 507 610
3 0.831178 345 172 512 256
3 0.825961 23 39 100 117
3 0.823798 507 492 581 582
2 0.821788 1154 284 1203 328
2 0.819095 722 571 755 621
2 0.812891 763 486 804 529
3 0.811013 98 273 186 370
3 0.810771 0 500 43 624
2 0.80965 712 427 756 471
3 0.807107 338 99 498 178
2 0.80607 1165 324 1208 367
3 0.798249 490 405 569 497
2 0.797875 1115 285 1164 329
2 0.794872 755 456 792 495
3 0.794617 38 483 110 603
2 0.794326 721 461 763 502
3 0.792273 21 115 95 203
2 0.787085 1130 325 1174 372
2 0.782391 876 265 928 320
3 0.780688 367 327 475 428
2 0.775256 699 394 745 436
2 0.773175 1142 247 1193 290
2 0.773166 722 494 770 538
2 0.767907 867 225 918 285
2 0.765931 738 390 777 429
3 0.765758 182 33 329 101
3 0.763064 514 579 598 674
2 0.761638 747 423 788 464
2 0.760624 1026 167 1084 212
2 0.759462 1052 246 1113 294
2 0.755449 712 535 748 578
2 0.755005 1177 361 1216 407
2 0.753294 1104 245 1154 289
3 0.750111 59 592 147 703
2 0.750025 1130 211 1179 254
3 0.745804 25 286 100 383
3 0.739171 19 199 96 287
3 0.736955 424 601 511 660
2 0.736846 1039 206 1102 254
2 0.735925 682 432 719 479
2 0.733595 1076 166 1127 212
2 0.733169 1063 286 1126 335
2 0.732176 1019 301 1066 359
2 0.731349 1075 330 1136 382
2 0.730796 993 216 1049 270
2 0.722398 1142 364 1185 412
2 0.722134 695 577 729 629
2 0.721971 1197 285 1237 325
2 0.720831 947 315 1027 382
2 0.719293 1089 373 1147 423
2 0.719026 911 202 990 265
3 0.718476 0 396 30 513
3 0.715184 471 322 549 413
2 0.715143 1092 205 1141 251
2 0.706107 837 242 873 295
2 0.704532 678 513 699 556
2 0.703384 1005 259 1060 318
2 0.697531 773 523 806 565
2 0.696991 689 470 726 512
2 0.693831 890 307 943 362
2 0.689994 845 277 887 335
2 0.68423 672 477 696 524
3 0.683168 97 34 179 108
2 0.679083 1240 321 1272 357
2 0.661595 861 356 903 413
2 0.657665 687 543 721 585
2 0.656463 982 178 1032 226
2 0.653546 740 529 775 573
2 0.652691 939 276 1020 340
2 0.649666 1029 341 1082 396
2 0.636848 1104 417 1158 464
2 0.636724 687 503 713 549
2 0.632823 897 347 950 399
2 0.632127 675 397 708 446
2 0.625938 854 321 896 373
3 0.625885 335 36 426 103
3 0.624384 0 293 22 395
3 0.620634 257 631 429 753
2 0.617094 1120 181 1167 219
2 0.615834 748 564 782 611
3 0.611611 353 248 456 341
3 0.604757 457 246 533 329
2 0.59656 655 551 690 596
3 0.593929 212 785 306 924
2 0.587772 1191 252 1231 290
2 0.584971 1202 322 1238 362
3 0.57181 87 668 273 812
2 0.55996 651 554 678 595
2 0.558274 787 449 820 486
2 0.548178 771 387 805 427
2 0.548176 1187 220 1221 257
2 0.54784 1235 288 1266 324
2 0.546725 641 485 674 531
2 0.537873 641 520 678 563
2 0.536631 711 495 739 542
3 0.531173 134 562 239 684
2 0.52695 1212 322 1247 360
3 0.519598 424 37 485 95
2 0.51882 0 610 73 751
2 0.50989 796 480 834 523
