2 0.872616 877 329 958 372
2 0.869961 854 495 935 543
3 0.868258 134 308 305 439
2 0.86275 870 371 954 415
2 0.858004 827 327 883 370
2 0.85695 883 286 964 330
2 0.856654 930 500 980 550
2 0.854815 835 286 888 330
2 0.85021 860 454 940 500
2 0.850206 579 463 609 501
2 0.847604 644 440 682 479
2 0.847201 815 406 869 453
2 0.846754 551 461 584 498
2 0.846308 865 413 946 457
2 0.845627 821 367 876 411
2 0.842337 650 405 687 448
3 0.839749 318 255 425 371
2 0.838032 619 364 658 406
2 0.837883 810 448 864 495
2 0.831758 638 474 678 513
3 0.831296 68 183 168 296
2 0.831076 954 326 1001 375
3 0.830707 53 285 141 402
3 0.829401 303 348 409 444
2 0.828663 609 434 650 476
2 0.825074 795 324 836 369
2 0.824442 787 364 828 408
2 0.822733 935 457 988 505
3 0.821584 179 116 348 239
2 0.819444 614 399 653 441
3 0.817803 42 399 124 507
2 0.815664 677 445 708 484
2 0.815267 919 591 965 649
2 0.814268 673 477 704 518
2 0.814229 573 497 602 536
2 0.812545 845 590 921 643
2 0.811731 603 467 644 506
2 0.809303 803 491 859 536
2 0.808762 782 403 820 449
2 0.808141 948 370 996 417
2 0.807116 802 285 841 329
2 0.805283 582 429 615 466
2 0.80216 941 413 995 463
2 0.801684 960 283 1004 331
3 0.80024 99 80 198 195
2 0.799555 547 495 578 533
2 0.795292 766 527 801 569
2 0.792608 1006 285 1057 338
2 0.790344 1054 429 1084 485
2 0.788893 655 370 690 414
2 0.788353 978 506 1030 559
2 0.785385 599 502 637 541
2 0.784216 635 507 673 550
2 0.782579 558 428 588 463
2 0.776493 573 534 599 574
2 0.774085 515 428 565 462
2 0.774034 512 460 558 496
2 0.77036 1130 506 1149 546
2 0.769869 669 512 700 556
2 0.768528 518 395 569 429
2 0.765923 778 444 816 494
2 0.760441 738 523 768 566
2 0.760311 1049 475 1081 527
2 0.756787 1039 559 1067 608
3 0.756294 457 119 520 208
2 0.755153 1078 483 1111 536
3 0.755083 422 283 483 376
2 0.754504 1154 480 1175 518
3 0.75392 374 82 466 188
2 0.751859 1058 386 1089 446
3 0.749772 338 165 448 283
2 0.748083 926 545 974 593
3 0.747285 154 204 326 336
2 0.747027 985 465 1040 515
2 0.745142 998 373 1051 428
2 0.745129 760 364 794 405
2 0.741293 764 327 802 366
2 0.736613 1003 330 1057 385
2 0.733968 1058 610 1095 662
3 0.733012 434 200 501 290
2 0.730571 1080 442 1110 497
2 0.725027 770 567 797 599
2 0.72474 1085 402 1121 461
2 0.721821 597 538 629 583
2 0.720579 717 482 742 527
2 0.718211 1072 525 1101 574
2 0.717644 1131 427 1157 479
2 0.717092 1024 606 1060 664
2 0.715769 1149 512 1173 556
2 0.71412 1157 405 1180 453
2 0.711106 1133 467 1154 510
2 0.70686 563 394 592 431
2 0.70476 1110 453 1134 507
2 0.697326 587 394 620 432
3 0.696238 409 374 463 459
2 0.694602 1156 442 1179 485
2 0.693996 1061 344 1092 404
2 0.693309 772 488 809 529
2 0.692933 509 494 553 531
3 0.684654 499 0 557 55
2 0.684242 992 418 1049 473
2 0.681585 1045 518 1075 568
2 0.668338 758 403 787 446
2 0.659719 768 286 808 328
2 0.657722 1065 565 1097 612
2 0.653747 543 532 575 565
2 0.653476 739 483 768 526
2 0.650157 595 361 625 398
3 0.647908 32 513 108 639
2 0.640074 848 540 928 590
3 0.624286 477 43 539 135
2 0.621676 1176 458 1198 494
2 0.617825 1089 406 1128 466
2 0.616938 1036 514 1051 564
2 0.608972 715 521 740 563
2 0.606605 771 597 796 628
2 0.592849 693 519 716 564
2 0.591933 973 552 1027 606
2 0.580253 1177 425 1201 462
2 0.573382 386 3 483 101
2 0.571771 699 481 720 526
2 0.563689 1098 369 1126 424
2 0.563159 1129 387 1149 437
3 0.558887 45 83 114 163
2 0.557822 1109 295 1127 341
2 0.555776 1069 305 1097 363
2 0.551979 1125 539 1144 579
2 0.551463 1107 408 1132 467
2 0.549187 1090 369 1124 425
2 0.540932 688 385 716 424
2 0.539295 687 418 719 459
2 0.538767 801 530 850 574
2 0.537472 743 442 770 485
2 0.533489 1027 514 1047 564
2 0.533072 990 467 1052 521
2 0.53094 127 2 243 86
2 0.522368 1093 327 1120 382
2 0.522344 703 449 725 486
2 0.517774 1082 271 1108 324
3 0.517254 973 553 1026 607
2 0.513207 0 386 28 490
2 0.507864 1175 489 1196 530
2 0.504056 52 3 150 69
2 0.503779 1125 341 1145 395
2 0.501665 1099 494 1124 540
