2 0.866491 860 453 942 500
2 0.85882 853 495 937 544
2 0.856335 869 369 954 416
2 0.8549 877 329 960 371
2 0.852006 865 414 947 456
2 0.838289 815 408 870 453
2 0.837146 827 326 884 370
2 0.83255 933 500 986 550
2 0.831789 649 409 689 446
3 0.830834 155 204 249 324
3 0.830249 69 182 169 296
2 0.828246 808 448 865 494
2 0.826882 937 456 991 506
2 0.825933 821 367 877 412
2 0.825723 788 365 830 409
2 0.82447 948 370 1003 418
2 0.820941 643 439 682 480
2 0.819212 884 286 964 329
2 0.818547 845 589 923 644
2 0.813538 782 403 823 449
2 0.813118 609 434 649 474
3 0.812924 231 221 328 334
2 0.810173 795 325 836 369
2 0.8094 581 463 608 500
2 0.808424 955 327 1009 374
2 0.807954 1057 429 1086 483
2 0.802861 943 414 1000 462
2 0.801386 51 403 120 517
2 0.79993 601 466 644 507
2 0.799598 984 508 1030 559
2 0.797543 778 444 816 491
2 0.789333 554 462 585 498
2 0.785958 109 534 176 644
3 0.785107 371 85 475 198
2 0.783334 805 491 859 537
2 0.782649 991 466 1034 516
2 0.778455 849 539 931 589
2 0.777123 677 444 710 483
2 0.776313 980 552 1022 603
2 0.776024 960 286 1013 328
2 0.774728 1078 485 1110 536
2 0.774242 756 365 797 407
2 0.769929 615 404 655 438
2 0.76989 639 474 678 519
2 0.76841 1005 373 1045 427
2 0.764237 1071 524 1103 573
2 0.760707 1052 476 1081 526
2 0.757675 583 431 615 465
2 0.755349 654 376 693 415
3 0.754556 222 323 307 432
2 0.753146 1062 386 1091 444
2 0.75202 674 478 709 525
2 0.75113 816 533 853 574
2 0.750027 762 327 803 368
2 0.750024 1007 330 1052 382
2 0.749035 620 372 659 408
2 0.748008 576 497 601 536
3 0.747815 460 119 523 219
3 0.737832 102 85 197 196
2 0.734862 550 494 580 533
2 0.731298 597 503 639 551
2 0.730993 930 545 978 593
2 0.726695 0 3 61 56
2 0.725553 920 591 968 646
2 0.724969 1082 442 1115 498
2 0.720788 835 286 890 329
2 0.720584 559 430 588 464
2 0.719443 1040 378 1062 432
2 0.719026 1031 473 1053 521
2 0.718757 751 403 790 447
3 0.717198 436 198 503 288
2 0.709904 125 418 208 523
2 0.701197 1067 563 1100 610
2 0.700532 1046 517 1074 567
2 0.696554 1147 513 1177 555
2 0.696406 1062 607 1096 659
3 0.693757 340 165 446 280
2 0.693684 1032 513 1052 563
2 0.690105 1034 605 1065 662
2 0.68998 971 600 1016 660
2 0.687414 546 530 578 579
3 0.686542 320 248 481 379
3 0.686034 183 110 275 217
2 0.683264 56 288 143 403
2 0.677993 746 486 777 529
3 0.673877 264 139 350 235
2 0.673255 1179 459 1203 495
2 0.667972 1040 559 1068 608
2 0.666338 1088 400 1119 456
2 0.661437 519 494 555 533
2 0.659309 1123 538 1146 580
2 0.657441 1148 547 1175 587
2 0.656523 776 489 811 533
3 0.649421 307 345 406 447
2 0.638673 574 532 599 581
2 0.638466 1076 312 1100 366
2 0.635526 1103 532 1123 575
2 0.63027 517 463 560 496
2 0.629478 815 571 848 621
2 0.628941 1158 441 1180 485
2 0.628333 1178 488 1203 527
2 0.62548 1126 506 1148 548
2 0.622718 1012 289 1054 333
3 0.621919 481 83 531 136
2 0.621709 1096 364 1130 423
2 0.621071 521 530 549 572
2 0.615957 1009 602 1039 663
2 0.611042 638 514 672 556
2 0.608426 1155 478 1178 518
3 0.607313 308 0 410 66
2 0.595056 1098 330 1132 382
2 0.594465 1136 426 1159 476
2 0.591916 747 443 780 487
2 0.582073 1104 493 1126 541
2 0.581282 803 286 842 327
3 0.578258 69 89 114 166
2 0.573409 1016 556 1043 604
2 0.572273 817 581 846 631
2 0.568464 1070 352 1096 411
2 0.558872 1035 425 1057 477
2 0.55776 1177 523 1200 561
2 0.555306 1057 337 1076 396
2 0.551218 1056 304 1076 349
2 0.545883 222 432 291 484
2 0.538988 742 528 772 564
2 0.538123 798 534 819 575
2 0.533294 773 531 799 570
2 0.529962 1133 388 1154 439
2 0.526886 0 386 27 485
2 0.526543 1160 401 1181 453
3 0.521797 283 77 373 154
2 0.517659 387 2 495 101
2 0.505 0 269 22 380
2 0.501069 1179 424 1202 463
2 0.500297 52 0 154 69
