3 0.918283 183 763 393 871
3 0.916581 378 652 589 758
3 0.914684 180 464 374 562
3 0.912358 390 206 565 283
3 0.912322 178 560 375 661
3 0.910694 385 756 603 867
3 0.903721 180 660 382 764
3 0.903591 373 555 578 656
3 0.902991 188 372 375 465
3 0.898588 373 457 571 555
3 0.896132 381 287 566 368
3 0.89444 780 540 973 636
3 0.891413 769 453 961 541
3 0.886832 376 368 569 459
3 0.885517 78 764 186 862
3 0.884475 211 210 390 288
3 0.883554 397 861 616 963
2 0.883177 423 959 636 1078
3 0.882945 758 371 947 453
3 0.881912 193 869 412 971
3 0.88174 198 289 381 373
3 0.880739 91 865 200 966
3 0.878723 805 726 1006 835
3 0.877095 966 536 1087 626
3 0.876093 74 661 180 762
3 0.874417 752 294 935 371
2 0.873981 741 147 902 226
3 0.873937 78 465 178 558
2 0.873021 620 950 742 1073
3 0.869745 746 218 921 297
3 0.86966 943 373 1058 458
3 0.867547 789 631 992 734
3 0.867432 609 849 728 956
3 0.867219 656 287 751 368
3 0.865008 98 292 203 379
3 0.86461 725 840 829 935
3 0.861662 977 621 1102 717
3 0.860716 114 210 218 296
3 0.860047 711 740 814 843
3 0.856911 84 375 187 466
3 0.856273 659 368 760 452
3 0.855644 997 710 1108 809
2 0.854475 204 968 436 1079
2 0.854315 98 966 215 1078
3 0.854055 954 454 1073 539
3 0.851663 74 562 176 657
3 0.844844 651 210 745 287
3 0.844336 17 381 88 469
3 0.829126 1065 454 1151 535
3 0.826229 595 748 713 854
3 0.826091 1079 533 1165 615
2 0.825937 1573 622 1645 691
3 0.822296 1048 375 1135 458
2 0.817017 900 163 1006 235
3 0.815686 33 295 105 384
3 0.815596 5 761 75 856
2 0.810203 649 142 741 212
3 0.805923 1094 615 1176 702
2 0.804966 1552 533 1626 608
3 0.80209 914 229 1084 307
3 0.800754 930 300 1043 379
2 0.799833 1545 484 1619 570
3 0.797075 1034 303 1113 382
3 0.796656 683 544 782 644
3 0.790216 697 642 796 743
3 0.788105 914 229 1023 306
2 0.78559 1585 664 1655 734
2 0.782165 1638 423 1694 466
2 0.780383 1560 579 1635 647
3 0.774751 3 662 70 758
3 0.774012 1106 702 1185 787
3 0.773825 670 453 771 545
3 0.765801 586 648 697 751
2 0.756968 1004 176 1075 240
2 0.751833 1684 592 1729 648
2 0.743365 1616 515 1664 587
2 0.728771 1693 635 1751 695
2 0.723871 1820 470 1849 504
2 0.721536 1698 462 1746 504
2 0.720731 1814 439 1841 472
2 0.718795 1640 609 1683 665
3 0.716903 822 836 907 929
2 0.716344 1630 563 1680 624
2 0.714433 1659 503 1708 562
2 0.711308 1762 658 1810 729
2 0.695188 1730 577 1786 636
2 0.691013 1649 461 1702 514
3 0.690928 1017 235 1094 310
2 0.690411 1649 653 1683 706
2 0.688916 1609 470 1653 540
2 0.687632 1703 685 1759 751
2 0.682246 1678 549 1719 605
2 0.673199 1760 609 1806 675
2 0.666623 1819 531 1861 568
2 0.656066 1735 535 1826 585
2 0.649177 1532 433 1631 512
2 0.643783 1726 463 1816 504
2 0.639 1715 429 1818 467
2 0.634557 1827 563 1867 605
2 0.626619 1723 501 1819 544
2 0.621239 1688 426 1728 463
2 0.606193 1508 528 1537 580
2 0.601023 1819 500 1856 535
2 0.593362 1752 566 1832 630
2 0.589694 1722 537 1813 590
2 0.580921 1773 601 1835 668
2 0.577209 738 935 852 1065
2 0.571719 1529 613 1562 657
3 0.559086 47 217 122 298
2 0.554089 1805 638 1844 710
2 0.551093 1530 565 1557 616
2 0.550496 1852 593 1880 640
2 0.520749 1708 501 1754 548
2 0.513407 12 469 77 559
2 0.509744 1065 182 1116 239
2 0.505203 1838 592 1877 642
2 0.503492 1672 647 1697 703
