3 0.836503 911 537 934 561
3 0.835594 943 458 967 483
3 0.83459 1055 458 1080 483
3 0.834074 884 458 907 484
3 0.83253 736 459 761 485
3 0.831643 1128 462 1190 486
3 0.829539 1425 371 1469 395
3 0.827707 1124 487 1176 511
3 0.827659 913 485 937 509
3 0.826983 1419 419 1463 441
3 0.82664 883 486 907 509
3 0.825592 882 538 905 561
3 0.824612 909 564 933 585
3 0.824558 1423 395 1466 418
3 0.823534 1370 464 1393 487
3 0.822205 597 461 622 487
3 0.821913 1432 300 1477 323
3 0.821719 1417 442 1460 464
3 0.819392 883 512 906 536
3 0.818545 912 511 935 535
3 0.812712 1265 536 1306 559
3 0.812626 598 489 622 514
3 0.812207 913 458 938 483
3 0.81147 936 587 959 610
3 0.81107 1435 276 1479 300
3 0.810991 1427 347 1472 370
3 0.81052 1346 464 1371 488
3 0.808684 1118 537 1163 561
3 0.808667 767 459 792 484
3 0.806973 908 588 932 611
3 0.805918 736 486 760 512
3 0.805391 882 564 904 586
3 0.802208 210 366 258 392
3 0.802079 937 563 960 585
3 0.800047 1395 441 1417 464
3 0.796297 1318 439 1343 463
3 0.795864 1368 487 1391 509
3 0.795573 1373 440 1395 464
3 0.795063 1264 512 1308 535
3 0.794141 934 612 959 636
1 0.793557 185 396 210 421
3 0.791203 1365 510 1388 533
3 0.789533 1263 560 1303 582
3 0.789456 1129 435 1193 461
1 0.789393 769 234 797 260
3 0.789174 1429 323 1474 346
3 0.788966 1315 465 1342 487
1 0.788251 831 234 857 260
3 0.784914 1393 465 1415 487
3 0.78426 1136 357 1194 382
1 0.784197 188 422 211 446
3 0.784147 595 434 622 460
3 0.782969 1203 561 1245 584
3 0.782883 1121 512 1167 536
3 0.779918 1391 271 1413 296
3 0.778515 1340 511 1365 534
3 0.777251 1205 538 1248 560
3 0.776666 797 459 821 484
3 0.776145 1117 563 1162 586
3 0.772261 826 459 849 484
3 0.772102 1138 331 1193 356
3 0.771938 1397 417 1419 441
1 0.771232 736 319 763 345
3 0.767464 1320 415 1345 438
3 0.766332 1343 488 1368 510
3 0.765683 208 341 257 367
3 0.765645 1054 484 1079 508
3 0.765226 212 420 264 444
1 0.764496 892 236 919 262
3 0.763803 767 486 791 511
3 0.760117 1118 586 1160 609
1 0.759422 892 207 920 234
1 0.758945 945 924 982 965
3 0.758079 1196 410 1238 435
3 0.757521 1085 458 1107 483
3 0.757175 1203 333 1234 358
3 0.756797 1016 585 1043 608
3 0.756682 824 565 848 587
3 0.754061 939 537 961 560
3 0.753357 945 404 970 429
3 0.752065 1203 585 1242 609
3 0.7514 1140 303 1191 329
3 0.751295 1390 296 1415 320
1 0.749559 831 206 858 232
3 0.749154 1416 466 1457 486
1 0.749151 801 234 828 260
3 0.748984 1260 488 1312 511
3 0.748868 881 589 904 612
1 0.748544 769 205 798 231
3 0.747977 1053 510 1077 534
3 0.74791 1025 458 1051 483
1 0.746108 737 290 764 317
3 0.743615 1311 488 1340 511
3 0.743551 599 516 624 539
3 0.742434 593 292 622 319
3 0.74219 1132 409 1194 434
3 0.741072 1085 485 1105 510
3 0.740579 593 235 621 261
3 0.740542 1162 585 1202 608
3 0.739845 798 486 821 511
3 0.738729 1201 358 1239 383
3 0.738635 1305 536 1332 558
3 0.734576 849 643 876 673
3 0.733395 932 641 958 669
3 0.733093 1348 440 1374 463
1 0.732247 767 319 795 345
3 0.732138 1194 437 1235 461
3 0.73053 945 431 969 456
3 0.730388 737 591 760 615
3 0.730185 825 540 848 562
1 0.730072 736 347 762 373
3 0.729441 1376 416 1398 440
3 0.728701 603 594 629 624
3 0.728463 819 644 847 673
1 0.727939 829 290 855 317
3 0.727382 600 541 625 565
3 0.727258 632 594 657 624
3 0.726836 1261 583 1300 606
3 0.72672 214 443 267 468
3 0.723974 1052 535 1076 559
3 0.723529 1390 487 1411 509
3 0.722206 211 393 261 419
3 0.722176 1436 251 1480 275
3 0.719892 1414 274 1434 298
3 0.719698 1399 393 1423 417
3 0.719239 943 484 965 509
3 0.719206 855 404 881 429
1 0.71907 861 235 888 261
3 0.71899 626 234 655 262
3 0.718675 1212 513 1251 536
3 0.714202 736 513 760 538
3 0.713223 1164 563 1203 584
3 0.711665 942 511 963 535
3 0.709585 594 405 620 431
1 0.708914 831 263 856 289
3 0.708908 215 469 270 493
3 0.708636 907 613 931 637
3 0.708229 1243 560 1265 583
1 0.706461 192 447 211 470
3 0.706226 1303 559 1325 582
1 0.705925 705 290 733 318
3 0.704929 632 566 656 591
3 0.704491 1483 251 1534 274
1 0.703274 766 348 794 373
3 0.701804 602 566 628 592
3 0.700933 1069 216 1093 241
1 0.698934 768 262 796 287
1 0.697054 986 919 1060 961
3 0.697037 1334 535 1361 557
3 0.695439 1262 463 1315 487
3 0.694823 884 431 909 456
3 0.692595 1141 276 1189 302
3 0.692038 594 320 621 347
1 0.69095 797 375 824 401
3 0.690233 738 617 761 640
3 0.689616 1248 537 1268 559
3 0.689076 1171 538 1206 561
3 0.687249 1225 489 1256 512
3 0.68644 1060 405 1085 430
3 0.68608 567 488 592 514
3 0.685994 766 591 791 614
3 0.68537 964 587 987 609
3 0.685313 970 458 995 483
3 0.685221 914 431 939 456
1 0.683518 738 233 765 260
3 0.683321 594 377 620 403
3 0.68322 1199 385 1240 409
1 0.682988 861 206 888 233
3 0.682972 593 263 622 291
1 0.681219 799 319 825 345
3 0.68098 1387 344 1420 368
3 0.680369 566 461 592 488
3 0.679435 1323 390 1346 414
3 0.678775 1270 439 1318 462
3 0.678715 568 515 593 541
1 0.678166 891 264 917 291
1 0.677913 625 376 652 403
3 0.677177 1089 405 1111 431
3 0.677129 570 541 594 566
3 0.676227 565 433 591 461
1 0.675506 736 375 761 401
3 0.673329 625 263 654 290
3 0.67183 1204 306 1234 332
1 0.671307 768 290 796 317
3 0.670717 823 590 848 612
3 0.668638 796 431 822 456
1 0.666846 852 934 887 973
1 0.66618 830 320 854 345
3 0.666021 736 540 759 564
3 0.66282 1412 298 1432 321
3 0.662516 594 206 621 234
3 0.660385 766 431 792 456
1 0.659593 798 348 824 373
3 0.659369 855 431 880 455
3 0.659133 854 458 878 484
3 0.658465 966 562 988 584
1 0.657423 738 262 764 288
3 0.655837 765 645 791 675
3 0.655302 973 404 995 429
3 0.653679 626 205 657 233
1 0.653454 626 405 653 431
3 0.653065 739 645 764 674
3 0.652904 593 349 620 375
3 0.651488 1391 369 1423 393
3 0.65062 826 486 848 511
3 0.650123 1311 511 1341 534
3 0.649164 572 567 596 594
3 0.648578 1191 463 1227 487
1 0.646669 706 319 733 346
3 0.646631 879 614 904 637
3 0.646561 208 315 255 341
3 0.645923 766 540 790 563
3 0.645179 736 404 761 428
3 0.644654 236 611 279 633
3 0.643893 1242 386 1270 411
3 0.642034 221 567 278 590
3 0.641432 1012 638 1041 667
3 0.639545 1271 414 1320 438
3 0.636699 944 966 981 1006
3 0.636469 1308 511 1334 534
3 0.634637 797 540 819 563
3 0.634629 662 593 686 625
3 0.634375 1027 431 1053 456
3 0.633138 1181 513 1208 537
3 0.632944 1288 337 1332 363
1 0.632626 192 498 212 520
3 0.631756 1029 405 1055 430
3 0.630096 218 519 275 542
3 0.628101 1388 320 1420 344
3 0.627699 1141 248 1190 274
3 0.624904 767 514 790 537
1 0.621358 758 937 849 975
3 0.619325 660 234 686 262
3 0.616933 86 255 129 278
3 0.616465 1057 431 1082 456
3 0.615921 1470 377 1520 395
3 0.615866 984 962 1058 1003
3 0.61576 656 291 683 319
1 0.615624 766 376 793 401
1 0.614512 706 234 735 261
3 0.613035 1143 221 1190 248
1 0.611172 800 262 827 288
3 0.610555 1046 584 1073 607
2 0.609876 192 590 214 611
3 0.609748 1476 323 1526 347
3 0.608553 1231 463 1259 487
3 0.607455 793 645 818 674
3 0.607323 1239 584 1263 607
2 0.604732 189 568 212 589
1 0.603896 889 292 916 318
3 0.603282 1353 417 1377 439
1 0.60276 738 205 765 231
3 0.599901 826 431 851 456
3 0.598034 736 431 761 456
3 0.597843 631 541 655 564
3 0.597199 1481 277 1531 296
1 0.595407 141 298 164 325
3 0.59498 1134 383 1190 408
3 0.594198 1295 261 1338 286
3 0.593811 967 537 990 560
3 0.593621 907 642 931 670
3 0.592986 1288 364 1328 387
3 0.592794 736 567 759 589
3 0.591837 1069 269 1092 295
3 0.591469 766 404 792 429
3 0.591065 1291 312 1333 337
3 0.590967 229 590 279 611
3 0.59028 1406 510 1446 532
1 0.589936 802 205 828 231
2 0.589504 166 347 185 371
3 0.588022 1049 560 1074 582
3 0.587811 850 614 875 638
1 0.587712 625 347 652 374
1 0.586866 852 974 888 1014
1 0.586461 799 290 826 317
3 0.586415 1272 389 1323 414
3 0.58405 885 404 911 429
3 0.584026 1364 534 1390 555
3 0.583575 1204 279 1236 304
1 0.583418 922 264 946 291
1 0.583013 891 888 936 933
3 0.581475 661 540 685 564
3 0.580999 661 565 686 591
3 0.579808 1000 431 1024 456
3 0.579425 1189 489 1222 512
3 0.578999 1084 510 1103 534
3 0.578174 1368 269 1391 294
3 0.577315 1418 487 1454 509
3 0.576478 1326 364 1347 389
1 0.576042 148 448 171 470
3 0.574448 915 404 941 429
3 0.574281 798 514 820 536
3 0.573432 1087 431 1110 456
1 0.572136 916 376 942 402
1 0.570827 145 398 166 424
3 0.570617 1255 488 1290 511
3 0.567759 1097 216 1124 242
3 0.567055 1093 298 1118 323
3 0.566134 826 514 847 537
3 0.565989 219 543 277 566
