2 0.909145 2051 169 2237 250
2 0.905907 1884 709 1999 809
2 0.905009 1630 83 1727 174
2 0.902441 1440 89 1633 180
3 0.899565 999 558 1208 649
3 0.896539 1471 922 1677 1020
3 0.89616 1452 353 1647 442
3 0.895901 313 861 480 950
3 0.894178 1468 822 1671 923
2 0.893205 1202 100 1321 191
3 0.89308 999 647 1211 743
3 0.892898 1460 632 1661 728
2 0.892657 179 264 343 356
2 0.892302 1880 615 1992 711
3 0.892086 1464 726 1665 824
2 0.892054 1953 169 2057 252
2 0.891963 349 161 512 257
3 0.891603 1457 537 1657 632
2 0.891425 332 414 496 510
3 0.890876 999 743 1213 840
3 0.890511 1334 636 1462 730
3 0.890436 143 774 315 861
2 0.890278 2043 88 2226 166
3 0.88992 1344 926 1471 1024
3 0.889821 314 768 480 861
2 0.889092 1324 267 1447 358
3 0.88867 1337 731 1466 827
3 0.888474 1002 839 1214 935
2 0.888163 1960 254 2063 339
3 0.888111 870 844 1002 940
2 0.887657 2057 255 2247 339
3 0.887425 1997 709 2105 805
3 0.887417 1003 933 1215 1032
2 0.887054 1322 184 1445 268
3 0.88684 779 847 868 941
2 0.886699 1444 179 1637 262
2 0.886569 1322 95 1440 184
2 0.886461 2227 168 2345 252
3 0.885922 869 750 1000 847
3 0.88587 1215 928 1344 1028
3 0.885313 2116 889 2315 992
3 0.885064 2121 980 2318 1088
2 0.884909 1844 169 1958 253
3 0.884322 311 952 480 1041
3 0.884304 325 499 490 594
3 0.884165 871 564 999 658
3 0.883484 566 946 671 1038
3 0.883457 61 605 157 693
3 0.882836 1212 830 1342 930
3 0.882725 1340 826 1468 926
3 0.882639 1001 366 1206 464
3 0.88249 141 863 313 951
3 0.882394 1455 446 1653 535
2 0.88211 2217 88 2335 167
3 0.881959 479 948 566 1039
2 0.881946 1447 260 1641 353
2 0.881814 166 432 332 517
3 0.881408 148 685 316 776
3 0.881317 1764 717 1885 812
2 0.881294 1945 85 2047 167
3 0.881252 568 662 672 760
3 0.881204 1333 543 1458 636
3 0.881184 1670 816 1773 915
2 0.880805 172 347 336 440
3 0.880718 317 585 485 682
3 0.88068 565 853 671 945
3 0.880664 781 941 868 1033
3 0.880546 151 597 321 687
2 0.880544 1837 85 1951 169
2 0.880512 1874 522 1986 616
2 0.880105 2337 168 2451 253
3 0.880101 1006 1035 1217 1132
3 0.880077 138 954 311 1040
3 0.879919 870 940 1003 1033
3 0.879875 873 379 1000 472
3 0.878917 873 1035 1004 1134
3 0.87844 1761 622 1880 716
2 0.878372 337 321 503 426
3 0.878306 160 512 325 602
3 0.878219 2069 340 2259 425
2 0.878071 877 205 1001 296
3 0.877806 566 759 671 853
2 0.877467 2441 174 2623 260
3 0.877303 0 777 56 864
3 0.877118 2083 518 2283 616
3 0.877087 778 754 868 847
3 0.876958 872 473 1000 564
3 0.876942 2078 427 2268 517
3 0.876814 777 660 866 753
3 0.876709 2469 338 2645 420
3 0.876655 567 1040 672 1134
3 0.876647 2523 866 2688 965
2 0.876346 787 294 877 389
2 0.876339 344 243 508 339
2 0.875758 1728 170 1843 255
3 0.875674 1992 616 2094 708
3 0.875469 672 945 780 1036
2 0.875415 2239 252 2356 340
3 0.875367 1775 908 1894 1007
3 0.875303 2111 800 2312 894
2 0.875215 875 291 1002 384
3 0.874948 1750 434 1864 525
3 0.874723 1987 520 2079 615
3 0.874679 781 475 871 565
3 0.874591 1209 639 1337 738
3 0.874578 1664 721 1767 817
2 0.874426 1005 196 1202 290
2 0.874382 2349 252 2461 339
2 0.874373 1003 284 1204 371
3 0.87435 1891 807 2007 903
3 0.87424 1209 734 1339 832
3 0.874027 672 757 777 848
3 0.874005 1674 913 1776 1011
3 0.87385 870 658 999 752
2 0.873772 1861 340 1970 429
3 0.873725 1331 453 1453 541
3 0.873701 568 1136 676 1283
3 0.873694 315 677 481 771
3 0.873495 1001 468 1205 556
2 0.873449 2431 92 2610 182
3 0.873442 480 762 566 855
2 0.873261 690 132 796 226
2 0.873165 880 119 1002 211
3 0.873157 1329 357 1449 449
3 0.873099 779 566 868 658
2 0.872684 1723 83 1837 171
3 0.872629 2364 338 2473 422
2 0.872251 80 355 176 445
2 0.872116 1204 269 1326 361
3 0.871902 58 690 150 778
3 0.871893 2010 898 2118 995
3 0.871868 1757 527 1872 620
2 0.871277 2454 258 2635 340
3 0.87115 311 1041 478 1132
3 0.87077 1208 548 1333 640
2 0.870741 1853 255 1962 339
3 0.86981 575 485 676 576
3 0.869594 2310 786 2415 882
3 0.869523 1207 360 1326 455
3 0.869343 2104 701 2306 800
3 0.868393 1661 624 1763 719
3 0.868226 672 660 777 756
3 0.867941 1474 1017 1681 1116
3 0.867806 784 384 873 475
3 0.867571 1206 461 1329 546
3 0.867519 570 572 674 665
3 0.867267 137 1044 308 1130
3 0.867206 2007 804 2112 898
3 0.867187 481 668 567 764
3 0.866623 672 850 779 944
2 0.865717 591 141 693 235
3 0.86557 1770 812 1890 909
3 0.86552 2529 959 2688 1058
3 0.865487 1679 1012 1781 1112
2 0.864868 1734 254 1849 343
3 0.864686 1658 530 1757 621
3 0.864425 674 1038 779 1135
2 0.864281 582 309 683 405
2 0.864078 95 195 193 286
3 0.863227 2316 876 2422 977
2 0.8626 1636 172 1732 252
3 0.862519 53 777 146 864
2 0.86206 793 125 881 217
2 0.861632 85 277 184 365
2 0.861414 1005 113 1201 202
2 0.860977 2325 84 2435 169
3 0.860773 1780 1006 1898 1108
2 0.860291 578 397 679 491
3 0.860269 780 1036 872 1133
3 0.859479 2267 423 2376 511
3 0.859476 1971 339 2071 427
2 0.858514 509 150 595 241
3 0.858202 674 567 778 659
3 0.858183 479 858 564 948
3 0.857844 484 576 570 667
2 0.857648 789 213 878 300
3 0.857321 479 1040 568 1131
2 0.857206 683 296 788 391
3 0.857026 1981 427 2080 520
2 0.857008 686 219 792 302
3 0.856553 2317 968 2426 1078
3 0.855731 2499 603 2677 692
2 0.855074 1 360 88 450
3 0.854717 2517 777 2688 870
3 0.85444 66 520 163 612
2 0.853737 1867 429 1980 522
2 0.852699 1642 251 1737 342
3 0.852666 2420 872 2523 969
3 0.85262 1344 1024 1473 1116
3 0.852592 2481 420 2658 506
3 0.852276 2091 611 2295 702
3 0.851403 1743 343 1857 431
2 0.851036 493 398 582 495
3 0.850363 45 1038 137 1122
3 0.849548 490 487 576 579
3 0.849253 2014 995 2123 1095
3 0.849028 2413 778 2519 875
3 0.848623 2376 420 2481 510
3 0.848424 2406 689 2510 782
3 0.848093 2490 509 2665 602
3 0.846234 2253 338 2367 422
3 0.846037 676 478 780 569
3 0.845226 2424 964 2528 1067
3 0.845219 48 863 142 953
3 0.845067 1217 1027 1344 1128
2 0.844958 586 226 689 316
3 0.844108 1654 439 1750 528
2 0.842958 73 437 169 528
2 0.842735 1203 187 1323 273
2 0.842361 503 233 591 322
2 0.842289 3 285 96 372
3 0.841684 2293 606 2396 694
2 0.841437 0 441 80 530
3 0.840274 2510 690 2687 779
3 0.839667 45 954 138 1037
3 0.839285 2394 602 2497 693
2 0.837529 499 311 587 407
3 0.837415 1898 999 2015 1100
3 0.837409 2303 692 2408 790
3 0.836249 2126 1081 2321 1212
2 0.834088 188 186 353 273
3 0.833966 2385 509 2486 607
2 0.832285 11 204 104 295
2 0.829425 0 523 72 613
2 0.828443 47 1126 139 1233
3 0.827194 2318 1072 2429 1176
3 0.826607 2283 514 2387 611
3 0.818766 1648 343 1743 434
3 0.815809 0 863 51 953
3 0.795816 1893 903 2011 999
3 0.795283 2019 1097 2124 1203
2 0.775887 2414 8 2593 96
3 0.775145 479 1136 568 1272
3 0.771179 680 388 781 480
3 0.762311 0 1039 41 1122
2 0.74956 0 692 59 779
3 0.711143 0 952 44 1035
2 0.643785 0 1128 44 1251
2 0.603848 142 1137 305 1250
3 0.588428 0 607 64 693
2 0.587163 1 211 20 301
3 0.557159 1911 1106 2022 1201
