2 0.911321 1438 91 1632 184
3 0.909004 1460 635 1662 732
2 0.904377 2048 169 2233 255
3 0.901758 145 868 312 954
2 0.900437 1840 170 1956 257
2 0.900405 1200 101 1319 196
2 0.900156 1719 86 1838 174
3 0.899623 1457 540 1658 638
3 0.899438 869 568 998 661
3 0.899358 1467 826 1674 927
3 0.899169 1462 730 1668 828
2 0.897718 1320 98 1440 190
2 0.897171 1323 269 1447 361
3 0.897123 152 602 321 692
2 0.895577 347 164 511 261
3 0.894797 149 692 317 781
2 0.893647 1443 182 1637 266
2 0.892418 2055 257 2244 341
2 0.892314 1883 712 1997 810
3 0.892239 777 854 868 947
3 0.892175 1665 724 1766 820
3 0.892059 1329 455 1453 545
2 0.89181 330 418 495 513
3 0.891572 1000 844 1214 940
2 0.891561 1949 169 2054 255
2 0.89122 1003 120 1199 211
3 0.89109 309 866 482 954
3 0.890995 999 471 1206 564
3 0.890892 2110 803 2309 898
2 0.890189 1001 289 1204 377
2 0.889994 2225 168 2345 255
3 0.889972 1454 448 1653 539
3 0.889766 1002 938 1216 1036
3 0.889541 1338 735 1465 830
2 0.889463 1956 255 2059 343
3 0.889079 1470 924 1677 1025
3 0.888582 868 756 1000 850
2 0.888504 1880 620 1991 712
3 0.888434 144 780 315 867
3 0.8882 1450 353 1646 446
2 0.888055 2451 257 2627 343
3 0.887965 1336 640 1461 734
3 0.887799 310 777 483 866
2 0.887523 1321 187 1443 271
2 0.887196 1628 87 1725 177
2 0.887014 164 432 330 523
2 0.886732 1446 263 1640 356
3 0.886259 869 661 1000 757
3 0.885913 1998 712 2105 805
2 0.885696 2439 172 2617 262
2 0.885522 2040 86 2223 169
3 0.88517 998 562 1206 656
2 0.884965 335 327 502 430
3 0.884944 50 868 146 956
3 0.884699 1343 928 1470 1028
3 0.884073 143 956 313 1042
2 0.884026 688 138 796 233
3 0.883976 1340 829 1469 929
3 0.883725 872 384 1000 479
3 0.883525 998 654 1210 750
3 0.883332 2065 341 2257 429
2 0.882093 1204 270 1324 368
3 0.882071 999 745 1211 843
3 0.881949 141 1045 313 1135
3 0.881872 2411 783 2523 883
2 0.881772 1943 86 2044 170
3 0.881598 0 611 61 697
3 0.880437 2011 902 2118 1001
3 0.880162 2359 338 2477 427
2 0.880155 1834 86 1948 171
2 0.879924 2215 86 2332 169
2 0.879914 343 247 507 344
3 0.879907 2115 893 2310 994
3 0.879885 1207 644 1337 739
3 0.879832 868 850 1001 945
3 0.87972 1332 546 1458 640
3 0.879643 479 676 568 770
2 0.879369 873 297 1001 390
2 0.879037 2236 254 2354 339
3 0.878809 312 956 480 1043
2 0.87867 2334 168 2449 257
2 0.87859 588 144 693 240
2 0.87835 170 351 337 442
3 0.878332 867 946 1003 1037
2 0.878112 878 127 1003 215
3 0.87808 2007 806 2112 902
3 0.877992 2247 339 2366 427
3 0.877716 1207 737 1339 837
3 0.877459 1003 1037 1219 1136
2 0.877382 1003 202 1201 295
2 0.877104 876 210 1002 303
3 0.876894 323 502 489 599
3 0.876829 870 477 1000 568
2 0.87673 1858 342 1972 432
3 0.876547 777 758 868 852
3 0.876293 1326 358 1448 451
3 0.875749 1211 835 1342 935
3 0.875731 1675 917 1776 1017
3 0.875391 1759 625 1878 720
3 0.875306 781 570 869 664
2 0.875122 578 313 685 409
3 0.875109 1215 931 1344 1032
2 0.87451 1726 172 1844 258
2 0.87404 1872 526 1987 620
2 0.873861 2426 92 2605 180
2 0.87377 575 401 679 498
3 0.873666 2121 985 2313 1086
3 0.873606 2309 882 2418 982
3 0.873423 2104 702 2303 803
3 0.873328 314 1045 481 1138
2 0.873312 786 217 878 307
3 0.873267 1473 1021 1680 1131
3 0.873233 313 685 482 777
3 0.872418 872 1039 1003 1135
2 0.872403 784 301 877 394
3 0.872337 2078 429 2268 520
3 0.872259 1657 535 1755 629
3 0.872166 49 1039 141 1129
3 0.872048 0 779 53 870
3 0.871713 55 694 152 782
3 0.871204 779 664 869 759
2 0.871146 1847 256 1961 343
2 0.8708 1733 256 1848 346
2 0.870198 490 403 581 502
3 0.869958 1000 374 1205 472
3 0.869904 0 868 51 957
3 0.869741 317 590 487 689
2 0.869631 791 130 880 223
3 0.869607 783 479 870 570
2 0.869598 507 152 596 246
3 0.869596 670 667 780 761
3 0.86953 1671 821 1772 918
3 0.86946 566 764 670 858
2 0.869412 1634 174 1732 257
2 0.868954 679 303 789 398
2 0.868921 184 180 353 282
3 0.868663 1779 1011 1900 1115
3 0.868399 778 949 869 1038
2 0.868359 1895 905 2012 1004
2 0.867784 501 236 590 328
3 0.86766 1748 437 1864 530
3 0.867602 1993 619 2100 709
2 0.867026 682 223 792 311
2 0.866582 582 230 689 324
3 0.86629 2518 781 2688 874
3 0.866231 670 950 781 1040
2 0.866053 2413 14 2594 102
3 0.865948 670 761 779 856
3 0.865483 161 515 324 607
3 0.865103 1206 550 1333 645
3 0.864924 1754 530 1870 624
3 0.864906 1765 719 1883 817
2 0.864704 1864 432 1980 526
3 0.864693 565 858 670 950
3 0.864437 1741 344 1857 437
2 0.864253 0 364 88 457
3 0.863985 1205 364 1326 462
3 0.863726 1775 911 1894 1012
3 0.862795 2480 424 2656 511
2 0.86263 1639 255 1738 347
3 0.862593 59 609 157 696
3 0.862504 567 670 670 766
3 0.86214 1205 460 1329 551
2 0.862065 2346 254 2460 339
3 0.861879 484 582 571 678
2 0.861513 0 445 81 540
3 0.861471 2306 792 2415 888
3 0.861162 570 578 671 673
3 0.861095 671 1043 784 1140
2 0.860931 2322 86 2434 172
3 0.860929 1770 815 1888 913
2 0.860788 178 266 344 364
3 0.860417 2467 339 2644 426
3 0.860199 670 857 780 949
2 0.859665 80 360 176 448
3 0.859655 2312 973 2426 1079
3 0.859215 48 956 144 1040
3 0.858936 2526 867 2688 967
3 0.858224 52 781 148 868
3 0.858074 2015 998 2122 1099
3 0.857866 65 523 162 614
2 0.857098 95 198 192 293
3 0.85692 1344 1028 1473 1128
3 0.856665 672 573 781 668
3 0.855827 0 1039 48 1128
3 0.855642 1679 1015 1779 1121
2 0.855418 1203 191 1321 274
3 0.855051 566 1044 673 1139
3 0.85489 779 1042 873 1137
3 0.854858 2510 691 2685 785
3 0.854691 1970 342 2074 430
3 0.854118 675 483 782 576
3 0.854116 2415 876 2526 974
2 0.854052 86 283 185 372
3 0.85394 572 489 676 581
3 0.853349 2531 956 2688 1060
3 0.853114 2493 509 2667 606
3 0.85255 0 695 57 782
3 0.852372 2499 603 2676 693
2 0.852227 2312 10 2422 92
3 0.851589 2403 693 2513 789
3 0.851165 2421 965 2530 1067
3 0.84903 2381 514 2492 608
3 0.848425 565 951 672 1041
3 0.847728 2370 426 2487 515
3 0.847613 481 768 567 862
3 0.847205 1219 1030 1345 1128
2 0.847082 495 318 587 413
3 0.845967 2262 427 2374 516
3 0.845161 2301 697 2409 796
2 0.845109 1 291 95 378
3 0.844209 480 1043 568 1136
3 0.843949 2391 603 2498 698
3 0.843866 1660 629 1761 725
2 0.84334 73 440 169 532
3 0.843037 1645 345 1744 441
3 0.842819 1981 431 2082 523
3 0.842499 479 863 564 951
3 0.840339 479 953 564 1042
3 0.838804 0 527 70 619
3 0.838441 785 388 873 481
3 0.838024 2095 615 2292 706
2 0.836969 2209 8 2320 89
2 0.834527 9 207 107 303
3 0.831977 1985 524 2090 618
3 0.831487 1652 442 1748 534
3 0.831159 2088 521 2271 618
3 0.826634 0 956 49 1039
3 0.825026 2294 608 2396 699
3 0.81983 2315 1074 2430 1177
2 0.808369 50 1130 139 1230
3 0.806979 485 1142 572 1283
3 0.806148 488 493 574 588
3 0.802098 2126 1083 2317 1220
3 0.764382 2274 516 2387 614
3 0.756336 1892 810 2004 906
3 0.755434 678 392 784 487
3 0.732921 0 1130 50 1238
3 0.720374 569 1143 674 1277
3 0.683812 1902 1003 2016 1105
2 0.591003 0 216 22 305
3 0.570567 1782 1120 1907 1210
2 0.556323 2429 1064 2527 1166
2 0.542504 1374 1205 1403 1229
3 0.540439 2023 1101 2124 1200
