2 0.914188 1884 714 1997 812
2 0.912652 347 162 511 261
3 0.907674 1469 927 1674 1024
2 0.905651 2049 173 2233 257
3 0.904561 1460 732 1665 831
3 0.903497 1465 830 1671 928
2 0.902142 1439 95 1631 183
3 0.901859 1458 636 1660 733
2 0.9009 1323 269 1446 362
3 0.900881 1450 357 1642 448
2 0.899617 1203 103 1318 195
3 0.897954 309 864 479 955
2 0.896154 2057 260 2243 344
2 0.894019 790 131 879 224
2 0.89386 2428 95 2606 185
2 0.893598 1003 123 1198 208
3 0.893436 999 941 1214 1036
2 0.893199 689 139 793 231
3 0.892432 134 955 309 1044
3 0.892292 564 857 668 951
2 0.891468 1320 99 1438 190
2 0.891467 2442 178 2618 266
2 0.891192 879 127 1001 217
2 0.891108 877 211 1002 302
3 0.890691 311 772 479 865
3 0.890102 999 652 1208 750
2 0.889808 1880 622 1991 716
2 0.889595 1949 170 2055 258
2 0.888971 508 155 593 245
3 0.888912 1336 736 1462 831
3 0.888679 869 849 999 947
2 0.88859 590 148 690 238
2 0.88853 183 185 351 284
2 0.888448 164 433 330 517
3 0.888203 140 778 314 867
2 0.887641 1446 265 1639 357
2 0.887474 2227 171 2344 256
3 0.887123 1000 559 1207 653
3 0.886926 1213 933 1340 1032
2 0.886846 94 199 192 288
1 0.886791 2523 868 2687 967
3 0.886667 146 691 316 781
3 0.886658 1001 373 1203 467
2 0.88657 1002 289 1202 374
3 0.886196 1334 643 1460 737
3 0.886144 308 957 480 1045
2 0.885539 2453 261 2626 345
3 0.885472 869 755 1000 850
2 0.885418 330 417 494 511
3 0.885291 1339 833 1464 931
3 0.885188 776 852 869 946
2 0.884911 341 246 507 342
2 0.884841 1443 185 1635 267
3 0.884554 1327 362 1448 452
3 0.884456 873 384 999 478
2 0.884426 334 324 502 429
3 0.884217 160 513 324 602
3 0.883952 1341 933 1468 1028
3 0.883434 1210 836 1339 934
3 0.883323 1000 844 1213 942
3 0.882687 777 662 868 758
3 0.882532 1208 739 1336 837
3 0.882398 1329 455 1452 546
3 0.881988 564 951 669 1044
3 0.881686 1001 468 1207 559
3 0.881633 870 948 999 1037
2 0.881133 787 217 877 305
3 0.880943 870 565 1000 660
2 0.880884 784 299 875 393
3 0.88083 777 758 869 850
3 0.880777 1663 725 1763 821
3 0.880725 47 1040 137 1126
3 0.880673 1457 542 1655 637
3 0.880668 1000 747 1210 845
3 0.880564 1760 627 1878 721
2 0.880501 874 295 1000 389
3 0.880381 2114 896 2312 996
3 0.880169 308 1047 478 1134
2 0.880168 1957 257 2061 345
3 0.88015 1762 721 1883 815
3 0.879978 870 475 1000 566
3 0.879925 1674 918 1773 1017
2 0.87882 2237 257 2354 344
3 0.878805 670 948 776 1042
3 0.878627 1473 1025 1678 1123
2 0.878544 169 350 335 442
3 0.878213 1766 815 1888 913
2 0.878203 1722 89 1833 177
3 0.878073 565 763 668 857
3 0.878021 869 659 1000 758
3 0.877882 1771 913 1893 1011
3 0.877814 776 947 869 1040
3 0.877282 2106 704 2301 805
2 0.877076 1321 188 1442 270
3 0.876787 670 664 777 758
2 0.876611 176 268 343 363
3 0.876481 1005 1040 1218 1136
3 0.876077 572 489 675 578
3 0.87607 149 599 319 692
3 0.875963 779 567 868 661
3 0.875561 669 760 776 852
3 0.875534 2080 431 2266 521
3 0.875456 2110 805 2308 897
3 0.875401 1454 448 1648 542
3 0.875065 1331 548 1457 642
3 0.874542 1204 365 1325 457
3 0.873852 313 682 479 775
3 0.873776 1205 459 1328 551
3 0.873525 567 665 670 765
2 0.873494 1205 271 1323 365
3 0.872705 1748 439 1862 527
3 0.87242 781 480 869 566
3 0.872409 320 500 487 596
3 0.872381 1997 715 2104 809
3 0.872249 2069 345 2256 428
2 0.872119 2335 170 2449 259
3 0.872095 2120 990 2314 1092
2 0.872092 2041 90 2224 170
3 0.871879 478 1047 566 1134
2 0.871589 1842 171 1955 259
3 0.871307 783 388 872 480
3 0.870954 477 954 565 1045
3 0.870901 135 1047 308 1129
3 0.870861 136 867 310 953
2 0.870787 1727 175 1841 261
3 0.870773 2009 903 2116 1000
3 0.870308 1205 551 1332 647
3 0.870122 316 588 482 688
3 0.870059 0 781 53 868
2 0.869482 1631 91 1725 180
3 0.868506 669 855 776 950
3 0.868456 1206 644 1335 741
3 0.868215 564 1046 669 1136
3 0.868162 1889 812 2006 907
2 0.866968 685 224 789 306
2 0.866734 2347 257 2459 344
3 0.866727 1778 1013 1896 1111
2 0.866309 2215 87 2334 172
3 0.866239 1755 530 1871 626
3 0.866089 2480 426 2657 510
2 0.865948 682 302 786 395
2 0.865855 8 206 105 299
2 0.865462 1004 205 1199 291
3 0.86536 1992 621 2098 712
3 0.865322 777 1042 869 1134
3 0.865048 51 781 145 868
3 0.864994 1668 821 1768 917
2 0.864341 85 280 184 371
3 0.863059 2090 522 2278 616
3 0.863057 2468 341 2644 426
2 0.862998 585 230 686 323
2 0.862856 1732 257 1847 352
2 0.862628 2032 12 2212 90
3 0.862603 871 1042 1003 1137
2 0.862376 1873 528 1983 621
3 0.862342 481 577 570 675
2 0.862238 576 401 678 496
3 0.861494 2264 428 2373 515
3 0.86144 48 867 140 952
3 0.86125 2124 1087 2314 1208
1 0.861157 2416 874 2523 973
2 0.8611 1859 345 1970 436
3 0.860599 53 694 150 783
3 0.860024 670 1043 776 1136
3 0.85975 676 482 779 570
2 0.859542 1835 89 1947 173
3 0.858975 1677 1019 1778 1118
3 0.858908 46 953 137 1043
3 0.858761 2005 810 2111 902
3 0.858092 1655 532 1755 626
3 0.857969 1899 1007 2015 1107
3 0.857874 478 766 566 860
3 0.857642 1971 344 2071 431
3 0.857326 0 609 61 699
3 0.857166 1216 1033 1342 1131
3 0.857118 2517 781 2687 869
3 0.857045 477 671 567 768
3 0.856996 486 490 575 582
2 0.856651 1851 258 1960 347
3 0.856467 2491 512 2668 609
3 0.855745 1741 347 1855 438
3 0.855198 2424 969 2527 1066
3 0.854975 569 574 672 670
3 0.854934 2313 976 2426 1078
3 0.854362 2096 614 2292 707
3 0.854278 479 860 564 953
3 0.854057 1344 1030 1472 1125
2 0.853556 1942 88 2046 172
2 0.853414 80 360 174 449
3 0.853072 1660 629 1760 723
3 0.852909 2363 341 2472 426
3 0.852628 2379 515 2487 607
3 0.851925 2411 785 2519 878
2 0.851787 581 313 683 406
3 0.85139 2013 1001 2122 1101
3 0.851272 0 694 55 785
3 0.850677 2313 1073 2428 1177
3 0.849972 0 866 50 953
2 0.849898 2311 12 2424 95
3 0.849757 0 1039 47 1125
3 0.848958 2498 609 2674 695
2 0.848846 503 236 589 324
3 0.847775 2511 697 2684 782
2 0.846927 2205 11 2322 91
2 0.846684 1205 193 1320 270
2 0.846142 0 446 80 536
2 0.845952 2322 90 2433 174
3 0.845946 2530 961 2688 1060
2 0.845387 0 363 87 456
2 0.845147 2416 15 2589 104
3 0.84419 2406 694 2511 789
2 0.843175 72 440 168 529
2 0.843142 1639 255 1734 349
3 0.842839 2374 426 2481 513
2 0.842362 1634 177 1730 258
3 0.83968 2250 342 2365 426
3 0.83883 2308 794 2414 888
3 0.837883 66 522 163 613
3 0.837247 1650 439 1747 532
3 0.835271 1980 433 2080 523
3 0.834005 0 951 47 1039
3 0.830832 2390 604 2495 697
2 0.828807 2 288 93 375
3 0.827609 2018 1100 2123 1204
2 0.824792 1865 436 1976 526
3 0.824628 58 607 156 698
3 0.822014 672 568 779 664
1 0.819494 2312 883 2417 981
3 0.818647 1986 524 2085 619
2 0.818477 491 401 580 498
3 0.815966 2305 697 2409 796
3 0.813141 1644 347 1740 438
3 0.809772 2278 516 2383 614
3 0.808834 2291 609 2395 700
2 0.80486 499 316 586 409
3 0.798127 0 525 72 615
3 0.755552 678 390 780 484
3 0.746916 1904 1111 2020 1225
3 0.740404 0 1126 47 1216
3 0.737407 1893 907 2010 1006
2 0.714788 1935 14 2035 90
2 0.668453 47 1127 140 1213
3 0.635281 2428 1064 2526 1180
3 0.594852 1782 1115 1901 1213
3 0.571148 1680 1120 1782 1223
3 0.523264 565 1138 671 1281
