3 0.912271 948 530 1184 638
3 0.910478 951 1089 1197 1203
2 0.909596 2172 78 2394 176
1 0.907663 797 979 942 1088
2 0.906926 581 40 704 145
1 0.906728 948 974 1193 1088
1 0.90491 1197 965 1343 1080
1 0.904056 1344 960 1491 1077
1 0.903914 1850 943 1991 1055
3 0.903762 946 638 1189 751
2 0.902701 183 72 372 181
3 0.90226 688 871 790 979
2 0.902075 2162 0 2381 76
2 0.901868 1991 936 2128 1053
2 0.90161 0 195 175 300
3 0.900929 2198 282 2415 377
1 0.900252 438 988 555 1093
2 0.899578 1794 81 1936 178
2 0.898262 1460 0 1684 92
3 0.898155 946 752 1190 864
2 0.896755 2184 179 2404 279
3 0.896391 1493 840 1728 959
1 0.896367 134 994 334 1094
3 0.896316 560 875 684 984
3 0.896303 1193 741 1339 852
1 0.895998 1495 954 1734 1071
3 0.895158 2237 700 2471 816
3 0.894636 1194 854 1340 964
3 0.894514 2242 817 2478 924
3 0.894388 438 876 555 985
3 0.893903 1834 607 1968 715
2 0.893687 1471 188 1691 297
2 0.89355 950 21 1177 121
2 0.893527 1465 90 1687 196
3 0.893021 687 761 791 869
3 0.892744 0 890 135 992
2 0.892543 2510 78 2642 178
3 0.892541 795 869 942 977
3 0.891904 1201 1084 1346 1196
2 0.891199 1186 196 1322 305
3 0.890707 1729 831 1844 947
2 0.89053 948 220 1180 319
3 0.890155 796 536 942 646
3 0.889462 1331 302 1467 404
2 0.889399 166 266 357 376
2 0.889122 1322 96 1463 197
2 0.888934 1326 196 1465 303
3 0.888703 1473 295 1695 398
3 0.888602 2130 933 2250 1046
3 0.887838 687 1094 792 1202
2 0.887822 1 285 166 392
2 0.887752 2385 77 2522 177
2 0.887462 1981 713 2111 822
3 0.887383 1340 733 1485 848
3 0.887316 0 787 139 888
3 0.887248 1190 627 1335 741
2 0.886939 1931 79 2063 177
3 0.886715 796 649 942 758
2 0.886522 1321 0 1458 97
3 0.886319 1483 619 1717 729
2 0.886268 2056 78 2180 176
3 0.88607 1489 730 1721 841
2 0.885982 2065 177 2190 281
3 0.885148 439 768 556 876
2 0.884833 949 120 1177 220
2 0.884627 574 230 696 339
2 0.884568 803 126 944 232
3 0.884419 1829 498 1961 604
3 0.883911 950 320 1180 420
2 0.883904 2397 177 2532 277
2 0.883648 1804 176 1940 291
3 0.883464 688 540 788 648
3 0.883306 2207 381 2425 483
2 0.88316 465 51 581 155
3 0.882349 695 330 794 434
3 0.882042 1189 518 1331 628
2 0.882018 2497 0 2629 77
3 0.881993 687 652 790 759
3 0.881604 1479 507 1710 619
3 0.881499 0 480 147 580
3 0.881406 336 878 435 988
2 0.881227 457 248 575 352
3 0.880855 134 886 334 991
3 0.880628 0 995 133 1097
3 0.880389 2083 281 2199 381
2 0.880351 704 29 805 134
2 0.88032 806 25 945 129
2 0.880254 699 132 802 233
2 0.880058 2374 0 2508 75
3 0.879728 0 583 144 684
2 0.879006 1 110 181 205
3 0.878824 691 437 790 536
3 0.878751 1498 1071 1737 1194
1 0.878608 560 987 682 1092
3 0.877964 1332 407 1473 516
3 0.877956 134 1101 334 1204
2 0.877806 802 228 943 331
3 0.877665 1189 307 1324 407
2 0.877638 370 60 467 165
3 0.877512 0 683 141 787
3 0.877461 137 778 336 888
3 0.877325 2113 712 2234 819
3 0.877248 1477 399 1703 507
1 0.877036 1734 946 1850 1062
3 0.876652 1337 625 1480 736
2 0.876602 1184 106 1321 196
2 0.876568 696 231 799 337
3 0.876437 949 426 1181 526
3 0.876172 143 676 337 782
3 0.875728 2135 1049 2256 1161
3 0.875377 2250 925 2480 1038
3 0.875331 1334 517 1476 625
3 0.875038 1347 1077 1497 1195
3 0.87497 336 771 435 877
2 0.874739 1681 0 1793 84
1 0.87459 689 985 791 1087
1 0.874553 336 989 433 1092
3 0.874485 572 333 688 438
3 0.87444 796 759 943 867
3 0.873714 439 661 557 767
2 0.873477 1693 172 1806 289
3 0.873411 147 570 341 676
3 0.873143 2125 824 2243 929
3 0.872285 561 1097 682 1206
3 0.872263 567 440 683 545
2 0.871991 1789 0 1923 82
3 0.871574 1844 828 1984 940
3 0.871546 457 342 569 450
3 0.871363 948 866 1192 972
3 0.871095 0 384 157 478
2 0.870723 462 152 578 254
3 0.870602 561 764 682 873
3 0.869231 1189 411 1327 517
3 0.868922 1856 1060 1996 1173
2 0.868703 2524 177 2653 277
3 0.868296 354 351 450 453
3 0.867671 438 1099 558 1209
3 0.867585 2475 805 2604 913
2 0.8671 1184 0 1318 104
2 0.866499 2051 0 2169 74
3 0.866464 2258 1034 2482 1150
3 0.866222 444 555 560 661
3 0.866075 1816 285 1946 388
3 0.865589 1706 389 1819 496
2 0.865488 1969 493 2094 603
3 0.865174 1738 1067 1854 1181
3 0.86469 2557 372 2685 479
3 0.864578 798 432 942 536
2 0.864547 1977 603 2101 712
3 0.864391 801 324 942 431
3 0.864365 1724 722 1837 829
3 0.864298 151 472 345 573
3 0.864133 1700 286 1812 388
2 0.863552 1687 83 1801 173
3 0.862792 2426 376 2555 480
3 0.861874 563 657 682 762
3 0.861844 2262 1148 2484 1306
2 0.861561 173 169 366 277
3 0.861231 2107 602 2225 707
3 0.861168 2412 276 2544 374
3 0.860613 339 665 436 771
3 0.860229 1840 719 1976 826
3 0.860106 159 363 350 473
2 0.860104 1920 0 2055 79
3 0.859393 1719 609 1829 717
3 0.858618 1823 389 1954 496
3 0.857287 797 1096 946 1203
3 0.857016 449 451 563 555
2 0.856661 1955 281 2081 385
2 0.856351 363 158 463 254
2 0.854893 579 140 700 235
3 0.853742 564 546 680 654
1 0.850779 2479 914 2606 1024
3 0.850772 336 1099 435 1207
3 0.850745 2093 384 2206 486
3 0.850156 349 456 444 558
3 0.849213 2099 490 2208 600
2 0.848276 358 250 458 356
3 0.847958 2482 1021 2614 1135
3 0.847782 2227 598 2465 700
3 0.847687 0 1104 133 1200
3 0.847305 2216 486 2444 598
3 0.847294 1712 499 1824 605
3 0.84708 2141 1164 2258 1302
2 0.845172 1945 178 2068 282
3 0.844354 2485 1135 2618 1252
3 0.843791 2567 482 2687 588
3 0.8415 1986 825 2122 936
3 0.839496 345 559 439 661
3 0.838436 2590 687 2688 797
3 0.836972 2544 275 2666 371
3 0.831934 2472 691 2590 805
2 0.823891 2632 82 2688 182
3 0.819217 2469 591 2574 688
3 0.80959 2007 1175 2139 1315
2 0.809411 2621 0 2688 87
3 0.806781 2578 588 2685 685
3 0.802812 337 1214 435 1325
3 0.801992 2599 795 2688 903
3 0.801308 2449 483 2566 591
1 0.793666 2611 901 2688 1011
3 0.790748 1340 847 1489 961
3 0.788417 1860 1179 1998 1228
2 0.775652 1204 1199 1346 1284
3 0.775067 1742 1182 1856 1230
3 0.772729 2618 1011 2688 1125
2 0.768999 2650 178 2688 282
3 0.768854 2000 1053 2135 1168
3 0.75736 1353 1201 1497 1309
3 0.730216 2663 276 2687 370
2 0.705263 2623 1125 2688 1286
2 0.618271 1963 384 2089 491
3 0.536445 1499 1192 1741 1232
