3 0.912251 1496 1075 1736 1194
2 0.911009 1462 90 1688 198
1 0.90966 947 979 1192 1090
3 0.908288 686 875 787 980
1 0.90639 793 983 944 1094
3 0.905791 1337 735 1484 852
3 0.904824 1489 845 1727 962
2 0.904768 2168 77 2391 178
3 0.903438 2194 282 2416 378
1 0.902629 687 985 788 1093
3 0.902124 1728 838 1843 951
2 0.901894 2379 77 2521 176
2 0.898398 2179 179 2400 279
3 0.898383 436 771 557 879
2 0.897934 1465 189 1689 298
2 0.897784 945 19 1178 125
1 0.897565 1196 968 1341 1085
2 0.897555 1791 82 1930 179
1 0.897285 1494 957 1731 1074
1 0.896051 1851 945 1989 1058
2 0.895689 2159 0 2380 78
3 0.895081 791 652 941 761
3 0.895066 791 870 943 980
2 0.894879 164 267 355 383
2 0.894636 2504 79 2641 176
2 0.894518 1183 199 1323 311
3 0.894203 136 783 335 889
3 0.894172 790 760 942 869
3 0.893478 0 894 133 992
3 0.893416 943 639 1188 754
2 0.893303 2055 79 2178 178
3 0.893277 130 1101 331 1207
2 0.893042 1179 2 1319 109
1 0.893032 132 994 332 1099
3 0.892989 1481 620 1718 733
3 0.892899 686 765 787 873
2 0.892393 1 194 173 301
3 0.892066 1191 742 1337 854
2 0.891911 2369 0 2505 75
3 0.891858 1486 732 1722 847
2 0.891627 1800 178 1934 291
2 0.891218 1321 98 1461 204
3 0.890747 1331 516 1475 629
3 0.89062 945 751 1191 864
2 0.890506 578 45 700 150
3 0.890215 1189 630 1334 747
1 0.89011 1344 964 1492 1079
3 0.88982 1329 303 1466 409
3 0.889623 687 546 787 655
2 0.889322 179 79 373 188
3 0.889162 0 790 137 892
2 0.888643 1993 939 2121 1055
3 0.888614 0 584 143 684
1 0.88845 561 987 685 1095
3 0.888416 1194 854 1339 969
3 0.888414 1470 297 1694 399
2 0.888274 1324 200 1463 306
2 0.887917 0 286 165 395
3 0.887521 560 768 685 875
3 0.886842 793 538 940 652
3 0.88623 689 439 789 546
3 0.885987 687 656 787 763
2 0.885953 462 55 580 160
2 0.885211 798 126 943 233
3 0.885139 948 1096 1195 1207
2 0.884944 1457 0 1684 98
2 0.884923 2392 177 2530 277
3 0.884356 336 776 435 881
3 0.884327 560 879 684 984
2 0.884218 1929 81 2062 179
2 0.8842 452 248 575 359
3 0.883908 2236 704 2472 817
3 0.883891 1475 401 1703 511
2 0.883479 693 133 802 237
3 0.883429 134 890 334 992
2 0.883106 944 117 1179 223
3 0.882669 1477 509 1710 622
3 0.88239 1724 726 1836 837
2 0.881961 2493 0 2629 79
3 0.881674 1826 501 1960 608
3 0.881615 2207 381 2426 480
2 0.880806 570 233 694 345
2 0.880653 1692 177 1802 289
2 0.880647 2063 179 2186 281
2 0.880625 699 32 802 138
3 0.880495 560 1100 684 1207
3 0.880262 2242 815 2478 927
2 0.878344 173 171 364 282
3 0.877977 1336 627 1480 739
3 0.877843 1188 521 1330 632
3 0.877798 942 527 1185 641
3 0.877711 1834 610 1968 718
3 0.877562 0 689 139 788
2 0.8774 367 61 466 166
3 0.877299 438 661 558 773
2 0.877128 943 217 1181 323
2 0.877086 456 152 579 262
3 0.87706 434 881 558 986
3 0.876887 2125 936 2248 1049
1 0.876725 1732 950 1850 1063
3 0.876692 2249 925 2477 1039
3 0.876254 1348 1081 1495 1196
2 0.875963 691 229 799 341
2 0.875583 1 114 178 207
3 0.875412 0 484 148 584
2 0.874814 797 226 942 335
3 0.874752 1699 289 1809 392
3 0.874642 1738 1066 1855 1187
2 0.874594 2047 0 2167 78
3 0.874087 1183 310 1324 413
3 0.874068 1845 834 1982 943
3 0.873591 1 385 155 480
3 0.87357 1857 1065 1995 1177
3 0.872547 1197 1087 1346 1198
3 0.872537 2121 826 2241 931
3 0.872186 1330 409 1472 518
3 0.871581 2256 1036 2478 1152
3 0.871562 1187 412 1327 523
3 0.871356 693 334 791 438
3 0.870966 945 319 1182 426
3 0.870938 2106 603 2226 708
2 0.870495 1686 85 1796 178
3 0.870479 141 682 338 783
2 0.870143 355 254 457 363
3 0.869826 2477 803 2598 914
2 0.869385 1786 0 1921 83
3 0.869276 146 573 339 680
3 0.86859 795 433 940 540
3 0.868299 0 1104 129 1208
3 0.868242 797 327 941 435
3 0.867852 151 472 345 576
3 0.867609 339 668 437 776
3 0.867556 795 1097 947 1207
2 0.867223 2519 177 2648 276
3 0.867088 2425 379 2551 477
3 0.86706 1719 616 1831 722
3 0.866988 2115 713 2235 822
3 0.866896 347 459 443 562
3 0.866237 568 339 687 444
2 0.865986 1318 0 1458 102
3 0.865956 1811 286 1945 391
2 0.865483 1680 0 1791 86
3 0.86518 564 443 685 550
3 0.864354 2130 1050 2255 1166
3 0.864187 446 451 561 560
3 0.864172 443 556 559 663
3 0.863927 685 1099 793 1206
3 0.862871 563 550 684 658
2 0.862724 1980 715 2111 827
3 0.862424 941 425 1184 531
3 0.862403 2082 282 2198 384
3 0.861809 2409 279 2544 375
2 0.861302 1964 494 2094 606
2 0.860437 1938 181 2067 282
3 0.859802 1712 500 1824 611
2 0.859782 1181 104 1320 203
3 0.859146 451 347 567 457
2 0.859134 1918 0 2055 80
2 0.858895 801 28 944 131
3 0.858505 1706 393 1815 499
2 0.858012 360 159 462 264
2 0.857992 1946 282 2081 387
3 0.857431 1819 392 1952 499
3 0.857316 2479 1024 2612 1139
3 0.856454 352 354 449 459
3 0.85444 1840 722 1977 831
2 0.851685 1974 604 2101 714
3 0.850835 159 364 348 477
3 0.849239 2229 596 2463 706
3 0.848098 335 883 432 987
3 0.847694 1956 388 2091 494
1 0.84667 2479 912 2603 1024
3 0.846539 561 662 685 766
3 0.845397 341 561 440 668
3 0.84482 2259 1153 2487 1308
3 0.840669 2093 386 2205 489
2 0.840531 574 140 697 246
3 0.840482 0 1000 129 1100
3 0.83854 2099 491 2210 601
3 0.837962 2564 480 2686 585
3 0.828337 2482 1138 2616 1250
2 0.826081 2631 84 2688 178
3 0.825138 2586 689 2688 798
3 0.824139 332 1213 436 1326
3 0.820338 2539 276 2657 375
3 0.819896 2215 484 2437 594
3 0.819636 2473 694 2586 804
3 0.818237 2615 1013 2688 1127
3 0.816025 2577 585 2687 690
3 0.81378 2471 589 2574 693
3 0.811226 2553 377 2682 475
2 0.804013 2645 179 2688 278
3 0.802885 947 864 1192 976
2 0.800051 2619 0 2688 86
1 0.783477 2602 903 2688 1013
2 0.766158 1204 1200 1347 1246
3 0.763557 2657 278 2688 377
3 0.757668 2141 1172 2257 1316
2 0.756701 2000 1058 2129 1171
3 0.751331 2443 478 2564 590
1 0.723342 436 989 557 1098
2 0.707493 2006 1182 2136 1317
1 0.687795 333 990 433 1098
3 0.680482 434 1103 559 1206
3 0.63871 333 1101 558 1206
3 0.626065 332 1101 433 1204
2 0.611818 1987 830 2116 940
3 0.611376 2593 796 2688 906
1 0.604366 1339 851 1488 964
1 0.602679 335 989 557 1099
3 0.566041 371 880 558 987
2 0.532239 2622 1129 2688 1256
2 0.517782 2623 1128 2688 1342
