3 0.914815 1460 733 1669 830
2 0.912718 2055 255 2243 345
2 0.907486 1201 104 1321 200
3 0.905994 141 872 310 958
3 0.905926 1459 637 1663 735
2 0.905506 1437 89 1633 187
3 0.903828 999 659 1208 755
3 0.903672 869 571 999 665
2 0.903637 1004 118 1202 214
2 0.903312 328 418 495 517
3 0.900926 1330 553 1457 643
2 0.900754 1320 189 1444 275
2 0.900599 999 292 1204 383
3 0.900273 870 854 1000 948
3 0.899585 1465 829 1674 929
2 0.899398 1322 273 1447 365
2 0.899196 1718 88 1839 177
3 0.898702 1456 544 1659 640
3 0.897047 1469 928 1677 1026
3 0.897012 309 958 480 1048
3 0.896976 1335 738 1464 832
3 0.896688 1000 846 1213 943
3 0.896001 154 605 321 699
2 0.894505 2047 170 2234 257
2 0.894475 1318 99 1440 193
3 0.894055 1448 356 1646 451
3 0.893466 870 665 1000 760
2 0.893245 2235 252 2357 344
3 0.89323 138 959 310 1047
2 0.893073 1444 266 1640 359
2 0.892531 2439 174 2615 265
3 0.892453 870 760 1000 854
2 0.892284 1884 714 1999 814
2 0.892044 579 316 684 411
2 0.891954 1891 907 2011 1008
3 0.89195 1452 452 1654 545
3 0.891641 477 956 563 1047
3 0.891547 667 952 779 1045
2 0.891029 1948 169 2056 258
3 0.890645 308 867 479 957
3 0.890634 1000 750 1211 848
3 0.890538 144 783 314 872
3 0.890385 1758 629 1879 724
3 0.890163 998 565 1206 660
3 0.890159 1767 820 1889 917
3 0.889704 311 778 481 868
3 0.889599 869 480 998 573
3 0.889436 53 700 152 788
3 0.888866 776 857 871 949
2 0.888806 2345 252 2462 344
3 0.888747 1000 943 1217 1040
3 0.888621 1328 459 1452 550
3 0.88856 1005 1041 1219 1139
2 0.888406 1838 170 1956 259
3 0.888346 567 676 670 770
3 0.88823 776 761 871 856
3 0.887902 148 695 317 786
3 0.887642 1762 723 1884 819
3 0.887614 1210 838 1340 939
3 0.887531 1326 362 1448 457
3 0.887462 1000 379 1204 472
2 0.8873 573 405 679 502
3 0.887186 1339 834 1467 932
3 0.887076 1665 728 1765 824
3 0.8868 0 873 51 958
3 0.886766 1204 465 1328 557
2 0.886407 1880 621 1992 715
3 0.885959 1998 715 2106 810
3 0.885862 782 483 870 574
3 0.885757 1772 915 1891 1014
2 0.885739 783 304 876 397
3 0.885411 998 470 1204 566
3 0.885233 1340 931 1470 1029
3 0.884919 1214 935 1342 1034
2 0.884708 877 130 1004 220
3 0.884621 310 1049 480 1142
2 0.884616 874 213 1003 306
3 0.884368 315 595 487 692
3 0.884366 671 577 780 673
3 0.884221 1202 368 1326 464
3 0.884069 570 583 672 678
3 0.883828 1333 644 1460 740
3 0.883648 1674 922 1775 1017
3 0.883318 313 686 483 781
2 0.882968 2453 257 2628 347
2 0.882318 872 299 1000 392
3 0.882289 1205 557 1332 651
3 0.882243 1747 439 1864 533
3 0.882209 671 672 778 766
3 0.882066 1662 634 1762 729
3 0.881999 668 1046 778 1140
3 0.881742 2009 903 2117 1002
3 0.881473 775 951 871 1044
3 0.881409 2114 894 2312 997
3 0.881236 48 957 141 1046
2 0.881188 1942 86 2045 171
2 0.881096 2225 169 2346 256
3 0.881007 870 949 1002 1042
3 0.880894 2088 523 2281 620
3 0.880794 49 1045 139 1130
2 0.880623 1957 256 2063 346
3 0.880509 0 702 56 789
3 0.880437 2110 804 2310 899
3 0.880329 50 872 143 957
3 0.88021 1678 1017 1780 1123
2 0.880161 687 140 793 236
3 0.879932 1753 534 1871 630
3 0.879858 484 588 571 682
3 0.87982 480 679 568 774
3 0.879651 565 768 670 860
2 0.879484 1441 184 1637 270
2 0.879445 582 234 687 326
2 0.879416 501 242 589 331
3 0.879214 1778 1013 1894 1120
3 0.879128 2005 809 2113 904
2 0.87912 679 308 786 405
3 0.879023 1658 538 1756 633
3 0.878898 2066 343 2257 431
3 0.87882 2312 883 2421 983
2 0.878477 2333 167 2450 257
3 0.878366 564 859 670 953
3 0.878362 777 667 871 761
2 0.878358 588 149 692 243
3 0.878072 669 765 778 857
2 0.877984 1731 257 1851 351
2 0.877895 491 408 580 506
2 0.877746 1848 257 1964 348
3 0.877142 1208 743 1338 841
2 0.877007 791 133 881 226
3 0.876988 562 953 669 1046
3 0.876903 777 1046 871 1138
2 0.876882 1725 175 1845 261
2 0.876744 335 331 501 434
3 0.875924 1992 621 2099 714
3 0.875823 667 858 779 952
3 0.875783 0 788 53 875
2 0.875766 1872 527 1986 622
2 0.875578 2038 86 2223 172
3 0.875401 0 616 63 704
3 0.875166 779 573 869 667
3 0.87514 2077 431 2268 523
3 0.875014 1889 813 2006 910
3 0.874966 2104 706 2303 806
3 0.874851 1670 825 1771 923
3 0.874832 2118 986 2314 1092
3 0.874521 1207 648 1334 747
3 0.874517 562 1047 671 1142
2 0.874301 1857 345 1971 436
2 0.874155 186 182 354 284
3 0.874039 2362 340 2474 429
2 0.873965 1202 276 1324 371
3 0.873212 871 388 998 481
3 0.872854 475 863 565 954
2 0.872496 1830 87 1949 174
2 0.872463 2413 13 2587 104
2 0.872125 1628 88 1725 180
3 0.871857 1473 1023 1679 1136
2 0.871354 2426 92 2602 182
2 0.871323 342 252 506 344
2 0.871173 786 219 878 311
3 0.870984 59 613 157 703
3 0.870425 158 521 324 613
2 0.870248 506 157 592 250
3 0.870034 51 787 147 873
3 0.869857 783 392 872 485
3 0.86935 2250 341 2367 430
2 0.869279 1864 435 1978 528
2 0.868925 496 322 584 413
2 0.868778 1639 256 1737 352
3 0.868746 2468 342 2641 427
3 0.868273 2307 790 2416 888
3 0.868181 2411 784 2520 883
3 0.868155 676 399 782 492
2 0.868133 94 201 192 293
3 0.867844 322 506 489 602
3 0.867656 673 490 781 580
3 0.866454 1893 1007 2018 1118
2 0.86597 1635 176 1731 259
2 0.865662 0 448 80 543
3 0.865449 1978 432 2082 526
2 0.865371 168 353 337 447
3 0.865348 871 1046 1004 1137
2 0.865267 2310 8 2423 93
3 0.865164 489 498 574 592
3 0.863528 1740 349 1858 439
3 0.863425 2417 876 2524 976
2 0.863266 1003 202 1202 298
3 0.863182 139 1048 311 1137
3 0.863043 2093 615 2294 711
3 0.862764 0 957 49 1044
2 0.862097 2215 86 2333 172
2 0.861925 682 227 790 316
2 0.861721 86 283 184 372
2 0.861414 3 291 96 379
3 0.861401 2277 518 2383 614
2 0.861253 176 268 344 367
3 0.861148 571 494 674 586
2 0.861099 348 168 510 265
3 0.860129 2478 426 2652 512
3 0.859992 1984 525 2088 622
2 0.859532 1202 194 1322 281
2 0.859257 10 208 104 304
3 0.859255 0 532 68 621
3 0.859207 478 773 567 864
3 0.859123 1644 351 1743 442
3 0.859 2262 430 2372 519
2 0.858814 0 365 88 456
3 0.858596 1218 1033 1344 1135
3 0.858084 2312 975 2425 1080
2 0.857318 2322 85 2436 173
3 0.85688 478 1049 565 1141
3 0.855896 2425 967 2531 1069
3 0.855869 2488 512 2659 607
2 0.855492 71 443 168 537
3 0.855481 2402 691 2512 787
3 0.854245 0 1044 49 1128
3 0.853564 565 1147 674 1290
3 0.853395 2377 515 2490 608
3 0.8533 2497 607 2665 694
3 0.852426 1652 443 1749 539
3 0.852394 2014 999 2121 1103
2 0.851815 2207 7 2321 92
3 0.850281 66 526 162 617
2 0.848374 164 437 330 527
3 0.846555 2390 606 2498 695
2 0.846425 79 362 174 453
3 0.845111 1969 343 2073 434
3 0.844518 2370 427 2482 516
3 0.840743 2291 610 2395 699
3 0.839872 2300 695 2408 794
3 0.839579 2509 692 2685 783
3 0.836109 1343 1029 1474 1128
3 0.83028 2517 781 2687 874
2 0.783101 49 1129 140 1216
3 0.778067 0 1131 49 1223
3 0.777925 2123 1083 2316 1217
3 0.768846 2525 868 2688 967
3 0.767837 2531 958 2688 1061
3 0.766744 2313 1074 2426 1169
3 0.741613 1894 1115 2019 1205
3 0.741019 2020 1104 2122 1197
2 0.729202 873 1137 1003 1194
2 0.648103 0 221 21 307
2 0.632911 779 1138 871 1182
2 0.580145 2029 14 2213 92
3 0.535552 479 1146 566 1242
