1 0.921734 1343 931 1470 1028
2 0.91355 1439 91 1634 187
3 0.91125 1461 732 1668 828
3 0.908311 1459 636 1662 734
3 0.90481 998 656 1210 752
1 0.904766 1470 926 1675 1025
3 0.904192 148 602 321 693
2 0.903631 350 162 513 264
3 0.903521 144 691 318 783
3 0.902916 142 870 311 956
2 0.901907 1003 117 1202 213
2 0.901614 1721 89 1840 180
1 0.901564 1003 942 1214 1037
3 0.901409 1333 642 1461 739
3 0.900887 776 855 870 948
2 0.900629 331 418 495 515
2 0.900327 1894 909 2011 1008
2 0.900307 1202 103 1322 200
3 0.89885 869 851 1000 947
1 0.898133 1216 936 1344 1032
2 0.898015 1324 272 1446 365
2 0.897368 2048 171 2237 260
2 0.896817 1001 291 1205 381
2 0.89671 1321 98 1442 193
3 0.895867 870 569 998 665
3 0.895396 1457 541 1659 638
2 0.894735 1885 714 2001 814
3 0.894269 869 664 999 758
2 0.89424 1628 90 1728 182
3 0.894169 1769 818 1889 913
3 0.894104 1473 1022 1679 1129
2 0.894035 590 146 691 242
3 0.893915 1466 829 1673 926
3 0.893414 870 756 1000 853
3 0.893169 870 1043 1005 1137
3 0.892812 139 959 311 1046
2 0.892507 2056 258 2246 345
3 0.892435 481 678 568 770
3 0.892207 144 780 315 870
3 0.892032 309 865 482 956
3 0.891302 563 857 669 953
2 0.891272 1943 89 2047 175
3 0.890917 310 957 481 1047
3 0.890899 49 1043 141 1128
2 0.890372 2441 177 2624 268
2 0.889978 688 138 795 233
2 0.889899 786 302 878 396
3 0.889847 777 759 870 855
2 0.889845 1445 267 1641 360
3 0.889815 1328 361 1449 457
3 0.889503 312 775 483 867
2 0.889365 791 132 882 226
3 0.889298 1332 549 1458 643
3 0.889255 2109 805 2311 899
3 0.889236 1336 737 1464 831
3 0.889193 666 951 779 1045
2 0.889117 1322 189 1445 275
3 0.888892 1779 1014 1898 1116
3 0.888886 1000 846 1212 941
2 0.887879 2227 171 2347 260
3 0.887418 998 751 1211 846
3 0.887182 565 764 670 859
3 0.886775 1005 1039 1218 1138
2 0.886417 2454 259 2633 348
3 0.886201 2000 714 2102 810
3 0.886129 2068 344 2259 433
3 0.886079 999 468 1206 564
2 0.885927 1842 173 1960 263
2 0.885832 879 127 1004 219
3 0.885392 50 870 144 957
3 0.885351 871 478 998 570
3 0.885197 1666 727 1765 822
3 0.88514 778 666 869 759
1 0.885104 1774 913 1894 1013
2 0.884747 876 213 1003 305
3 0.884709 1754 534 1871 629
2 0.884638 576 403 679 498
2 0.884584 2429 96 2613 187
2 0.884529 2334 171 2451 261
3 0.88447 1970 344 2075 435
2 0.884408 336 329 501 432
3 0.884301 672 576 780 670
3 0.884249 1453 450 1654 544
2 0.884146 1733 258 1851 353
3 0.884107 1000 377 1206 472
3 0.883669 2010 906 2116 1003
3 0.883595 666 857 780 951
3 0.883514 670 670 779 763
2 0.883355 1833 90 1952 177
3 0.883044 1890 813 2007 909
1 0.882912 1674 919 1775 1015
1 0.882298 870 947 1003 1039
3 0.882241 998 563 1208 659
3 0.882142 1760 629 1879 722
2 0.881903 2040 89 2227 173
2 0.881821 1959 258 2065 348
3 0.881585 0 871 51 958
3 0.881375 1764 723 1883 817
3 0.881115 1676 1017 1781 1120
2 0.880967 1443 183 1637 271
3 0.880946 1205 462 1330 556
2 0.880658 2238 256 2356 344
2 0.880592 875 299 1001 391
3 0.880469 309 1048 480 1136
3 0.880438 2464 342 2647 429
3 0.880305 567 675 670 767
2 0.880144 171 349 337 446
3 0.880138 479 954 565 1046
3 0.880125 2079 433 2267 525
3 0.880004 1747 439 1865 535
2 0.879642 1848 259 1967 350
3 0.879596 570 582 672 675
3 0.879443 1899 1007 2017 1115
3 0.879363 2360 340 2472 430
2 0.879197 185 184 352 284
2 0.879141 1881 621 1994 717
3 0.878929 874 386 998 479
3 0.878861 0 610 62 700
2 0.878814 1951 171 2058 261
3 0.87876 1449 357 1647 451
3 0.878743 2114 897 2315 994
2 0.8786 96 199 193 292
3 0.878215 782 481 870 572
2 0.87812 343 249 507 345
2 0.877814 581 315 683 412
3 0.877645 1330 457 1453 550
3 0.877542 1994 620 2095 714
3 0.87752 1206 366 1326 463
2 0.877469 2217 89 2335 174
2 0.877261 1874 528 1988 623
3 0.876804 1208 646 1335 746
3 0.876627 2477 428 2659 521
3 0.876165 668 762 779 857
3 0.876127 56 694 147 784
3 0.875942 1211 838 1340 937
3 0.875939 1205 554 1333 649
2 0.875831 1856 346 1973 437
3 0.875584 667 1047 779 1137
3 0.875523 48 957 142 1044
3 0.875488 2252 340 2366 431
3 0.875471 2103 707 2303 805
3 0.875381 563 952 668 1047
2 0.875127 2322 91 2439 176
2 0.874994 509 153 595 249
2 0.874731 1205 275 1325 371
3 0.87456 485 585 571 678
3 0.874546 0 782 54 871
3 0.874312 1658 538 1756 632
3 0.874186 1208 742 1338 839
2 0.873583 681 305 788 401
2 0.873354 2346 255 2460 345
3 0.873167 1987 526 2088 621
3 0.872459 1741 349 1857 440
2 0.872288 1003 203 1202 298
3 0.872185 564 1047 669 1139
2 0.87216 1726 176 1847 264
3 0.871774 2382 518 2488 612
3 0.871668 318 593 487 689
2 0.871514 179 268 344 365
3 0.87146 1978 434 2082 527
3 0.870736 2087 525 2281 620
2 0.869982 789 219 880 309
3 0.869965 315 685 484 777
3 0.869687 142 1048 309 1134
3 0.869557 1219 1032 1346 1132
2 0.869378 585 232 688 327
3 0.868814 779 571 868 665
3 0.86846 2015 1002 2122 1105
3 0.868416 785 389 873 482
3 0.868118 2318 976 2424 1080
3 0.868033 2094 618 2293 711
3 0.867719 2120 988 2319 1091
2 0.867304 1865 436 1980 528
3 0.867297 480 768 567 860
3 0.867281 155 517 325 608
2 0.8672 2031 8 2217 94
3 0.866319 2006 810 2110 906
3 0.866255 0 696 58 785
3 0.86607 60 607 150 698
3 0.865359 52 782 146 870
2 0.865188 1204 194 1324 280
1 0.864806 2526 871 2688 965
2 0.864743 49 1128 142 1216
3 0.864538 0 957 49 1043
3 0.864197 0 1043 48 1126
2 0.864165 2414 13 2601 107
2 0.863639 1634 177 1734 262
3 0.863075 675 487 781 581
3 0.862364 479 862 565 953
2 0.861783 1638 258 1739 352
3 0.861721 2488 519 2669 612
3 0.861565 2277 520 2387 615
3 0.86143 1345 1029 1474 1127
3 0.860526 1654 441 1750 538
3 0.860159 1670 823 1770 919
3 0.859549 2308 794 2416 886
2 0.859197 493 404 580 503
3 0.858144 2370 427 2480 520
3 0.857947 573 491 676 584
3 0.85738 65 522 160 613
3 0.856338 325 502 489 599
3 0.855906 490 494 575 588
3 0.855546 1646 349 1743 443
2 0.854022 1 363 87 457
3 0.853834 478 1047 566 1138
3 0.853817 2517 784 2688 873
3 0.853683 2318 1076 2427 1174
2 0.853212 10 206 106 303
2 0.852406 684 224 793 311
3 0.850294 678 394 784 488
2 0.85007 87 282 185 372
3 0.84998 2263 430 2374 522
2 0.849708 504 240 590 329
3 0.849338 2494 610 2678 697
2 0.849295 81 360 177 453
2 0.848388 75 442 170 534
3 0.847497 2423 968 2530 1071
3 0.84706 2509 695 2685 786
2 0.843725 3 292 96 375
2 0.841713 500 318 585 411
3 0.841207 2404 695 2512 790
3 0.839388 2393 609 2494 698
2 0.838746 2313 10 2427 97
3 0.83855 1662 633 1761 727
3 0.838374 2293 612 2396 701
3 0.838111 2301 698 2409 796
3 0.837765 2412 787 2521 879
3 0.8373 777 1045 870 1136
3 0.836626 0 528 67 617
3 0.834599 1905 1116 2018 1221
2 0.83443 164 435 331 526
2 0.827922 1936 7 2038 93
2 0.827468 2206 7 2324 97
1 0.827431 2419 876 2525 976
3 0.824544 2017 1106 2125 1234
3 0.823294 2125 1086 2320 1212
1 0.822443 2314 883 2418 981
3 0.809359 1681 1119 1783 1221
2 0.803626 1829 7 1943 94
3 0.789557 1782 1118 1906 1218
3 0.773998 2531 958 2688 1061
3 0.728493 0 1128 47 1217
3 0.727312 0 447 78 533
3 0.714493 1338 832 1467 932
3 0.701703 778 949 869 1042
2 0.632546 1006 1137 1219 1165
2 0.625532 0 213 20 303
2 0.554054 1006 1138 1217 1185
2 0.532014 2532 1055 2688 1174
2 0.516652 144 1138 308 1218
3 0.509454 478 1146 569 1236
