2 0.912136 1320 102 1457 204
1 0.908933 1494 960 1729 1077
1 0.908629 947 979 1196 1093
1 0.905733 793 985 946 1096
3 0.905481 941 643 1191 758
2 0.90191 2166 78 2391 179
2 0.900957 2378 79 2519 177
1 0.900905 559 992 683 1098
2 0.900158 578 46 699 152
2 0.899812 1461 94 1685 199
2 0.899119 0 197 174 309
3 0.898816 948 1097 1198 1209
2 0.898307 1464 201 1689 301
2 0.898159 1323 203 1461 308
3 0.896163 2128 933 2245 1049
1 0.895903 1347 963 1490 1079
2 0.89552 946 22 1175 127
2 0.895394 2177 179 2398 280
3 0.894839 434 775 558 884
2 0.894717 1177 4 1315 112
3 0.894282 558 1102 685 1218
3 0.89421 2192 283 2416 379
2 0.893935 694 137 799 243
3 0.893619 689 1101 792 1214
2 0.89324 568 240 693 351
2 0.892602 798 231 940 339
3 0.892369 687 547 786 657
3 0.891986 685 766 786 875
2 0.891896 799 130 942 237
1 0.891624 435 993 554 1097
2 0.891508 165 264 356 384
3 0.8914 791 764 941 870
2 0.891249 179 74 374 191
2 0.891043 2156 0 2378 80
1 0.89081 1200 968 1344 1086
1 0.890673 132 999 331 1105
3 0.890635 789 654 939 764
3 0.890515 1196 857 1341 969
3 0.889608 1485 735 1722 845
3 0.889224 433 1104 556 1219
3 0.888984 1339 736 1482 851
3 0.888911 560 772 683 880
2 0.887853 944 225 1178 325
3 0.887211 559 882 683 989
2 0.887022 462 56 579 161
3 0.886271 1498 1077 1732 1209
3 0.886202 1729 840 1841 952
3 0.885831 1470 301 1694 403
2 0.885714 2051 80 2178 181
3 0.88571 1482 621 1715 734
3 0.885384 794 434 938 544
3 0.884849 131 1108 331 1212
2 0.88468 1925 81 2061 182
3 0.884668 136 784 335 897
3 0.884121 690 441 787 544
1 0.883731 688 989 789 1094
3 0.883723 791 542 939 653
2 0.883555 0 291 167 400
2 0.883154 1317 2 1455 103
3 0.88279 2233 704 2470 817
3 0.882647 942 534 1188 646
2 0.882572 2367 0 2505 77
3 0.882163 943 324 1181 425
2 0.882048 1998 940 2122 1055
3 0.881638 944 759 1193 865
2 0.881483 2503 79 2640 177
2 0.881431 452 250 572 360
2 0.881327 699 37 799 141
2 0.88106 944 124 1176 229
2 0.880279 2391 177 2529 277
3 0.88013 1736 1068 1854 1181
2 0.880101 691 238 798 346
2 0.880016 369 64 465 169
3 0.880005 1834 610 1968 716
3 0.879963 2103 605 2219 711
2 0.879328 1180 108 1318 211
3 0.879123 1195 743 1338 859
3 0.878976 1194 633 1336 745
2 0.877911 2063 181 2186 284
3 0.877626 0 793 138 898
2 0.877362 1793 84 1932 184
2 0.877193 2492 0 2626 79
3 0.877189 1338 627 1477 739
3 0.876381 1490 844 1726 963
3 0.876322 437 663 558 777
3 0.876289 1478 511 1709 624
3 0.876004 434 884 556 990
2 0.87597 456 155 576 262
1 0.875832 333 995 431 1099
3 0.875567 0 587 144 691
2 0.875464 175 171 365 281
3 0.875315 2200 382 2424 485
3 0.875068 686 658 786 765
3 0.874886 2122 823 2237 931
3 0.874722 1193 522 1333 633
3 0.874198 1474 406 1701 515
2 0.874107 800 29 943 136
3 0.873579 1726 730 1834 836
2 0.873302 356 256 454 365
2 0.873228 572 146 697 248
1 0.871385 1734 955 1847 1062
3 0.871279 2112 713 2231 821
2 0.8704 1 108 177 211
3 0.870386 1329 307 1464 411
3 0.87009 942 430 1185 533
3 0.869698 145 577 338 688
3 0.869247 445 454 559 563
3 0.869241 140 683 335 790
3 0.868679 335 671 436 780
2 0.868676 1800 183 1936 293
2 0.868644 1935 183 2070 286
3 0.868641 1699 295 1808 393
3 0.868641 2479 1023 2609 1143
3 0.868403 567 344 686 449
3 0.868334 0 899 135 1000
3 0.86818 562 554 682 661
3 0.868062 0 489 150 590
2 0.867812 1981 606 2100 714
3 0.867778 0 692 141 796
3 0.867733 2222 598 2455 704
3 0.867693 1190 419 1329 523
3 0.86697 1349 1081 1496 1201
3 0.866711 1826 502 1960 607
3 0.866494 334 890 432 993
3 0.865813 332 1106 432 1214
3 0.865768 335 779 434 887
2 0.865765 1183 207 1321 313
3 0.864664 2091 389 2199 490
3 0.86444 1336 521 1474 630
3 0.864354 562 663 683 770
3 0.864112 441 559 558 668
2 0.86373 1942 285 2079 388
3 0.863264 2408 278 2545 377
3 0.863227 797 331 938 440
2 0.86316 1456 0 1681 96
3 0.863145 563 449 683 555
3 0.862728 1201 1089 1349 1202
3 0.861966 0 389 155 492
2 0.859323 359 162 461 266
3 0.859268 1332 412 1470 520
3 0.859057 693 340 791 440
2 0.85902 1986 716 2107 828
3 0.858469 2098 496 2208 605
3 0.858413 345 463 441 566
3 0.8581 150 477 342 580
3 0.857859 2248 1035 2478 1155
3 0.85769 2134 1047 2247 1159
3 0.857645 1719 616 1828 724
3 0.857368 2207 486 2439 602
3 0.856512 1711 503 1822 609
3 0.856018 351 357 449 466
2 0.855767 2517 177 2650 277
2 0.855751 2045 0 2165 78
3 0.8548 158 368 348 481
2 0.854567 1690 184 1801 293
3 0.853751 1706 397 1814 501
1 0.853362 1856 948 1987 1055
3 0.853162 796 1099 946 1209
3 0.853006 2239 814 2479 927
3 0.852971 134 894 334 996
1 0.852422 2485 914 2604 1024
3 0.850859 454 350 567 461
3 0.849737 1818 394 1952 499
3 0.847733 2078 284 2194 384
3 0.847404 1950 390 2087 495
3 0.847106 1860 1063 1991 1172
2 0.845213 1972 498 2092 606
3 0.844269 1841 723 1977 828
3 0.84425 1812 291 1942 391
3 0.843614 0 1107 131 1212
3 0.842429 1187 312 1324 416
3 0.840525 2477 802 2599 913
2 0.838555 1679 0 1790 88
2 0.837367 1787 0 1920 84
2 0.836536 1685 87 1796 182
3 0.834185 2614 1012 2688 1129
3 0.832634 2586 691 2688 800
3 0.832632 2564 482 2686 590
3 0.83202 340 564 439 675
3 0.83192 2425 378 2551 481
1 0.831219 1342 848 1487 963
3 0.831159 1847 831 1983 941
3 0.829196 2247 925 2479 1041
3 0.828905 2469 692 2585 804
3 0.828057 2540 278 2659 377
3 0.823729 2462 591 2572 692
3 0.820748 2445 481 2564 593
1 0.817644 2609 908 2688 1017
3 0.81399 2552 378 2672 476
2 0.812942 2616 1 2688 86
2 0.811527 2628 83 2688 180
3 0.807063 2576 589 2686 692
2 0.803029 2645 179 2688 278
2 0.800748 1918 0 2051 80
3 0.790506 2657 276 2688 378
3 0.789532 0 1003 131 1106
1 0.780076 792 870 944 981
3 0.739209 2599 796 2688 909
2 0.673396 6 1222 333 1414
2 0.657196 436 1228 559 1325
2 0.634728 1861 1183 1992 1230
1 0.633203 946 867 1194 978
2 0.62378 948 1211 1196 1316
2 0.618849 690 1218 793 1262
1 0.612043 687 877 787 983
2 0.602909 1737 1185 1856 1235
2 0.585839 1993 830 2114 942
3 0.58578 2663 379 2688 477
