1 0.923664 947 985 1192 1094
2 0.919345 1318 104 1459 207
1 0.918748 792 991 944 1098
2 0.918573 1321 204 1462 311
1 0.915362 1494 965 1731 1078
2 0.915344 1459 96 1686 203
1 0.91012 1195 976 1341 1088
2 0.906828 796 234 940 342
2 0.905594 801 30 942 138
2 0.904296 1463 198 1690 304
1 0.901981 1339 853 1487 968
3 0.901652 942 537 1186 649
1 0.901174 432 996 554 1101
3 0.901153 791 765 940 876
3 0.900756 941 649 1187 760
2 0.900431 1315 2 1456 107
1 0.900425 686 991 788 1095
3 0.898736 1188 637 1333 754
1 0.898107 132 1001 331 1105
3 0.8981 683 769 788 877
3 0.897735 1191 746 1336 863
2 0.897376 944 21 1178 131
1 0.896705 557 995 682 1100
2 0.896644 1180 110 1319 213
3 0.896593 1481 626 1718 736
3 0.896538 433 778 558 886
2 0.896127 2378 81 2518 180
3 0.895917 1486 736 1722 847
2 0.895229 0 293 167 399
2 0.895087 2505 80 2641 181
2 0.895016 1993 943 2123 1055
2 0.894739 700 37 801 144
3 0.894467 1334 630 1478 743
3 0.89442 2114 718 2234 823
2 0.894291 2168 81 2391 181
3 0.894253 1187 528 1329 641
2 0.893935 1178 6 1317 115
2 0.893648 942 221 1179 328
1 0.893521 1342 969 1490 1081
3 0.893325 1469 301 1697 405
3 0.892959 791 545 938 659
3 0.892322 1336 741 1484 855
2 0.892272 1180 208 1322 318
2 0.89178 2181 182 2401 285
3 0.891729 432 1108 557 1219
3 0.890973 687 1102 792 1213
3 0.890484 944 760 1189 869
3 0.88984 791 655 938 767
2 0.888717 0 197 174 310
1 0.888049 1851 951 1986 1061
2 0.887965 1792 87 1928 188
2 0.887963 165 268 355 384
3 0.887943 2106 608 2223 712
3 0.887826 948 1099 1198 1213
3 0.887628 558 1106 683 1215
3 0.886965 1825 504 1957 611
2 0.88674 2157 0 2377 81
3 0.886734 686 553 787 663
2 0.886587 569 243 693 354
3 0.886503 0 900 134 1002
3 0.886345 793 440 939 549
3 0.886094 1330 524 1473 632
2 0.88604 2366 0 2505 79
3 0.885971 2223 601 2458 709
3 0.885834 688 445 788 554
3 0.885822 437 669 557 778
3 0.885728 691 343 792 444
3 0.885637 135 787 335 894
1 0.885342 1736 958 1845 1064
3 0.885238 140 683 336 790
3 0.884995 685 661 787 769
3 0.884659 2195 285 2414 383
3 0.884618 942 433 1183 539
3 0.884301 1185 424 1327 531
3 0.883673 2127 938 2247 1049
3 0.883495 1833 615 1967 722
2 0.883187 942 124 1178 233
1 0.882995 946 870 1190 985
2 0.882932 691 241 799 348
1 0.882069 790 875 943 987
2 0.881833 452 251 573 365
2 0.881114 2391 180 2528 281
3 0.880617 560 773 681 881
3 0.879794 795 1103 944 1214
3 0.87934 130 1110 330 1213
1 0.879169 334 998 430 1102
3 0.879028 2235 708 2466 819
3 0.878865 1738 1067 1853 1185
2 0.878469 461 57 579 162
2 0.878462 1926 85 2061 185
3 0.878135 1328 415 1470 525
2 0.877817 456 157 575 262
2 0.877393 2063 182 2186 288
3 0.8773 941 326 1180 433
3 0.876835 1476 513 1712 626
2 0.876344 697 140 800 246
2 0.876319 1785 0 1918 88
3 0.875806 795 335 939 444
3 0.875279 144 578 341 688
3 0.875225 1472 406 1704 517
2 0.875163 580 49 699 154
3 0.874642 567 348 686 453
3 0.873986 0 696 140 798
3 0.873906 2255 1036 2478 1157
2 0.87352 1980 717 2109 826
3 0.873389 0 798 136 899
2 0.873362 1946 287 2076 391
3 0.873124 2132 1051 2252 1167
3 0.872639 1724 730 1834 840
3 0.872625 335 780 434 889
3 0.872301 1326 306 1465 416
3 0.871686 1182 313 1324 425
2 0.871397 172 176 363 283
3 0.871165 2482 1025 2611 1141
3 0.870502 561 666 683 773
2 0.870301 2489 0 2628 80
3 0.870294 1720 621 1829 728
2 0.869918 574 150 696 249
3 0.869828 1200 1090 1347 1203
3 0.869764 1496 1080 1734 1193
2 0.86976 2052 83 2176 183
2 0.869681 1689 186 1801 294
3 0.869619 444 456 561 567
3 0.869431 2099 495 2214 604
2 0.869349 1974 609 2100 717
3 0.869189 2122 828 2239 934
3 0.869123 562 560 683 664
3 0.869032 1347 1083 1493 1203
3 0.868914 2408 280 2540 378
3 0.86866 1 488 148 593
2 0.868543 366 65 464 171
3 0.867682 1193 860 1338 976
3 0.867154 1999 1057 2129 1181
3 0.866888 150 477 344 582
3 0.866864 158 370 348 479
3 0.866505 0 590 144 697
2 0.866073 355 258 455 367
3 0.866006 1699 293 1808 399
2 0.865796 1799 187 1934 293
2 0.86568 1964 499 2092 608
3 0.86552 441 562 559 673
2 0.865193 2519 180 2650 281
2 0.865059 2046 0 2166 81
2 0.86408 1936 186 2068 290
3 0.863825 2215 490 2440 602
2 0.863431 798 133 941 240
3 0.862635 335 674 436 783
2 0.862193 1683 88 1796 187
3 0.861157 1819 396 1950 504
2 0.861093 1677 0 1790 92
3 0.861043 0 1110 129 1213
2 0.860995 357 163 461 266
3 0.860857 1838 726 1974 832
3 0.860599 564 453 684 560
3 0.859752 2089 391 2205 493
3 0.85949 450 352 566 463
3 0.859458 351 359 448 467
3 0.859041 1730 844 1842 956
3 0.858285 2422 380 2549 484
3 0.857817 2077 286 2197 389
3 0.857344 332 1109 431 1217
3 0.856349 2206 385 2424 485
3 0.856214 342 568 439 677
3 0.855374 347 465 441 569
1 0.854782 2241 818 2476 929
3 0.853573 0 389 154 493
3 0.853139 1810 289 1944 396
3 0.851087 1857 1065 1989 1182
2 0.846741 1454 0 1682 102
3 0.846395 2553 377 2678 481
3 0.846006 1712 510 1824 617
3 0.843331 2469 696 2588 810
1 0.841249 2485 916 2603 1024
3 0.840557 1956 391 2084 498
3 0.839466 0 1006 130 1106
3 0.839454 2540 279 2661 377
3 0.835058 2587 692 2688 802
2 0.834822 2628 85 2688 187
3 0.834641 1707 400 1816 507
2 0.824002 2645 182 2688 287
3 0.822933 2465 593 2572 694
3 0.818771 2565 482 2684 589
3 0.816167 2447 483 2562 593
2 0.816074 2614 0 2688 89
1 0.81416 2477 811 2600 915
3 0.813961 2578 590 2687 690
2 0.808382 178 83 369 194
1 0.80473 683 879 788 988
2 0.804175 1916 0 2053 84
3 0.802237 2614 1020 2688 1131
1 0.80097 2609 906 2688 1017
3 0.800083 334 891 431 997
1 0.798405 433 887 556 994
1 0.795015 2597 801 2688 907
2 0.770655 1987 829 2115 942
3 0.755739 557 883 682 994
2 0.752593 2434 1457 2536 1515
1 0.751235 2247 927 2478 1045
2 0.743805 2540 1457 2633 1518
3 0.726775 2660 281 2687 381
1 0.724574 134 894 333 998
2 0.679501 0 116 177 212
3 0.645038 2247 926 2478 1044
2 0.617457 1202 1204 1346 1246
3 0.611687 1843 836 1978 946
2 0.592725 2484 1131 2613 1180
2 0.564507 132 1216 330 1276
3 0.557824 0 1215 129 1279
2 0.555953 2615 1130 2688 1223
3 0.553262 2259 1165 2473 1283
3 0.547765 1489 848 1728 963
2 0.540307 796 1220 943 1272
3 0.521385 1740 1188 1855 1235
2 0.510616 434 1225 560 1350
