2 0.911935 1439 92 1633 187
2 0.909625 1721 90 1840 180
1 0.908329 1342 931 1471 1028
3 0.903985 1460 637 1662 732
2 0.903948 350 163 513 263
3 0.903507 147 692 318 782
3 0.902697 1334 642 1461 737
3 0.9024 150 604 319 693
1 0.901813 1005 941 1214 1037
3 0.901558 142 870 312 956
3 0.900627 1463 732 1668 829
2 0.900323 1203 104 1322 200
2 0.899469 1003 116 1202 214
2 0.899289 332 418 495 514
1 0.899012 1471 927 1675 1025
3 0.898882 869 851 1001 946
1 0.898829 1216 936 1341 1031
3 0.898367 1458 542 1659 639
1 0.898259 869 947 1005 1039
3 0.897833 999 657 1210 752
3 0.897615 776 854 869 947
2 0.897511 1002 292 1205 380
2 0.897084 1885 714 2001 814
1 0.89683 312 957 479 1046
2 0.896507 2049 171 2238 260
2 0.896461 1629 91 1728 183
3 0.896449 566 858 669 950
2 0.896147 1321 100 1441 194
3 0.895299 313 775 484 866
3 0.895063 871 1043 1006 1139
3 0.895036 1327 362 1449 456
2 0.89472 1325 273 1447 365
3 0.893892 1332 549 1457 642
3 0.893774 138 959 311 1046
2 0.89254 1896 908 2012 1009
3 0.892509 869 664 999 758
2 0.892021 2059 258 2247 346
2 0.891815 2442 177 2624 268
3 0.89173 869 756 1000 853
3 0.891315 999 562 1208 658
3 0.890741 870 569 999 664
2 0.890691 2455 260 2631 348
3 0.890507 2109 805 2311 899
3 0.889931 312 865 482 955
3 0.889423 1006 1039 1218 1140
2 0.889413 787 302 877 396
3 0.889335 1466 829 1673 926
2 0.88933 590 147 691 243
1 0.889247 1774 913 1895 1013
2 0.888734 791 132 882 226
3 0.887934 145 780 315 869
2 0.887902 1323 189 1444 275
3 0.887859 1336 737 1466 833
2 0.887831 186 185 352 284
2 0.887703 1447 269 1641 360
2 0.887249 2429 96 2613 188
3 0.887201 2069 345 2259 432
2 0.887048 1943 88 2047 175
3 0.886949 2001 714 2102 810
2 0.886556 876 213 1003 305
2 0.886383 2228 171 2348 260
3 0.88629 49 1044 140 1128
3 0.886275 1770 818 1889 911
1 0.886168 2526 870 2688 964
3 0.886112 1667 726 1765 820
3 0.88593 1760 629 1880 721
3 0.88572 777 759 869 854
3 0.88563 1000 468 1206 563
3 0.885568 998 751 1211 846
2 0.885024 880 127 1004 219
3 0.884989 483 678 568 769
2 0.884852 875 299 1001 391
2 0.88434 97 199 193 292
2 0.884287 2335 171 2452 262
3 0.884175 1000 847 1212 940
3 0.884046 1329 456 1452 549
2 0.884013 689 138 795 233
3 0.883908 1971 344 2075 435
3 0.883482 668 856 778 949
3 0.883254 1207 366 1326 462
2 0.883209 337 328 501 433
1 0.883103 1675 919 1776 1016
3 0.883028 2011 905 2117 1003
3 0.882958 565 765 670 858
2 0.882956 582 316 683 412
3 0.882716 1754 533 1872 629
3 0.882691 1779 1013 1899 1116
3 0.882408 1205 461 1330 556
2 0.882247 2040 88 2227 173
2 0.881966 1733 258 1851 353
2 0.881741 1833 89 1953 177
3 0.881465 0 871 51 957
3 0.881459 1747 439 1865 533
2 0.881303 1842 173 1960 263
3 0.881212 778 666 868 759
3 0.881059 2115 896 2315 995
3 0.880942 1454 450 1653 544
3 0.880776 1473 1023 1680 1127
2 0.880753 1444 184 1636 271
2 0.880625 1960 258 2065 348
2 0.88053 1858 347 1973 436
2 0.880259 1881 622 1995 716
3 0.879671 2362 341 2474 431
3 0.879553 1765 722 1884 816
3 0.87919 671 671 780 763
3 0.879108 1001 378 1205 470
3 0.878982 669 1045 779 1138
3 0.878419 2079 432 2268 526
3 0.878152 1340 833 1469 931
3 0.878125 1206 554 1333 650
3 0.87783 1901 1006 2018 1113
2 0.877741 172 350 337 446
2 0.877564 2217 88 2336 174
3 0.877413 673 577 780 670
3 0.877251 2103 709 2303 806
3 0.877231 669 762 779 856
3 0.877023 1987 525 2088 621
3 0.876912 51 870 143 957
3 0.876875 874 386 999 479
2 0.876869 577 403 679 499
3 0.87676 1451 357 1647 450
3 0.876493 2121 987 2320 1089
2 0.876307 1849 260 1967 350
2 0.876289 344 250 507 345
2 0.876227 1874 528 1988 623
3 0.875818 873 478 999 571
2 0.875566 2323 89 2440 176
3 0.875562 1220 1032 1343 1133
3 0.87554 1892 813 2007 909
3 0.87547 2466 343 2646 429
2 0.875163 2031 8 2217 94
3 0.875041 1679 1017 1781 1119
3 0.874624 1994 621 2094 714
2 0.874617 2239 256 2358 345
2 0.87438 1951 171 2058 262
3 0.874254 49 957 140 1045
3 0.874225 0 782 55 871
2 0.87334 585 232 688 328
3 0.873287 0 611 62 700
3 0.872782 57 694 148 784
3 0.872726 316 685 484 777
3 0.87247 1671 822 1771 918
2 0.872251 510 153 594 248
3 0.872078 2423 970 2529 1072
3 0.871908 2253 341 2368 430
3 0.871834 1658 536 1756 631
3 0.871798 1741 349 1857 439
2 0.871772 1726 176 1847 264
3 0.871544 2385 517 2489 612
3 0.871431 782 481 871 573
2 0.871355 1205 274 1326 370
2 0.871262 789 219 880 309
3 0.871238 780 571 868 665
3 0.871172 2479 427 2658 519
2 0.870934 2347 256 2461 345
3 0.870705 567 675 671 767
3 0.870669 571 583 673 674
3 0.870471 2016 1001 2122 1102
3 0.870094 311 1047 479 1136
3 0.869811 1208 645 1335 745
1 0.869802 777 949 869 1040
3 0.869603 2088 525 2281 620
3 0.869431 1208 741 1337 839
2 0.869205 180 269 345 364
3 0.869117 2278 519 2388 615
3 0.869061 786 390 873 481
3 0.868447 140 1048 310 1134
3 0.868066 1979 434 2082 526
3 0.867841 159 519 324 608
3 0.86782 1343 1030 1473 1128
3 0.867556 482 768 567 860
3 0.867119 491 494 574 586
3 0.866909 318 594 487 688
3 0.866607 566 1046 671 1139
2 0.86632 50 1129 141 1215
3 0.866051 2319 977 2425 1081
3 0.865945 1662 632 1761 726
3 0.86561 675 486 781 580
3 0.865494 2093 620 2291 711
2 0.86516 1004 204 1202 299
3 0.864991 0 697 58 786
3 0.86482 2006 810 2110 905
2 0.864513 2414 15 2598 107
2 0.864163 682 305 788 401
3 0.862892 486 585 569 676
3 0.861664 0 1043 48 1126
3 0.861344 0 956 49 1043
3 0.861158 2309 794 2415 886
3 0.860642 2517 784 2688 873
2 0.860405 1866 436 1980 528
3 0.859406 54 782 146 870
3 0.859225 573 492 676 584
3 0.857856 2488 517 2666 612
3 0.857822 0 528 68 617
3 0.856863 2373 427 2483 520
2 0.856175 1635 178 1733 262
3 0.855815 1212 837 1340 936
2 0.855578 1638 257 1738 352
3 0.854807 2263 429 2375 521
2 0.854656 494 405 580 504
3 0.854468 479 1045 568 1137
3 0.854001 61 608 152 698
3 0.853544 2412 787 2521 880
3 0.852876 480 862 568 951
3 0.851693 2510 695 2686 786
2 0.851513 1205 195 1324 279
2 0.851216 684 224 792 311
3 0.85105 2318 1078 2427 1179
3 0.850991 2125 1087 2320 1211
3 0.850821 1654 441 1749 536
3 0.850629 67 522 161 613
3 0.84997 326 504 489 598
3 0.849155 2496 609 2676 696
3 0.847961 2403 696 2514 789
3 0.847769 2301 699 2407 795
2 0.845926 1 363 86 457
2 0.845733 11 206 105 303
2 0.845583 82 361 177 453
2 0.84509 76 441 170 532
2 0.844984 87 282 185 372
3 0.844558 1907 1114 2017 1220
3 0.844407 2394 609 2495 698
2 0.844018 503 239 590 328
2 0.843961 500 317 585 411
3 0.843468 2292 612 2396 700
3 0.843461 679 394 784 487
2 0.840632 2208 7 2325 96
1 0.840575 669 949 778 1044
2 0.839445 3 292 96 377
2 0.838786 166 435 331 525
1 0.838135 2419 877 2524 976
2 0.834862 2314 11 2427 97
3 0.834239 1646 349 1742 442
3 0.833662 2017 1102 2124 1195
2 0.825451 1936 8 2038 93
1 0.824669 2315 883 2419 981
3 0.82287 2529 960 2688 1061
2 0.819699 2430 1068 2525 1182
3 0.819172 778 1043 870 1137
1 0.81462 567 950 670 1045
1 0.800957 479 953 567 1045
2 0.796034 1831 8 1944 94
3 0.789896 0 446 76 534
3 0.777399 0 1129 48 1219
3 0.759219 1682 1119 1782 1217
3 0.75517 1781 1118 1905 1212
3 0.629879 480 1144 568 1233
2 0.627047 0 213 20 303
2 0.5121 1008 1138 1219 1167
