3 0.912136 951 1090 1197 1203
3 0.908592 2199 283 2414 377
1 0.906835 1852 944 1992 1056
1 0.906369 948 976 1195 1085
2 0.905319 2172 78 2394 176
2 0.904272 1 193 175 301
3 0.90425 687 871 790 978
1 0.902829 1496 956 1734 1069
2 0.901349 1324 99 1460 196
2 0.900761 182 71 372 180
3 0.90048 1836 607 1968 714
3 0.900037 2237 700 2471 816
3 0.899176 0 891 135 991
2 0.897428 2185 180 2403 279
2 0.897171 2163 0 2381 77
1 0.896841 797 982 942 1088
3 0.896141 438 876 555 984
1 0.895941 135 994 333 1093
2 0.895648 165 267 356 379
3 0.895466 559 874 683 984
3 0.895016 947 643 1189 750
1 0.89469 1344 960 1491 1076
2 0.894451 1993 936 2127 1052
3 0.894034 948 532 1184 638
2 0.893562 583 40 702 144
2 0.893194 1323 0 1457 96
2 0.892889 1326 199 1463 301
2 0.892718 0 284 166 390
1 0.892388 687 984 790 1086
3 0.891911 796 538 940 646
3 0.891894 1194 738 1338 851
3 0.891672 1475 297 1694 396
3 0.890171 2244 818 2479 923
2 0.889413 1931 79 2063 178
3 0.889198 1331 303 1466 402
3 0.888981 1730 832 1845 947
2 0.888634 464 50 582 155
3 0.888519 1341 732 1484 848
2 0.888189 1471 193 1690 292
3 0.888161 947 753 1190 863
2 0.88798 1186 106 1319 201
3 0.887976 1830 496 1960 602
3 0.887924 687 762 790 868
1 0.887888 438 988 554 1092
2 0.887769 2383 77 2522 176
2 0.887655 1467 92 1687 190
3 0.887506 0 994 134 1096
2 0.887167 1982 713 2111 822
2 0.88698 948 22 1176 120
3 0.886788 134 887 333 991
3 0.886212 1844 827 1985 940
2 0.886097 1187 203 1320 304
3 0.886018 2261 1147 2483 1293
3 0.885938 948 866 1193 973
3 0.885877 2130 933 2250 1046
3 0.885634 1489 729 1721 840
2 0.885543 2397 177 2534 276
2 0.885522 370 60 467 164
3 0.885301 687 542 787 648
2 0.885106 949 222 1179 316
3 0.884939 2208 381 2422 483
3 0.884806 1197 853 1341 964
3 0.884624 1332 407 1471 513
3 0.884601 1484 620 1716 727
3 0.884478 950 320 1178 418
2 0.884378 1463 0 1682 90
3 0.884354 1480 508 1709 617
2 0.884253 2510 77 2640 177
2 0.884184 807 26 945 126
2 0.884171 2056 78 2179 177
3 0.883715 795 648 941 759
3 0.883666 0 479 148 577
2 0.882998 704 30 804 134
2 0.88218 699 133 801 234
3 0.882161 685 652 789 760
3 0.88213 572 332 686 435
3 0.881984 439 768 556 876
2 0.881972 949 121 1177 220
1 0.881794 1735 946 1851 1060
3 0.881688 796 869 943 976
2 0.881687 2069 180 2191 280
2 0.881598 0 103 181 208
2 0.880668 804 127 944 228
2 0.880321 2496 0 2627 76
2 0.880052 1186 1 1316 103
3 0.879847 1189 307 1324 405
3 0.879672 1190 411 1327 516
3 0.879555 1193 628 1335 738
3 0.879168 1191 520 1331 625
2 0.878937 803 227 943 329
3 0.878348 696 333 792 433
2 0.878294 575 236 694 338
2 0.878244 1795 82 1933 178
3 0.878238 1499 1071 1737 1190
2 0.877962 2374 0 2509 75
3 0.877879 2084 282 2199 380
3 0.877768 0 383 157 478
3 0.877607 1347 1077 1497 1199
3 0.877569 1478 400 1702 505
3 0.877566 1335 516 1474 623
3 0.876863 136 778 335 889
3 0.876658 693 437 788 538
3 0.87661 949 425 1180 526
3 0.875942 335 880 434 987
3 0.875802 0 682 141 786
2 0.875634 696 232 797 336
3 0.875403 134 1100 333 1201
3 0.875203 147 570 340 675
2 0.875172 456 250 574 355
3 0.874921 0 1100 134 1198
3 0.87483 0 786 138 889
3 0.874736 440 661 557 767
3 0.874538 143 676 337 781
2 0.874279 363 157 463 259
2 0.873774 462 151 578 256
3 0.873034 444 557 560 660
3 0.871925 560 764 682 872
3 0.871604 1339 625 1479 733
3 0.871564 353 349 451 453
3 0.871376 0 581 145 683
3 0.871315 1725 722 1837 830
3 0.871018 796 760 943 867
2 0.870593 2524 177 2651 276
3 0.870289 2258 1033 2483 1146
2 0.870092 1970 493 2094 602
3 0.869218 2113 711 2234 818
3 0.869045 568 439 683 546
2 0.868429 1693 179 1804 288
3 0.868294 2557 373 2686 479
3 0.867694 1203 1083 1346 1196
2 0.867414 174 167 365 278
3 0.867254 336 772 435 878
2 0.866707 1803 180 1936 286
3 0.866613 2107 604 2225 707
2 0.865213 1689 84 1799 176
3 0.865172 2413 277 2546 375
3 0.864816 2134 1049 2256 1161
3 0.86468 797 431 941 534
2 0.864519 580 143 697 237
3 0.864066 1739 1065 1855 1181
3 0.863837 687 1094 792 1202
3 0.863792 2425 376 2555 478
3 0.863721 437 1097 557 1205
3 0.863631 561 657 681 762
2 0.863571 1682 0 1791 83
3 0.862457 801 327 941 429
3 0.862438 152 472 344 572
3 0.86221 1815 285 1943 387
3 0.861551 449 451 564 555
3 0.861315 348 456 444 557
3 0.861118 1708 391 1818 496
3 0.860773 1720 608 1830 716
3 0.860252 159 363 348 475
3 0.859674 797 1097 946 1203
2 0.859323 1790 0 1919 81
2 0.859247 2050 0 2170 75
3 0.859234 1700 289 1811 387
3 0.858476 1858 1061 1994 1172
3 0.858385 1713 499 1824 604
2 0.858359 1979 603 2100 712
3 0.856902 1841 720 1976 823
3 0.856781 1823 389 1953 494
3 0.856712 339 665 437 772
3 0.856168 457 346 568 450
3 0.855505 2476 807 2602 912
3 0.855254 564 550 681 653
3 0.855218 561 1096 681 1203
2 0.854493 1922 0 2053 79
1 0.85426 1201 964 1343 1079
3 0.854051 335 1098 434 1203
2 0.853671 1942 181 2070 281
3 0.852198 1964 386 2089 491
2 0.851448 1954 280 2081 385
3 0.850587 2100 491 2210 601
2 0.849392 357 251 460 356
3 0.849171 2124 824 2242 930
1 0.847411 336 989 433 1091
3 0.847029 2229 596 2465 700
3 0.844849 344 558 440 662
3 0.844453 2094 384 2206 486
3 0.842639 2485 1023 2615 1133
3 0.842093 2251 923 2482 1038
3 0.839614 2566 482 2687 587
3 0.838115 2218 486 2433 598
3 0.837915 2592 686 2688 797
3 0.837674 2486 1135 2619 1255
3 0.832757 2545 275 2667 371
3 0.831664 2472 691 2589 806
1 0.829425 2483 913 2607 1024
3 0.815325 2468 589 2575 687
2 0.813097 2621 1 2688 81
3 0.81015 2578 587 2686 683
2 0.808132 2632 80 2688 181
3 0.799736 1861 1176 1997 1228
1 0.797121 2611 900 2688 1013
3 0.783304 1744 1183 1857 1231
3 0.779487 1987 825 2121 937
3 0.777719 2448 483 2565 590
3 0.777123 2618 1011 2688 1124
1 0.775592 560 987 681 1090
3 0.766303 2602 794 2688 902
3 0.757668 2141 1162 2260 1296
3 0.736435 2663 276 2687 371
2 0.720126 2649 178 2688 279
3 0.698325 1340 846 1488 960
2 0.698172 1207 1197 1344 1236
3 0.676711 2001 1055 2132 1166
2 0.60747 2624 1125 2688 1312
3 0.606707 1498 1192 1742 1233
3 0.562042 1493 841 1728 957
