1 0.920048 1850 948 1987 1060
2 0.918978 1461 92 1689 202
2 0.917965 1320 101 1460 206
1 0.915707 1196 974 1342 1089
2 0.914658 1178 3 1319 110
1 0.913245 1342 966 1492 1084
2 0.912872 1323 202 1464 310
1 0.912603 947 981 1193 1094
1 0.912171 793 987 944 1098
2 0.910796 1993 940 2126 1056
2 0.908297 1316 1 1458 105
2 0.908153 1464 192 1691 303
3 0.907577 940 538 1186 649
3 0.904119 941 647 1189 760
3 0.904115 790 875 944 985
3 0.903872 789 656 940 766
2 0.902347 2379 79 2521 178
3 0.900357 1337 740 1486 855
2 0.89994 944 16 1179 129
2 0.899423 801 27 944 135
2 0.899397 2167 78 2392 181
1 0.899097 431 995 557 1101
2 0.898009 798 230 942 339
1 0.897957 1493 960 1734 1078
3 0.897517 687 551 788 660
3 0.89744 1189 639 1335 752
1 0.897264 132 1000 331 1104
2 0.897243 2063 180 2188 286
3 0.89719 1190 748 1337 860
3 0.897112 1489 846 1728 963
3 0.897088 789 764 943 875
2 0.896916 694 136 802 243
1 0.896699 560 992 685 1099
3 0.896555 792 547 939 658
3 0.896486 941 430 1185 540
1 0.896066 687 990 789 1096
3 0.895735 1480 623 1716 738
2 0.895707 166 264 355 387
2 0.895511 2179 179 2402 282
2 0.895133 0 195 175 309
2 0.894573 0 289 168 397
3 0.894313 1187 530 1330 640
2 0.894035 2367 0 2507 78
3 0.893986 433 886 558 993
3 0.893447 945 757 1191 870
3 0.89205 1824 503 1958 613
2 0.891731 1801 181 1934 294
3 0.891696 949 1097 1196 1207
3 0.891663 2194 283 2415 382
3 0.891599 1487 735 1723 850
2 0.890773 698 34 802 142
3 0.890458 436 775 558 886
3 0.889502 1470 298 1698 404
3 0.889453 559 771 686 881
3 0.888969 438 670 559 780
3 0.888768 135 784 336 894
2 0.88835 691 236 801 346
2 0.888078 180 74 373 189
3 0.887793 2235 704 2468 820
3 0.887732 2104 604 2224 712
3 0.887624 0 900 134 1001
3 0.887386 689 443 791 550
2 0.886972 1456 0 1686 101
2 0.886787 452 251 574 363
3 0.886671 794 438 940 548
3 0.886624 1472 403 1705 515
2 0.886611 2054 80 2177 181
2 0.886459 1925 83 2059 185
2 0.886249 1794 85 1928 182
3 0.886041 692 340 794 442
3 0.885874 686 660 787 766
2 0.885861 2506 80 2641 178
3 0.885688 1497 1077 1738 1211
2 0.885402 2393 178 2529 278
2 0.885337 578 46 701 153
3 0.885232 1329 522 1475 633
3 0.884823 131 1108 331 1214
3 0.884592 1728 839 1842 954
3 0.88455 134 892 334 998
3 0.884546 1476 514 1710 626
2 0.88403 798 129 944 237
3 0.883959 1334 630 1481 742
3 0.883817 561 1104 685 1216
3 0.883243 432 1106 559 1214
3 0.883037 140 682 338 789
3 0.882931 1186 423 1327 532
3 0.882557 1199 1090 1348 1202
2 0.882108 944 119 1180 226
1 0.882031 1734 955 1848 1067
3 0.880267 564 448 686 558
3 0.879498 1700 292 1810 397
3 0.87916 1844 835 1983 945
3 0.879091 2125 936 2249 1052
2 0.878946 943 223 1181 328
3 0.878338 1328 413 1472 524
3 0.878303 2077 283 2197 387
3 0.878048 560 665 685 772
2 0.87802 2155 0 2379 80
3 0.8778 0 793 138 898
3 0.877519 2256 1033 2483 1156
3 0.877458 942 324 1183 432
3 0.877305 559 882 686 991
2 0.877234 457 155 577 263
2 0.877153 368 61 467 168
3 0.876823 2248 928 2485 1042
3 0.87645 0 692 141 796
3 0.876176 947 870 1192 981
3 0.875973 567 343 687 449
3 0.875767 1739 1069 1853 1184
3 0.875593 1184 315 1326 424
2 0.875552 463 58 578 161
3 0.87523 2131 1052 2256 1168
3 0.874957 1832 612 1969 723
3 0.874952 0 588 144 694
2 0.87491 1685 87 1799 183
3 0.874868 158 369 349 479
3 0.874245 1853 1063 1992 1177
2 0.873969 1975 606 2101 717
2 0.873798 569 241 695 350
1 0.873748 334 997 432 1101
3 0.873443 1327 306 1467 414
3 0.873234 2217 487 2439 603
2 0.873083 1964 496 2094 608
3 0.872472 1718 618 1832 728
2 0.872464 354 256 457 367
2 0.872435 2492 0 2629 79
2 0.872016 1944 283 2079 390
3 0.871914 796 332 940 443
3 0.871417 2261 1153 2482 1320
3 0.871262 0 489 151 591
3 0.871235 687 879 788 987
2 0.871072 1786 0 1921 86
2 0.87083 174 174 365 278
3 0.870622 2472 805 2600 916
3 0.87038 145 576 340 687
3 0.870307 2240 818 2478 927
3 0.870021 2111 715 2234 825
3 0.86978 442 561 562 671
2 0.869745 1181 107 1321 209
3 0.868748 2483 1022 2612 1143
2 0.868482 2047 0 2167 79
3 0.868317 564 557 685 663
3 0.86816 335 780 437 888
3 0.867382 1952 388 2088 496
3 0.867248 2410 278 2541 379
3 0.867062 445 456 563 563
3 0.866994 687 767 788 877
2 0.866548 1980 717 2110 829
3 0.866463 150 475 346 580
3 0.86644 1347 1082 1498 1203
2 0.865802 2520 178 2651 279
3 0.865735 1706 397 1817 506
3 0.865704 2203 383 2425 485
3 0.86562 1839 724 1979 832
2 0.864942 1 110 181 213
2 0.86484 1679 0 1792 89
3 0.864834 332 1105 432 1213
3 0.864445 337 675 439 782
3 0.864229 2422 380 2551 485
2 0.863364 1936 182 2069 287
3 0.863107 2097 491 2214 605
3 0.862955 2227 599 2454 708
3 0.862614 1723 730 1837 839
3 0.862392 1817 394 1951 504
3 0.861517 2119 828 2241 935
3 0.86081 1711 507 1825 615
3 0.860439 1811 288 1944 394
3 0.860345 1998 1056 2133 1172
3 0.860028 0 389 155 491
2 0.85982 1916 0 2055 83
3 0.858345 1193 859 1339 973
3 0.856981 351 358 449 465
3 0.856685 1 1107 131 1214
2 0.856291 358 161 463 264
3 0.855858 347 463 443 569
3 0.854608 334 887 435 995
2 0.854555 1691 183 1805 293
3 0.854418 2087 387 2205 493
2 0.853832 1182 206 1323 317
2 0.853475 574 146 698 248
3 0.850612 450 352 566 461
3 0.849437 0 1004 131 1106
3 0.847136 2538 277 2660 377
3 0.843879 342 566 441 675
3 0.842087 2587 690 2688 798
2 0.837221 2617 0 2688 86
3 0.834649 2553 377 2677 484
3 0.831914 2564 485 2684 589
1 0.828927 2483 916 2604 1023
3 0.823039 796 1100 948 1212
3 0.822702 2482 1141 2615 1243
1 0.822698 1339 853 1489 966
3 0.820335 2578 589 2686 690
2 0.819851 2630 83 2688 180
3 0.814986 2442 484 2563 594
2 0.813947 2645 180 2688 283
3 0.813678 2466 695 2588 804
3 0.810288 334 1218 434 1329
3 0.804655 2464 593 2574 693
1 0.799301 2607 902 2688 1014
3 0.773806 2661 279 2687 381
3 0.745585 687 1101 794 1216
3 0.742797 2613 1013 2688 1129
3 0.741781 1984 831 2119 941
3 0.726558 1741 1184 1856 1234
2 0.694215 1200 1204 1346 1246
3 0.648865 0 1213 132 1280
3 0.648083 1858 1181 1995 1231
3 0.646106 2596 797 2688 905
3 0.509347 2666 379 2688 486
