2 0.909608 1721 90 1842 177
2 0.909456 1202 103 1322 196
2 0.908787 1439 91 1634 186
2 0.898858 1322 100 1441 191
2 0.897534 2051 171 2238 258
2 0.89673 876 214 1003 300
2 0.89614 1951 171 2059 259
2 0.895688 1325 271 1448 363
2 0.893554 1834 89 1953 174
2 0.892233 2229 172 2349 257
2 0.891757 2323 90 2440 173
2 0.891734 2058 258 2247 346
2 0.891423 1323 189 1445 272
2 0.890781 1003 115 1202 212
2 0.890056 2335 172 2454 258
2 0.887807 2443 178 2622 267
2 0.886377 1444 182 1637 270
2 0.885533 1943 89 2050 172
2 0.885198 2429 95 2613 184
2 0.884469 1841 173 1961 259
2 0.880608 1728 177 1847 259
2 0.87993 2218 90 2335 171
2 0.879173 2041 89 2227 171
2 0.878998 879 126 1004 215
2 0.878715 1446 263 1641 360
2 0.878334 876 300 1002 389
2 0.878249 2454 261 2626 349
2 0.8766 1961 258 2069 347
2 0.875197 689 134 798 230
2 0.874764 1630 89 1727 179
2 0.873968 178 268 346 363
2 0.873212 792 129 883 222
2 0.871221 591 142 694 239
2 0.869904 1204 194 1324 277
2 0.869902 1204 275 1327 368
2 0.867443 2348 257 2463 346
2 0.867336 1001 292 1202 380
2 0.866443 1845 259 1967 348
2 0.866338 1003 202 1202 296
2 0.866329 2238 257 2361 345
2 0.865981 1635 177 1732 257
2 0.86477 343 249 510 343
2 0.864673 2413 14 2599 103
2 0.864108 1732 257 1851 350
2 0.86322 789 302 878 393
2 0.863219 507 151 596 245
2 0.861897 586 234 690 318
2 0.860537 682 304 790 390
2 0.858939 790 218 881 304
2 0.85674 2315 11 2427 95
2 0.852337 2207 5 2324 92
2 0.851766 502 239 592 321
2 0.842962 684 225 793 308
2 0.83093 1638 257 1737 349
2 0.828909 96 198 194 288
2 0.825924 2033 8 2217 92
2 0.819973 9 204 107 294
2 0.812474 4 290 100 370
2 0.811579 347 160 514 259
2 0.798807 580 315 685 393
2 0.75232 89 275 190 364
2 0.742298 185 172 352 278
2 0.630911 999 377 1207 1106
2 0.593494 501 322 584 397
2 0.580045 1449 354 1648 1110
2 0.564721 0 358 88 1094
2 0.51894 0 332 90 1387
2 0.51786 0 361 92 829
