3 0.905039 1463 732 1668 829
3 0.904249 308 1047 481 1139
3 0.900876 1335 643 1460 737
3 0.900283 308 954 481 1045
3 0.899394 1470 927 1676 1025
3 0.8993 310 863 482 954
3 0.898828 1004 1039 1219 1138
3 0.896993 1467 830 1673 928
3 0.896751 1002 560 1207 654
2 0.896033 1438 91 1634 186
3 0.894917 1461 636 1662 731
3 0.894224 311 774 484 863
2 0.893226 1001 471 1204 560
3 0.892561 2070 345 2259 430
2 0.891576 333 417 494 511
3 0.890623 775 854 869 948
3 0.890264 151 601 321 693
3 0.889755 870 851 997 947
3 0.889532 1676 921 1774 1014
2 0.889514 1002 296 1202 383
3 0.889265 1000 654 1209 750
2 0.888576 166 434 332 520
2 0.888419 1002 119 1203 210
2 0.888383 2050 174 2237 255
2 0.88833 1001 385 1202 471
3 0.887871 1459 542 1658 637
3 0.88776 2080 433 2269 518
3 0.887587 144 867 312 955
2 0.887515 1329 364 1450 455
3 0.887389 668 948 777 1043
3 0.887247 147 689 318 782
2 0.886776 1003 202 1202 296
2 0.886768 874 387 998 482
2 0.886518 1834 89 1950 174
2 0.886409 782 482 873 577
3 0.886115 314 682 484 776
2 0.885897 1454 450 1651 541
3 0.885765 869 663 996 755
1 0.885688 2111 802 2309 894
2 0.885638 1727 177 1846 262
3 0.885485 870 757 997 850
3 0.885377 1338 738 1463 831
3 0.885336 998 748 1210 845
2 0.88494 1447 271 1641 357
2 0.88483 1326 274 1447 364
2 0.884751 1323 189 1444 276
2 0.884644 676 483 784 578
3 0.884402 562 950 670 1043
2 0.884226 2429 96 2609 184
2 0.884078 2042 90 2227 172
3 0.884013 1769 821 1888 915
3 0.884009 1474 1023 1678 1129
3 0.883969 999 846 1211 943
3 0.883578 2014 903 2115 997
2 0.8835 1741 350 1860 443
3 0.883375 774 948 870 1039
3 0.882972 1341 833 1465 931
3 0.882942 670 762 777 855
3 0.882399 1333 548 1457 641
2 0.882117 1945 90 2048 172
2 0.88191 1202 107 1323 198
3 0.88136 1663 635 1760 726
3 0.881171 144 779 315 868
3 0.881129 1001 942 1215 1037
2 0.880777 1949 173 2058 258
3 0.880562 1342 932 1469 1029
2 0.880427 2444 182 2617 263
2 0.880316 873 478 997 572
2 0.879842 179 272 344 361
3 0.879045 1210 839 1340 936
3 0.878892 870 1043 1003 1141
3 0.878234 568 673 672 765
3 0.878139 1208 554 1331 647
2 0.877825 1332 455 1453 546
3 0.877537 564 1043 671 1136
2 0.877499 1748 440 1864 533
3 0.877459 668 856 777 950
2 0.877249 1635 178 1735 261
3 0.876933 871 571 997 662
3 0.876929 477 953 565 1044
2 0.876818 1840 174 1958 261
2 0.876746 1650 440 1749 535
2 0.876678 1451 362 1645 448
3 0.876594 61 609 157 697
3 0.876483 1667 728 1764 821
3 0.87618 669 1042 778 1135
3 0.876042 564 857 671 950
3 0.875967 2088 519 2280 612
2 0.875954 1877 620 1992 714
2 0.875877 2336 176 2451 260
3 0.87557 1214 935 1341 1033
3 0.875477 777 759 868 852
3 0.87547 478 1046 567 1138
3 0.87542 672 670 779 761
3 0.875409 1765 724 1883 818
3 0.874924 780 575 869 663
3 0.874625 1672 825 1770 920
3 0.874507 674 576 779 668
2 0.874473 1321 102 1441 192
3 0.874405 566 765 671 858
3 0.874329 870 948 1000 1040
2 0.874231 1894 907 2011 1002
2 0.873983 2228 175 2345 259
2 0.873519 784 306 880 397
2 0.873126 173 352 338 441
2 0.872739 2455 263 2627 342
3 0.872342 55 695 151 783
2 0.871845 875 301 1001 390
3 0.871722 318 593 487 685
3 0.871577 779 666 868 756
2 0.871208 1734 260 1851 352
2 0.871195 876 212 1003 306
2 0.870893 1723 88 1839 177
2 0.87067 344 257 505 339
3 0.870618 1210 743 1335 838
2 0.87054 1627 89 1728 179
3 0.870332 777 1041 872 1139
2 0.870163 1205 279 1326 371
3 0.869896 571 580 673 673
3 0.869674 2017 999 2119 1098
2 0.869658 1443 184 1639 268
2 0.869528 580 313 684 409
3 0.869506 52 784 148 868
2 0.869401 1202 192 1325 283
2 0.869241 2059 258 2247 341
3 0.869138 568 1139 674 1271
3 0.868567 2364 342 2475 428
2 0.868471 337 329 500 429
2 0.868369 577 401 680 495
3 0.868102 1775 916 1893 1011
2 0.868094 1958 257 2066 347
3 0.867789 1755 534 1871 629
3 0.8673 1759 631 1877 722
2 0.867178 2218 92 2335 176
3 0.866979 481 678 569 771
3 0.866775 0 785 55 872
3 0.866508 1779 1012 1896 1113
3 0.866393 2009 808 2110 899
2 0.866041 782 390 876 485
2 0.865587 493 407 579 501
2 0.865263 1886 714 1998 811
2 0.864909 878 128 1006 217
2 0.86484 1645 349 1745 441
3 0.864799 158 516 325 606
2 0.864659 679 308 793 399
3 0.86454 486 587 571 677
3 0.864518 324 501 489 597
3 0.863855 2469 345 2647 424
3 0.863014 480 1140 569 1270
3 0.862952 481 770 567 861
3 0.86233 2275 515 2388 607
3 0.862038 1209 648 1333 743
3 0.861852 2264 430 2378 514
2 0.861545 2347 257 2463 342
3 0.860388 1658 536 1755 632
3 0.860313 479 862 565 952
2 0.8603 80 360 178 449
3 0.859423 0 697 59 786
2 0.858485 2327 95 2440 177
2 0.858388 1849 260 1966 350
2 0.857081 790 132 882 225
3 0.856344 2253 342 2371 428
3 0.856114 574 491 675 581
2 0.855398 2239 257 2358 342
2 0.855327 1865 437 1977 527
3 0.85501 1219 1032 1344 1131
1 0.854855 2309 795 2416 888
3 0.853765 491 497 573 589
2 0.853251 1871 528 1985 620
2 0.852615 4 294 93 370
3 0.851862 1678 1017 1778 1120
3 0.851844 2124 1090 2315 1227
3 0.851686 1343 1030 1472 1128
3 0.851392 673 1138 781 1222
3 0.850567 2480 427 2658 507
2 0.850397 1 364 88 451
2 0.850292 785 219 881 313
3 0.85021 0 615 65 700
2 0.85005 88 287 184 366
3 0.84992 68 523 161 612
3 0.849487 49 869 145 955
3 0.84902 1970 347 2074 433
2 0.848778 497 323 585 412
3 0.848584 1994 617 2100 713
2 0.847927 677 393 788 487
2 0.84777 1207 460 1329 552
3 0.847571 781 1141 872 1209
2 0.846478 75 441 170 531
2 0.846393 683 225 794 313
3 0.845525 2001 714 2105 805
3 0.84544 2486 513 2668 608
3 0.844768 2510 698 2684 782
2 0.844311 1639 259 1740 351
3 0.843563 1892 811 2004 907
3 0.842456 2022 1104 2122 1224
3 0.839998 2119 988 2311 1093
3 0.838413 2517 782 2686 871
2 0.838132 1860 348 1972 437
3 0.837485 2496 612 2679 695
3 0.835691 145 956 311 1045
3 0.834783 1896 1005 2017 1109
3 0.834476 0 531 70 620
3 0.834173 2374 429 2483 514
3 0.83346 1987 523 2088 615
3 0.83325 1782 1119 1900 1236
3 0.832597 2099 613 2291 711
2 0.830089 0 446 80 540
2 0.822308 1206 367 1328 462
3 0.812859 2392 609 2498 698
3 0.807093 2384 514 2489 607
1 0.805484 2312 889 2417 980
3 0.804622 2316 1074 2427 1162
3 0.802964 152 1047 309 1131
1 0.780348 2417 883 2528 976
1 0.774449 2300 702 2408 794
3 0.773794 153 1134 306 1191
2 0.762199 686 139 794 229
1 0.75453 2114 895 2312 994
3 0.747351 2405 699 2513 788
3 0.746957 0 871 51 954
2 0.735653 586 227 686 324
3 0.729447 0 955 49 1039
1 0.729408 2525 868 2687 964
2 0.708432 1902 1114 2016 1228
3 0.698514 1978 433 2081 523
3 0.679431 873 1140 1001 1204
2 0.679157 502 247 587 330
3 0.676038 0 1126 47 1233
1 0.669261 2313 979 2422 1077
1 0.652605 2424 972 2530 1064
3 0.638417 2413 787 2520 881
1 0.59486 2533 959 2688 1057
3 0.587154 2312 980 2422 1075
3 0.578511 307 1142 480 1193
1 0.562599 2412 788 2521 883
3 0.551287 49 955 144 1040
1 0.548816 2289 609 2395 701
3 0.536322 1683 1124 1780 1178
1 0.514585 2104 711 2301 802
3 0.506005 1683 1124 1779 1158
3 0.502766 0 1038 48 1121
