1 0.919572 1199 975 1342 1087
3 0.917252 946 537 1188 650
1 0.912648 1344 971 1491 1083
3 0.912378 794 875 943 986
2 0.911159 1321 102 1464 204
3 0.908549 1828 504 1960 614
2 0.908403 1319 0 1462 106
2 0.908396 1467 194 1692 302
2 0.908147 1464 93 1690 202
3 0.907858 1338 742 1486 854
3 0.907454 1492 850 1730 965
1 0.906741 947 984 1195 1094
1 0.906084 1495 964 1734 1078
1 0.905639 1852 950 1989 1062
1 0.905608 795 988 944 1097
3 0.90335 944 650 1190 760
2 0.90318 0 195 176 309
1 0.903168 685 990 793 1095
1 0.902945 562 993 683 1099
2 0.901251 1182 3 1321 112
3 0.900817 1499 1079 1736 1201
1 0.899274 135 999 334 1101
3 0.898782 1487 736 1724 851
2 0.898097 166 263 359 382
3 0.897181 795 658 944 766
2 0.897041 701 34 805 143
3 0.896552 438 669 560 776
2 0.896178 1993 943 2126 1059
2 0.895812 800 231 946 339
2 0.89572 2171 82 2395 182
3 0.895694 0 791 140 899
3 0.895623 689 551 790 660
3 0.895607 946 757 1191 869
2 0.89555 1185 200 1325 316
3 0.895401 687 768 793 877
3 0.895246 795 545 944 658
3 0.89488 436 774 558 884
3 0.894801 2263 1158 2479 1337
3 0.894498 1332 521 1476 633
3 0.894444 559 769 686 881
3 0.894315 1478 515 1713 627
2 0.893884 802 27 947 134
1 0.893782 436 994 559 1100
2 0.893459 2383 82 2524 181
3 0.892944 947 869 1193 982
3 0.892759 947 432 1186 537
3 0.892647 137 784 336 894
2 0.892531 948 18 1180 126
2 0.892113 2184 183 2406 286
3 0.892049 1193 746 1338 860
3 0.891998 0 897 136 1000
3 0.891965 562 1103 683 1218
3 0.89186 2238 709 2469 822
2 0.891721 2162 0 2381 84
2 0.891293 949 223 1184 326
3 0.891238 685 879 793 988
3 0.891221 795 766 943 875
1 0.890843 1735 956 1850 1067
3 0.890334 559 881 686 990
3 0.890273 436 884 559 992
3 0.890252 1472 299 1699 405
3 0.889786 1189 529 1332 639
3 0.889683 142 681 340 789
3 0.889527 1191 636 1336 751
3 0.88911 0 691 143 793
2 0.888711 2395 180 2534 282
2 0.888706 2509 83 2645 181
3 0.888586 1729 842 1845 955
3 0.888404 796 438 945 547
2 0.888402 800 129 947 238
3 0.88829 1481 626 1719 736
3 0.888196 2106 608 2227 713
3 0.888 1335 631 1481 743
2 0.8875 695 237 800 345
2 0.887384 173 172 368 286
2 0.887369 1459 0 1686 100
3 0.887164 1844 836 1983 949
2 0.887164 1796 87 1932 186
3 0.886515 1331 413 1474 522
2 0.886396 949 121 1181 227
2 0.886118 182 72 374 190
3 0.88608 1196 859 1340 973
2 0.885938 1803 182 1936 295
2 0.885905 2372 0 2510 81
3 0.885855 0 487 152 590
3 0.885376 2128 939 2249 1053
2 0.884972 1327 200 1468 310
2 0.884726 574 236 699 346
3 0.884397 1475 405 1707 515
3 0.88432 687 662 792 767
2 0.884236 2070 181 2190 289
2 0.884133 581 45 704 153
3 0.883844 0 1107 133 1208
3 0.883635 1330 306 1470 412
2 0.883414 2496 0 2633 83
2 0.883341 464 55 584 161
2 0.883116 0 290 167 399
3 0.882702 691 445 791 549
2 0.882511 2057 84 2181 183
2 0.882406 453 249 576 360
3 0.882038 441 560 564 671
2 0.881907 1931 86 2064 185
3 0.881743 134 893 334 996
3 0.881674 0 587 149 693
3 0.881524 950 1099 1197 1207
3 0.881462 947 324 1186 431
3 0.881451 2101 495 2213 606
3 0.881317 2481 1028 2612 1145
3 0.879643 1188 419 1329 531
3 0.879316 1738 1068 1852 1186
2 0.878914 697 136 803 242
3 0.878293 147 576 344 686
3 0.877918 135 1106 334 1211
2 0.877448 370 60 470 169
2 0.8771 1 101 182 212
3 0.876966 562 665 687 771
3 0.87642 2114 717 2236 827
3 0.876223 2207 386 2426 490
3 0.876187 1200 1091 1344 1202
3 0.876003 2198 286 2417 383
3 0.876001 333 778 437 888
3 0.87599 1833 617 1970 725
1 0.87579 336 996 434 1099
3 0.875498 333 888 436 994
3 0.874655 152 475 347 580
3 0.874516 2258 1039 2480 1153
2 0.874478 1979 718 2111 830
3 0.874279 1701 291 1812 397
2 0.874048 1789 0 1924 90
3 0.874015 695 339 794 443
3 0.873981 2412 282 2546 380
3 0.87346 1856 1067 1994 1181
3 0.873441 564 557 687 664
2 0.873058 2051 0 2170 83
3 0.87292 1187 315 1326 420
3 0.872753 2250 929 2481 1043
3 0.872634 2243 822 2479 929
3 0.872456 1720 621 1833 729
3 0.872178 2228 602 2458 706
2 0.871732 458 155 580 261
2 0.871692 1976 608 2104 718
2 0.871494 1966 498 2096 608
2 0.87054 2523 179 2654 282
3 0.869847 0 1003 133 1103
3 0.869595 567 450 688 558
3 0.869542 446 456 567 564
3 0.869478 2093 390 2206 494
3 0.868745 436 1104 559 1216
3 0.86863 1724 732 1838 842
2 0.868628 1693 181 1805 294
3 0.868604 338 671 439 781
3 0.868003 799 333 944 442
3 0.867993 336 1105 434 1216
3 0.867719 1814 288 1947 395
3 0.86749 2134 1054 2256 1166
3 0.867374 2123 831 2243 935
3 0.865508 158 369 351 480
3 0.865358 1956 391 2091 498
3 0.865294 2217 492 2435 604
3 0.865029 1347 1084 1496 1205
3 0.864724 1839 727 1978 836
2 0.864447 1687 88 1800 183
2 0.86427 357 252 458 365
3 0.863704 571 341 691 451
3 0.863455 1821 395 1953 503
3 0.862654 796 1101 948 1210
3 0.862113 0 385 158 487
3 0.861354 2082 286 2200 389
3 0.860774 348 463 445 567
2 0.860747 1682 0 1794 93
3 0.859572 2425 381 2553 486
3 0.8593 452 351 569 460
2 0.858618 1184 108 1322 203
3 0.858357 1713 509 1827 618
3 0.85779 2476 810 2600 919
3 0.856831 1340 855 1489 968
1 0.855722 2482 916 2605 1028
2 0.855669 361 160 463 262
2 0.855199 577 144 701 245
3 0.855146 352 357 450 465
2 0.853847 1949 286 2082 392
2 0.853815 1940 184 2071 288
3 0.851519 345 564 442 673
2 0.851426 1921 0 2056 85
3 0.850273 2543 280 2667 380
3 0.84852 2465 698 2589 812
3 0.847485 2588 695 2688 802
3 0.84623 2457 596 2575 696
3 0.844959 1709 398 1819 507
3 0.841965 2566 483 2686 592
3 0.841635 2556 380 2682 482
3 0.837289 2442 487 2563 595
2 0.835842 2621 2 2688 91
3 0.834781 2483 1144 2615 1248
3 0.829681 337 1225 436 1331
2 0.825344 2632 88 2688 184
1 0.815954 2611 909 2688 1018
3 0.812462 2578 593 2687 697
2 0.808508 2648 182 2688 284
3 0.761592 2599 802 2688 910
2 0.718033 1204 1205 1344 1250
3 0.716031 2662 280 2687 383
3 0.695737 0 1211 134 1273
2 0.68203 688 1217 791 1257
3 0.675217 2615 1015 2688 1133
3 0.661904 2138 1172 2258 1272
3 0.653764 686 1101 793 1213
3 0.607005 793 1212 950 1295
2 0.60619 2001 1062 2130 1173
2 0.568991 439 1227 561 1328
2 0.536735 2620 1134 2688 1356
2 0.533023 2004 1176 2130 1235
2 0.524355 1986 832 2119 944
3 0.515701 1741 1187 1853 1237
