1 0.920007 1199 976 1342 1087
1 0.919115 798 878 943 986
1 0.919052 687 990 791 1093
2 0.918902 1325 103 1462 205
2 0.911639 1464 97 1690 200
1 0.910395 1346 970 1491 1081
1 0.91017 946 986 1194 1091
2 0.910123 1328 202 1466 311
2 0.909976 1321 2 1461 105
1 0.909905 1492 850 1729 963
1 0.909836 797 989 948 1088
2 0.908124 1468 196 1693 303
1 0.906831 1497 966 1733 1078
1 0.906278 137 1001 334 1101
2 0.906157 948 221 1182 326
1 0.905324 1736 959 1849 1066
1 0.904593 687 879 793 987
1 0.904358 561 991 683 1097
3 0.903816 945 649 1188 759
2 0.902037 1186 5 1319 112
1 0.901152 137 896 335 994
3 0.900509 559 769 686 881
1 0.900188 1343 854 1487 967
1 0.900164 1847 838 1985 949
2 0.898559 0 192 176 308
3 0.89773 1195 745 1339 860
1 0.897499 438 884 556 990
2 0.89617 2173 83 2395 183
3 0.896169 946 538 1187 647
3 0.896006 1829 505 1959 612
1 0.895935 2124 830 2245 934
1 0.895733 438 994 557 1099
2 0.895568 702 34 803 141
2 0.895528 1459 0 1687 101
3 0.894982 1502 1080 1735 1208
3 0.89495 796 765 943 876
3 0.894799 796 546 942 656
1 0.894431 1853 955 1989 1061
3 0.893666 1191 636 1335 749
3 0.893409 135 1106 334 1213
3 0.893007 689 551 790 661
1 0.892905 947 870 1192 984
3 0.892865 1341 739 1484 854
3 0.892783 687 661 791 766
3 0.892727 1488 735 1723 848
3 0.892693 1473 302 1700 404
2 0.892667 2397 180 2533 284
3 0.892395 440 669 560 777
3 0.892268 947 433 1186 537
3 0.892087 0 792 140 897
3 0.892017 1480 516 1713 624
3 0.891882 0 687 144 793
2 0.891737 167 259 359 382
3 0.891722 795 656 943 766
2 0.891447 2384 82 2524 182
2 0.891325 1982 718 2112 831
2 0.891195 2162 0 2381 84
2 0.890464 2185 182 2406 285
2 0.890288 1996 943 2129 1058
3 0.889528 2131 937 2251 1050
2 0.888652 947 125 1182 227
3 0.888525 946 326 1183 430
2 0.888372 182 74 373 189
2 0.888141 804 27 941 134
2 0.887985 2058 84 2182 184
3 0.887587 1483 627 1718 733
2 0.88751 947 20 1181 127
1 0.887328 2246 818 2479 929
2 0.887304 1187 205 1322 318
3 0.886828 946 758 1192 870
3 0.886618 143 679 342 787
3 0.885289 1337 630 1479 742
2 0.885154 573 239 697 349
3 0.885037 954 1097 1196 1224
1 0.884879 337 996 435 1099
2 0.884401 802 232 941 339
2 0.884347 2512 83 2645 183
3 0.884324 1333 522 1476 630
3 0.884059 692 446 791 548
3 0.884051 1190 421 1329 529
3 0.883907 2226 602 2463 705
3 0.883854 1191 530 1331 639
3 0.883214 562 1101 682 1216
3 0.88312 1477 406 1709 515
3 0.882883 438 1103 559 1218
2 0.882614 2373 0 2510 82
3 0.882495 1332 413 1473 521
3 0.88242 1739 1066 1853 1184
3 0.882389 2117 718 2236 826
2 0.881758 2072 182 2191 287
3 0.881703 443 561 563 670
3 0.881411 1837 617 1969 724
3 0.881178 559 881 686 989
3 0.880466 1723 621 1831 728
3 0.879996 0 586 148 692
3 0.879632 336 779 437 889
2 0.879137 0 288 169 397
3 0.879049 797 440 943 545
3 0.878989 340 673 439 781
3 0.878983 148 574 344 684
2 0.878827 1797 87 1934 188
3 0.878235 2200 286 2417 382
2 0.877766 583 41 702 150
3 0.8777 0 485 152 591
2 0.87768 2497 0 2632 83
3 0.876673 1726 732 1837 838
2 0.876404 175 173 367 281
3 0.876114 562 664 686 771
3 0.875852 1332 307 1468 411
2 0.875516 803 131 941 237
2 0.875489 699 137 803 243
2 0.874944 1187 111 1320 206
2 0.874787 1932 85 2067 185
2 0.874185 455 247 576 361
3 0.874022 1703 295 1812 398
3 0.873487 446 457 566 563
3 0.873466 437 773 559 885
3 0.873064 2207 386 2427 490
3 0.872946 2489 1030 2614 1143
2 0.872918 577 144 699 245
2 0.872478 697 240 801 344
2 0.872416 1688 89 1800 185
3 0.871639 1859 1065 1990 1180
3 0.871178 1189 316 1325 421
3 0.871089 1199 1091 1345 1202
3 0.871054 1816 291 1946 395
3 0.8706 2415 282 2545 379
3 0.870425 696 341 795 443
3 0.870147 152 475 347 578
1 0.86959 2253 930 2482 1044
3 0.869578 801 337 942 442
2 0.869077 1987 833 2121 945
2 0.86894 1791 0 1923 89
3 0.868701 567 451 687 557
3 0.868355 564 557 686 662
2 0.868301 467 53 584 160
3 0.868226 338 1105 435 1216
3 0.868219 159 368 352 479
2 0.868021 1693 183 1806 295
2 0.867878 0 108 182 213
2 0.867734 1805 186 1938 294
3 0.866282 2237 707 2473 819
2 0.866097 371 59 469 168
3 0.86566 2084 286 2198 388
2 0.865391 460 152 581 259
3 0.865271 1822 397 1952 502
3 0.865204 349 463 444 568
3 0.864619 2220 494 2438 603
3 0.864402 345 565 441 672
3 0.863594 571 343 691 451
3 0.863018 0 387 158 491
2 0.862819 1683 0 1794 91
2 0.86228 2525 180 2656 284
2 0.862279 359 252 459 365
3 0.86213 2557 381 2682 484
2 0.859938 1968 500 2094 609
3 0.859771 453 351 569 460
2 0.85957 1951 286 2083 391
3 0.85918 2136 1053 2255 1167
3 0.858503 2257 1039 2485 1153
3 0.858437 1 1106 133 1212
3 0.858414 1842 728 1975 833
3 0.858347 2110 610 2226 710
2 0.856567 1977 611 2103 718
3 0.855785 2094 390 2205 494
3 0.855301 1715 509 1826 616
2 0.854856 1943 185 2073 288
3 0.853654 2546 282 2669 380
3 0.853266 1731 842 1844 954
1 0.853209 2484 923 2611 1030
3 0.851404 2428 382 2554 484
2 0.851067 2052 0 2171 82
3 0.850923 1196 859 1341 974
3 0.849241 352 357 449 464
3 0.848673 2473 700 2591 808
3 0.848336 2588 696 2688 804
3 0.847978 139 784 337 892
3 0.845094 1710 400 1819 506
2 0.843175 363 159 464 263
2 0.840442 1923 0 2057 84
3 0.83946 2445 487 2564 594
2 0.834956 2621 1 2688 92
3 0.834381 2567 486 2686 592
1 0.82823 2601 804 2688 911
3 0.826985 2466 597 2575 694
3 0.82519 686 767 793 878
2 0.825095 2649 183 2688 285
1 0.824311 2617 913 2688 1019
3 0.824195 2579 595 2687 694
2 0.821276 2632 87 2688 186
3 0.818865 1960 392 2092 499
1 0.816904 2480 810 2606 919
3 0.804346 0 900 135 1001
3 0.804194 1349 1086 1495 1208
3 0.786878 0 1004 132 1104
3 0.784947 339 1226 436 1342
3 0.777307 2103 498 2211 605
3 0.769388 2484 1147 2616 1244
2 0.76449 797 1091 967 1263
3 0.744262 2257 1163 2482 1314
3 0.737504 688 1098 790 1220
2 0.734654 2621 1132 2688 1346
3 0.711174 0 1212 134 1273
3 0.689314 2620 1018 2688 1131
3 0.673306 2143 1178 2256 1309
3 0.665761 2485 1145 2616 1288
2 0.662253 441 1228 560 1345
3 0.63548 2665 281 2687 383
2 0.5936 1203 1205 1344 1247
2 0.562357 1999 1061 2131 1187
3 0.55505 335 891 436 993
2 0.513853 134 1220 333 1273
