2 0.911447 1439 91 1634 188
3 0.905543 1460 636 1663 733
2 0.90449 1003 116 1204 215
3 0.903343 1457 541 1659 639
3 0.903117 1334 642 1461 737
2 0.902748 1203 103 1323 200
1 0.902562 1342 932 1471 1028
3 0.901926 146 692 317 783
2 0.901207 350 161 514 264
3 0.901113 143 870 312 956
1 0.900923 1004 941 1215 1038
3 0.900131 868 851 1001 946
1 0.899449 1471 926 1675 1025
2 0.898972 1325 272 1447 365
3 0.898695 1327 362 1450 457
3 0.898451 150 603 319 693
2 0.898385 1321 100 1442 194
3 0.89808 1463 731 1669 829
2 0.897886 332 418 495 514
3 0.897192 139 959 312 1047
3 0.896893 1466 828 1673 926
3 0.896646 1332 547 1457 643
3 0.89591 776 855 869 948
2 0.895693 2049 170 2239 260
3 0.895643 1898 1006 2018 1116
1 0.895425 1216 936 1341 1031
2 0.895085 1721 90 1841 180
3 0.894938 1779 1013 1898 1117
3 0.894894 869 665 998 758
2 0.894487 1885 714 2002 815
3 0.894476 1473 1024 1680 1126
3 0.894257 869 757 1000 852
2 0.894243 1002 292 1206 380
3 0.894013 998 658 1210 752
3 0.894001 998 562 1209 659
3 0.893708 1329 456 1453 549
2 0.89256 1628 91 1728 183
3 0.892159 870 569 998 664
1 0.891884 869 947 1004 1038
2 0.891596 876 213 1003 304
3 0.89146 871 1042 1006 1138
2 0.891131 1944 88 2048 175
3 0.89106 313 775 484 866
3 0.891005 1000 847 1212 941
3 0.890824 1769 818 1890 912
2 0.890317 590 147 691 243
2 0.890107 1322 188 1446 275
2 0.889993 2227 171 2347 259
3 0.889777 144 781 315 869
3 0.889547 776 760 869 855
3 0.889438 2011 906 2118 1003
3 0.889348 1891 814 2007 910
3 0.88908 1006 1040 1219 1140
3 0.888995 312 865 481 955
2 0.888856 2056 257 2247 346
3 0.888856 1761 629 1879 722
3 0.888758 567 858 671 949
2 0.888577 2441 176 2625 268
2 0.88857 1895 909 2011 1010
2 0.888319 2453 259 2633 348
3 0.888252 2069 345 2259 433
2 0.887907 1446 267 1641 360
2 0.887612 791 132 883 225
3 0.887436 1666 726 1766 822
3 0.886583 1971 344 2075 435
3 0.885671 1206 366 1327 463
3 0.885604 50 870 144 957
2 0.885363 2038 88 2227 173
2 0.885091 1832 89 1953 177
2 0.885061 2218 89 2336 174
3 0.88505 1453 449 1653 543
3 0.884948 1336 737 1465 833
2 0.884534 2429 96 2612 187
3 0.884464 482 678 568 769
3 0.884314 999 468 1206 564
3 0.884234 2109 804 2311 899
3 0.883722 998 751 1211 846
3 0.883678 0 871 50 958
2 0.883476 1443 182 1638 271
3 0.883375 565 765 670 858
2 0.883027 2031 7 2218 95
2 0.883022 1733 258 1853 352
3 0.882697 670 856 779 950
2 0.882665 1841 173 1961 262
3 0.882632 49 1044 141 1128
1 0.882514 312 956 479 1046
2 0.882338 787 302 878 396
3 0.882322 1670 823 1771 919
3 0.882128 2001 713 2102 810
2 0.881975 581 314 684 411
3 0.881942 673 576 780 669
3 0.881376 2079 432 2268 525
2 0.881289 2334 171 2452 261
3 0.881181 1677 1017 1779 1120
3 0.881158 874 385 999 479
2 0.881143 875 297 1001 391
2 0.881134 879 128 1004 218
3 0.880822 2362 341 2475 431
2 0.880745 1951 171 2059 261
2 0.880623 1848 259 1968 350
2 0.880528 1880 621 1995 717
2 0.880195 338 328 500 433
1 0.880065 1774 913 1895 1013
3 0.879803 2252 341 2369 431
2 0.879798 577 403 680 498
2 0.879696 1873 528 1988 623
3 0.879432 315 685 484 777
3 0.879301 1765 722 1884 817
3 0.879162 1986 525 2087 621
3 0.879104 778 667 869 760
2 0.878831 187 184 352 283
2 0.878749 2323 90 2440 177
1 0.878664 1674 919 1776 1016
3 0.878459 873 478 999 571
2 0.878375 1960 257 2067 347
3 0.878341 1755 534 1872 629
3 0.878209 2114 896 2315 995
3 0.877958 567 674 671 767
3 0.87783 1450 356 1647 451
3 0.8776 1204 461 1331 556
3 0.877429 1741 349 1857 440
2 0.877261 172 349 338 446
3 0.877206 1001 378 1206 471
3 0.877098 1747 438 1865 534
2 0.877088 688 139 796 234
2 0.876846 97 199 193 292
3 0.876751 1206 553 1333 651
3 0.876599 670 763 779 856
3 0.876588 782 481 871 573
2 0.876406 1856 347 1975 437
3 0.876376 311 1047 480 1136
3 0.876175 1658 537 1757 632
3 0.875622 1994 620 2094 713
3 0.875454 2465 342 2645 429
2 0.875044 2346 255 2462 345
3 0.874861 671 670 780 763
3 0.874731 2016 1002 2123 1104
2 0.874446 2238 255 2358 344
2 0.874386 2416 16 2601 107
2 0.87426 1206 274 1326 371
3 0.873914 1219 1032 1343 1133
2 0.873831 1726 176 1848 263
3 0.873674 56 694 149 784
3 0.873388 2479 428 2658 519
3 0.873351 571 581 672 673
3 0.872696 1208 741 1337 838
3 0.872613 48 958 141 1046
1 0.872173 2527 871 2688 965
3 0.87188 485 584 570 677
2 0.871451 345 250 507 345
3 0.871043 0 611 62 701
3 0.870985 2120 987 2321 1092
3 0.870909 2087 524 2280 621
1 0.870659 777 949 869 1041
3 0.870614 1978 434 2082 526
3 0.870548 0 782 54 871
3 0.870047 2385 518 2491 613
3 0.869951 2103 709 2303 806
3 0.869928 1653 441 1750 537
2 0.869773 682 305 789 401
3 0.869525 1208 645 1336 745
2 0.869266 1003 203 1204 299
2 0.869123 584 232 688 327
3 0.869069 318 593 486 688
2 0.868639 180 269 345 364
3 0.868456 2276 520 2389 616
3 0.868415 780 571 869 665
3 0.867749 490 494 575 587
3 0.867494 158 518 325 608
3 0.867029 786 390 873 482
3 0.866698 2005 810 2110 906
3 0.866657 1662 633 1762 727
3 0.866564 2123 1087 2322 1236
3 0.866458 1343 1029 1474 1128
3 0.866063 140 1049 311 1134
3 0.866026 2093 619 2292 711
3 0.865826 0 528 69 618
3 0.865751 2421 969 2531 1073
2 0.865726 509 152 596 249
3 0.865608 675 486 782 580
2 0.86538 1638 257 1740 351
2 0.864802 789 218 881 309
3 0.863739 0 697 58 786
3 0.86339 0 957 49 1043
3 0.86273 2319 976 2424 1081
2 0.862233 1634 177 1734 262
3 0.861898 2309 793 2415 885
2 0.86179 1205 194 1325 280
3 0.861659 2262 430 2375 521
3 0.861456 2519 783 2688 872
3 0.860487 670 1045 780 1140
3 0.860302 2019 1103 2126 1239
3 0.859933 1646 348 1744 443
3 0.859923 482 768 567 861
3 0.859068 567 1045 671 1140
3 0.858702 2489 517 2669 611
3 0.858692 574 492 676 584
3 0.858506 479 862 569 951
3 0.858265 2372 427 2484 520
3 0.858117 479 1045 569 1138
3 0.856624 1212 838 1340 936
3 0.856496 52 783 146 870
3 0.855823 61 607 152 698
3 0.855228 2496 609 2679 697
3 0.854259 326 504 489 598
3 0.853151 679 393 785 487
2 0.851681 76 441 171 532
3 0.85144 67 522 161 613
2 0.851223 2207 9 2325 96
2 0.850718 48 1128 141 1214
3 0.850335 2412 786 2523 879
2 0.849348 83 360 177 453
2 0.847725 494 405 580 504
2 0.847527 1 363 87 457
3 0.847414 2512 695 2686 785
2 0.845993 685 225 792 311
3 0.845232 2394 609 2497 698
2 0.845177 89 283 185 372
3 0.845057 0 1043 47 1124
3 0.844829 2404 696 2515 790
3 0.844006 1339 834 1468 931
3 0.843649 2319 1078 2427 1183
3 0.843126 777 1043 871 1137
2 0.842741 2314 12 2427 97
3 0.842716 2291 612 2396 701
2 0.842021 504 239 591 329
1 0.841238 2418 876 2526 975
2 0.840968 12 205 107 303
3 0.840709 2299 699 2408 795
2 0.83846 500 318 585 412
2 0.837712 4 292 96 376
2 0.836492 1936 7 2039 93
3 0.836194 1903 1117 2023 1245
2 0.834523 166 435 331 525
2 0.834074 2429 1068 2530 1180
1 0.826275 670 950 778 1044
1 0.818333 2314 882 2418 982
3 0.818042 2530 960 2688 1061
2 0.808296 1828 7 1944 93
3 0.80162 1682 1120 1784 1220
1 0.801042 479 952 570 1045
3 0.790565 0 445 77 534
3 0.75439 0 1127 47 1217
1 0.713574 568 950 672 1045
2 0.681457 1218 1133 1343 1311
3 0.631844 1864 437 1981 527
2 0.602262 0 213 20 303
3 0.558772 1473 1126 1681 1303
3 0.550902 480 1143 568 1226
2 0.525479 1339 1132 1477 1319
3 0.50259 1782 1119 1903 1209
2 0.500544 2533 1055 2687 1172
