1 0.895641 34 535 176 632
1 0.882478 2428 558 2565 679
2 0.860202 1341 257 1463 338
1 0.858626 35 449 178 540
2 0.857691 1341 173 1455 257
1 0.855072 2420 443 2565 569
3 0.852519 31 625 187 752
2 0.85209 1344 96 1452 174
2 0.851979 1343 339 1465 426
1 0.845213 1918 511 2080 663
1 0.843494 2302 542 2431 674
1 0.839221 2296 423 2428 549
1 0.837941 2072 521 2209 668
1 0.837696 1911 375 2082 517
1 0.836618 40 361 184 454
3 0.827389 1101 424 1154 450
1 0.825708 47 265 193 369
2 0.824669 1345 19 1454 98
3 0.82194 1046 424 1073 450
2 0.818888 1343 426 1472 513
3 0.818697 1012 425 1044 451
1 0.813708 2288 311 2420 431
3 0.811494 875 428 901 453
1 0.811038 2385 0 2525 74
2 0.810722 1470 341 1576 429
3 0.804513 875 403 902 426
2 0.802361 1470 261 1579 343
1 0.800109 2066 656 2205 820
3 0.795795 901 426 934 451
2 0.795444 1474 428 1574 519
1 0.790499 2074 392 2213 527
3 0.789051 902 403 933 426
3 0.781442 1073 424 1102 450
1 0.78031 2560 470 2686 590
3 0.779676 937 425 979 451
3 0.777641 1044 501 1073 527
1 0.773274 176 454 353 537
3 0.764827 1046 397 1074 425
3 0.764742 1102 397 1153 423
3 0.764231 1012 399 1045 425
1 0.760044 2553 369 2684 485
1 0.759701 2299 667 2431 820
1 0.758272 2192 662 2306 819
1 0.752022 2282 194 2415 320
3 0.751647 937 402 981 425
3 0.75038 1008 501 1043 527
1 0.748861 2550 267 2680 382
3 0.745806 1074 398 1103 424
3 0.744263 1366 619 1474 757
3 0.743621 1045 451 1073 478
1 0.738339 2073 274 2211 396
1 0.731335 2560 574 2685 679
1 0.729392 2068 149 2208 280
3 0.729251 874 453 901 477
1 0.727573 2201 528 2309 669
1 0.726487 181 372 346 458
3 0.726276 1096 502 1148 527
3 0.72196 980 425 1009 451
3 0.721813 940 377 983 399
3 0.716706 1047 322 1075 345
3 0.715669 849 429 877 454
3 0.713693 943 324 985 349
3 0.713618 1070 502 1099 527
1 0.711604 2391 52 2531 133
3 0.710636 939 452 980 476
3 0.710435 1001 526 1044 551
3 0.709728 807 332 832 357
3 0.707356 1099 449 1154 477
1 0.706272 1869 0 2072 138
3 0.701514 1044 526 1074 551
3 0.698238 1012 324 1047 345
3 0.694793 1010 452 1044 479
3 0.692918 1095 526 1146 552
3 0.69211 807 357 832 378
3 0.690259 946 299 986 324
1 0.689377 2410 230 2556 365
1 0.684946 2180 0 2403 193
3 0.683614 983 324 1011 347
3 0.681749 1174 501 1217 526
3 0.680022 1072 450 1100 477
3 0.679107 1156 451 1189 475
3 0.676349 1103 319 1155 344
1 0.676054 2415 347 2557 455
3 0.668996 1184 424 1219 450
3 0.668455 1104 292 1155 320
3 0.667066 981 400 1010 425
3 0.664038 847 404 877 427
3 0.663388 1075 372 1104 397
3 0.660815 1012 298 1048 323
3 0.66056 1048 296 1076 322
3 0.658864 903 351 934 377
1 0.657624 176 535 339 597
1 0.657087 936 624 1136 747
2 0.656301 1292 18 1345 95
1 0.653903 177 534 270 596
3 0.652534 1047 372 1074 398
3 0.649971 1161 371 1194 396
3 0.649702 939 350 983 377
3 0.64555 1161 320 1193 346
3 0.645325 1068 526 1099 552
3 0.645208 2426 673 2559 777
3 0.643122 1173 398 1218 423
3 0.636814 1102 372 1153 396
3 0.63492 906 325 938 349
3 0.633574 1076 321 1104 343
3 0.632655 736 357 790 381
1 0.630383 2204 405 2307 539
3 0.623467 900 452 937 477
3 0.619906 1139 624 1361 753
3 0.61934 736 336 790 358
3 0.61685 810 287 834 311
3 0.615796 807 404 831 427
3 0.615771 1075 294 1103 321
1 0.614564 1918 652 2080 825
1 0.61358 0 364 49 455
3 0.613367 780 456 807 478
1 0.60557 189 292 331 381
2 0.604856 1472 176 1579 262
3 0.603527 942 502 978 527
3 0.603145 838 356 876 379
3 0.601454 185 625 322 744
3 0.596015 985 298 1011 323
2 0.595521 1286 262 1339 336
3 0.590492 850 455 876 478
1 0.588088 0 446 39 528
3 0.57905 764 625 933 745
1 0.578869 0 537 35 629
3 0.57524 778 505 806 527
2 0.570737 1284 96 1342 172
2 0.569078 1293 172 1341 254
3 0.568719 805 429 829 454
3 0.565036 579 623 763 739
3 0.56091 740 286 795 310
1 0.554884 2059 0 2196 90
3 0.553204 737 432 789 456
3 0.551411 726 457 784 479
3 0.545294 979 452 1009 479
3 0.543709 1183 291 1220 320
3 0.54281 738 310 790 334
3 0.540881 778 430 808 455
3 0.529853 1173 526 1217 550
3 0.529427 803 456 829 477
3 0.523619 1185 319 1220 344
3 0.523343 1157 424 1190 450
3 0.515432 904 379 935 402
1 0.514379 469 449 521 488
3 0.510812 909 300 944 325
3 0.50143 1156 502 1192 526
3 0.501186 2553 675 2668 780
3 0.50118 1013 371 1045 396
3 0.500286 982 353 1011 379
