1 0.895953 2077 655 2303 823
1 0.887036 28 538 177 628
1 0.878338 30 450 178 542
1 0.872805 2419 667 2564 823
1 0.866558 2073 522 2306 668
1 0.861837 2425 554 2564 678
1 0.85897 2300 542 2429 670
1 0.858942 2299 424 2428 550
1 0.856017 1902 377 2083 517
1 0.851996 35 358 184 455
1 0.848909 2423 445 2564 568
1 0.847467 1911 510 2082 662
3 0.845787 578 625 747 738
3 0.845724 27 619 192 771
1 0.840912 2074 393 2307 529
1 0.836986 1292 173 1460 256
1 0.827811 2561 574 2687 685
3 0.827419 344 616 581 737
1 0.820307 1915 649 2086 831
1 0.807968 2293 314 2425 430
1 0.80727 2560 471 2684 588
1 0.793271 1480 426 1577 516
1 0.793189 2551 373 2678 478
3 0.790604 1010 424 1045 451
1 0.789454 1295 94 1455 177
1 0.778783 1475 341 1577 428
1 0.778234 1240 423 1287 460
1 0.775197 178 372 324 460
1 0.77353 44 266 196 364
1 0.77282 1342 423 1430 466
3 0.772288 906 327 946 353
1 0.769593 1297 21 1447 97
1 0.766925 1333 255 1461 340
3 0.76513 904 353 945 377
1 0.757699 2291 200 2420 317
1 0.756973 1138 626 1359 759
3 0.75386 1099 425 1131 451
1 0.75032 1898 260 2081 382
3 0.749764 1045 424 1095 451
3 0.742986 879 355 904 378
3 0.740221 1012 401 1045 424
3 0.73154 1100 401 1132 425
1 0.730038 468 447 519 489
3 0.726541 1098 451 1135 476
1 0.726165 1344 465 1425 512
3 0.724331 877 404 902 427
3 0.722078 758 630 933 743
1 0.718449 1290 422 1341 464
3 0.714988 1046 402 1099 425
1 0.714576 933 625 1141 753
3 0.714213 979 425 1009 451
1 0.714131 2546 270 2662 373
3 0.71339 945 325 984 351
3 0.713348 980 401 1010 425
3 0.711664 879 330 906 355
3 0.707218 1102 373 1140 398
1 0.707155 1289 378 1340 423
3 0.706446 945 377 983 400
1 0.70489 1424 510 1483 556
1 0.704733 1344 510 1423 555
1 0.69557 1240 460 1286 506
1 0.690568 191 292 325 383
3 0.689147 1006 503 1043 528
1 0.688284 178 455 322 541
1 0.68522 2381 0 2515 63
1 0.684372 1574 426 1647 510
3 0.680502 983 324 1013 350
1 0.680232 1342 379 1454 426
3 0.678267 1104 322 1138 346
1 0.677475 2415 240 2552 359
1 0.676921 519 448 561 490
3 0.676693 1047 324 1097 349
1 0.673401 527 292 567 331
3 0.67273 1185 424 1221 452
3 0.672313 877 429 902 453
3 0.671853 948 300 985 326
3 0.671316 1106 296 1151 321
3 0.666713 1157 372 1190 398
3 0.666691 1007 451 1044 477
1 0.664966 2419 355 2557 458
3 0.662306 1010 375 1045 399
1 0.662057 517 487 560 523
3 0.66125 735 384 810 409
1 0.65999 520 407 562 448
3 0.659198 946 351 982 377
3 0.658354 949 402 980 425
3 0.656615 1014 324 1047 349
1 0.654081 201 217 331 310
1 0.653073 470 403 521 451
1 0.650622 1342 338 1459 383
1 0.648897 467 487 517 527
1 0.648479 1895 9 2074 135
3 0.644278 947 452 986 476
1 0.643359 1240 377 1288 422
1 0.641584 1557 632 1717 762
1 0.639895 1291 509 1342 553
3 0.637426 843 431 877 455
1 0.635567 0 543 28 624
3 0.634953 185 608 348 746
3 0.627025 1056 297 1106 323
1 0.626454 1575 344 1647 430
1 0.626376 1290 462 1341 509
1 0.623626 1479 633 1719 763
1 0.622905 1469 259 1578 344
3 0.622498 1186 398 1222 425
3 0.61808 1150 425 1188 450
1 0.617928 529 250 571 294
1 0.617819 2537 180 2620 271
3 0.616465 1150 452 1187 477
3 0.615359 800 334 833 357
3 0.614904 1044 504 1079 528
3 0.613362 1160 320 1191 347
1 0.610602 0 265 51 372
1 0.601495 1428 424 1481 470
1 0.601118 1483 513 1572 558
3 0.598862 950 427 979 452
1 0.598278 465 526 516 567
1 0.598023 1044 529 1082 551
3 0.597974 734 311 808 335
1 0.593205 0 452 31 547
3 0.592074 1045 450 1083 476
1 0.591809 2297 661 2430 823
1 0.590104 1460 172 1605 263
3 0.589831 1356 632 1485 761
3 0.587575 706 361 738 385
3 0.584159 903 404 938 426
3 0.583004 908 301 947 328
3 0.582897 876 454 901 478
3 0.581244 839 357 877 380
1 0.58091 209 146 340 227
1 0.575713 2523 93 2614 182
3 0.573041 1013 299 1046 324
1 0.572853 533 214 575 254
3 0.569867 841 404 876 429
1 0.566918 398 304 475 379
1 0.564071 1238 511 1288 550
3 0.559259 701 436 734 459
3 0.558512 932 623 1138 755
3 0.557233 977 451 1008 477
3 0.553907 1421 555 1484 587
3 0.549766 793 357 829 380
1 0.548519 0 365 42 454
1 0.544502 60 175 201 274
1 0.541283 524 329 566 372
3 0.539669 735 336 796 359
3 0.539512 981 350 1012 376
1 0.537666 1289 337 1340 383
1 0.534876 513 0 567 53
3 0.533791 1060 450 1100 476
2 0.533558 1044 554 1084 581
1 0.532687 408 526 465 569
3 0.529106 733 288 790 312
3 0.528131 793 286 836 310
3 0.526527 751 508 806 531
3 0.520981 1013 349 1047 376
1 0.519438 522 370 564 407
1 0.518892 2558 677 2687 814
1 0.518162 516 523 559 562
3 0.516522 905 379 943 402
3 0.511675 984 299 1012 325
1 0.511414 2061 54 2202 163
3 0.509398 735 358 795 384
1 0.50772 2075 281 2301 402
3 0.507129 1094 504 1137 529
3 0.504494 702 458 746 482
3 0.504032 901 453 952 477
3 0.503796 974 503 1007 527
1 0.503622 1092 530 1144 552
