1 0.862242 1902 375 2080 518
1 0.859514 2428 556 2562 681
1 0.852083 2423 443 2563 567
1 0.849233 2067 654 2307 822
1 0.846601 2559 471 2684 584
1 0.846462 2559 572 2688 686
1 0.84202 1899 508 2080 658
1 0.841768 2304 539 2431 670
1 0.83947 2300 420 2430 552
1 0.829406 2551 374 2680 485
1 0.825701 31 454 183 544
1 0.813569 2291 307 2425 428
1 0.812436 31 539 178 624
3 0.809698 30 621 179 759
3 0.804645 765 606 933 747
1 0.802876 2285 201 2420 311
3 0.800381 1100 425 1160 451
3 0.799847 1009 425 1045 451
1 0.799024 2412 237 2552 359
1 0.79076 2417 342 2555 457
1 0.787539 2074 517 2308 667
1 0.783745 1339 171 1456 256
1 0.778593 1873 0 2072 136
3 0.777807 2302 662 2433 822
3 0.777287 876 429 901 453
3 0.775437 582 616 760 738
3 0.768121 1010 401 1045 425
3 0.76396 1099 451 1154 476
1 0.761945 1342 424 1433 465
3 0.75742 1101 399 1160 425
1 0.750918 2547 270 2680 375
1 0.735744 2056 0 2189 71
1 0.735129 1913 645 2076 826
3 0.732463 1096 503 1156 526
3 0.732165 1007 526 1045 550
1 0.72904 2078 393 2309 530
1 0.72637 1343 465 1430 512
3 0.724716 1156 450 1189 475
1 0.722344 1342 511 1426 552
3 0.714627 907 327 942 352
3 0.710798 875 454 901 477
3 0.708607 1102 373 1154 398
3 0.701789 333 620 589 739
3 0.695532 946 299 984 326
3 0.693977 734 385 808 409
1 0.693855 1487 426 1575 504
3 0.689877 841 430 877 455
3 0.689591 1007 502 1044 526
3 0.687629 936 427 977 452
1 0.686755 2550 678 2687 817
3 0.684378 1161 319 1191 345
3 0.681599 877 404 902 428
3 0.681116 901 427 930 452
3 0.680863 904 352 935 377
3 0.680427 943 402 979 426
3 0.67801 945 325 984 351
1 0.675349 2422 673 2555 821
3 0.674832 902 403 930 426
1 0.674659 2078 268 2206 393
3 0.665737 1007 375 1045 399
3 0.664077 944 378 982 400
3 0.663775 1160 371 1190 398
3 0.66376 1044 503 1074 526
1 0.662411 1318 20 1453 97
3 0.658937 1045 425 1072 452
1 0.657613 1453 24 1585 102
3 0.653566 1068 503 1099 526
3 0.651542 1008 452 1045 477
3 0.651385 909 301 944 327
3 0.645472 1103 293 1150 320
3 0.645014 807 334 835 356
3 0.644836 1011 324 1047 350
3 0.644224 1011 299 1047 325
3 0.64385 735 311 809 335
3 0.643439 1037 625 1240 753
3 0.629338 879 354 904 378
3 0.627256 1187 294 1218 321
3 0.625019 946 352 982 378
1 0.621607 1462 173 1577 260
3 0.619976 1187 424 1220 450
1 0.619933 1341 381 1436 424
3 0.617461 736 337 799 359
3 0.614848 735 358 799 384
3 0.606656 938 452 978 478
3 0.604308 736 435 798 457
3 0.601104 901 453 931 478
1 0.599434 2535 175 2617 268
3 0.598412 754 530 803 553
3 0.59791 1045 526 1076 550
3 0.596649 979 425 1010 451
1 0.595874 529 295 567 329
3 0.593408 1046 400 1073 425
1 0.593109 2061 64 2193 153
3 0.589837 1284 551 1345 585
3 0.585876 1045 451 1072 476
3 0.5845 1095 526 1153 551
1 0.577299 36 355 188 456
3 0.576786 845 456 876 479
3 0.576672 1143 624 1352 753
1 0.575471 2197 174 2298 276
3 0.574252 839 356 878 379
1 0.573682 2070 156 2201 270
1 0.57309 1337 255 1452 340
3 0.572142 810 288 837 310
1 0.569687 1340 337 1444 388
1 0.567489 1484 341 1580 427
3 0.565122 802 357 832 381
3 0.561493 1054 296 1103 322
3 0.555302 939 503 977 527
3 0.554741 1069 451 1101 476
3 0.554124 1048 323 1088 348
1 0.551283 2524 90 2607 173
3 0.550431 1103 319 1153 345
1 0.548734 0 546 26 630
3 0.545362 980 401 1010 425
1 0.544665 1466 257 1576 345
3 0.537777 977 502 1008 526
3 0.536623 1188 398 1220 424
3 0.532688 840 403 877 429
1 0.532242 396 166 488 240
3 0.531001 1157 424 1190 450
3 0.529833 738 288 798 311
1 0.528881 2182 0 2275 81
3 0.527697 1048 298 1094 324
1 0.521514 180 455 276 543
2 0.521288 1244 380 1285 422
2 0.520734 1243 424 1283 459
1 0.52033 2442 0 2524 68
3 0.517999 748 507 806 531
3 0.516237 1051 321 1103 346
1 0.516189 1562 632 1730 761
1 0.513636 0 457 27 552
3 0.509171 738 458 798 479
3 0.5068 1136 293 1164 320
3 0.503684 816 237 840 260
3 0.501053 983 324 1011 351
1 0.50046 2513 0 2684 82
