1 0.88165 1906 504 2209 650
3 0.859001 34 619 183 757
1 0.842888 1902 383 2205 521
2 0.813558 1485 344 1579 429
1 0.787313 2205 536 2432 664
2 0.786131 1486 429 1580 516
2 0.778356 1240 420 1288 457
1 0.768634 2432 561 2561 671
3 0.765486 746 621 937 744
3 0.761829 993 425 1044 451
3 0.749791 733 384 810 410
3 0.744471 935 402 981 426
3 0.744306 939 325 985 350
3 0.742169 2431 673 2559 815
2 0.740314 879 354 904 378
3 0.739016 587 611 738 737
3 0.726274 734 359 809 384
3 0.72599 935 426 980 452
3 0.725791 1913 645 2200 822
3 0.721199 998 399 1046 425
1 0.714273 1348 24 1451 98
3 0.710184 998 324 1049 350
3 0.708144 1754 459 1794 518
3 0.705069 736 311 808 336
2 0.703478 874 429 901 454
3 0.700238 1153 451 1188 478
3 0.700199 750 532 805 555
2 0.699056 699 361 732 385
2 0.694394 2296 665 2428 822
3 0.691109 1139 621 1343 751
3 0.689241 1045 425 1074 451
3 0.68786 185 610 326 742
3 0.685947 901 427 932 453
2 0.684042 1583 105 1645 185
3 0.681486 736 434 805 457
3 0.674322 938 377 983 400
3 0.673897 902 403 932 427
3 0.67379 1045 398 1074 425
1 0.673582 2300 427 2431 547
2 0.67186 853 430 877 455
3 0.664287 1072 399 1112 425
3 0.66176 1071 425 1105 451
3 0.661726 735 337 808 359
1 0.660032 2627 586 2681 674
3 0.655127 943 300 987 326
3 0.654938 268 504 318 546
3 0.64675 905 326 937 351
2 0.639923 1463 175 1581 261
2 0.639771 876 404 902 429
3 0.637873 1069 503 1101 529
1 0.635401 0 459 25 516
2 0.6347 853 356 878 379
3 0.622201 1096 424 1130 451
3 0.62084 267 463 317 506
3 0.620713 739 458 803 481
3 0.620572 936 350 983 378
2 0.61271 1579 182 1644 263
2 0.610362 1579 432 1644 520
3 0.607881 995 374 1047 398
3 0.607479 937 453 980 477
3 0.606037 0 645 29 778
3 0.599892 1091 451 1132 476
1 0.599382 2204 417 2429 545
3 0.597595 218 501 269 547
3 0.597326 749 508 808 533
3 0.594859 1001 299 1053 325
3 0.59418 1150 424 1190 451
3 0.592988 1003 503 1043 529
3 0.592357 1792 453 1826 515
3 0.588301 2563 575 2625 672
3 0.581712 268 542 320 601
2 0.579952 700 337 734 361
3 0.579274 171 499 219 548
3 0.578959 901 453 933 480
3 0.578527 941 623 1131 745
3 0.577404 984 324 1011 351
1 0.576562 34 455 104 511
2 0.574742 698 386 730 411
3 0.57121 2555 679 2624 796
3 0.570946 101 500 174 550
3 0.569442 980 425 1010 451
3 0.564536 1183 501 1218 530
3 0.563306 737 286 807 310
3 0.561411 1081 373 1130 398
3 0.559865 937 504 978 529
3 0.557887 1097 503 1147 529
3 0.554673 1048 323 1074 347
2 0.554376 1436 424 1484 458
1 0.554152 1753 514 1795 587
3 0.552514 807 334 848 357
3 0.552505 2621 680 2681 789
3 0.552336 29 539 157 622
2 0.549559 1477 259 1580 346
3 0.548313 1140 399 1193 425
3 0.548251 1146 372 1189 399
2 0.546645 698 434 729 458
3 0.544064 104 400 179 469
3 0.542308 1042 502 1071 529
3 0.541295 199 166 252 247
3 0.539927 1153 502 1185 529
2 0.539409 874 454 900 479
3 0.537267 514 521 561 561
3 0.535629 900 504 937 530
3 0.535371 1356 630 1537 755
3 0.532521 1288 458 1337 505
3 0.529607 803 456 830 478
1 0.52861 1291 373 1336 417
1 0.526317 2203 181 2419 372
1 0.526208 575 260 616 302
1 0.524987 1287 506 1337 553
3 0.522788 1069 322 1110 345
3 0.522305 463 611 587 737
1 0.520515 2204 230 2425 429
1 0.52006 2628 487 2679 585
2 0.511342 853 456 876 479
3 0.511211 1097 528 1147 551
3 0.510545 1186 424 1216 451
3 0.51004 809 253 843 284
3 0.507644 103 541 174 623
3 0.504634 266 411 317 467
3 0.503417 998 452 1043 479
3 0.503239 36 403 108 461
1 0.502994 1339 421 1436 457
1 0.501566 472 383 564 446
3 0.500972 1044 451 1072 478
