1 0.889016 28 537 179 627
1 0.861496 2300 421 2428 551
1 0.859485 2428 554 2566 681
1 0.85858 2303 541 2430 671
1 0.857104 29 452 179 543
1 0.850825 2421 445 2563 565
2 0.847656 1340 95 1451 175
1 0.847114 1902 506 2079 659
1 0.846445 1890 367 2078 516
2 0.83972 1337 255 1453 339
1 0.829863 2291 304 2420 430
1 0.820393 1915 647 2075 834
1 0.811001 2063 660 2308 825
1 0.810609 33 365 184 456
3 0.798467 997 424 1043 450
1 0.797634 2562 571 2688 686
2 0.79165 1339 172 1453 256
3 0.79024 187 618 319 733
1 0.783333 2284 193 2415 310
1 0.781553 2426 673 2566 820
3 0.781177 880 328 906 354
3 0.778846 879 354 904 377
2 0.777947 1342 18 1452 98
1 0.774204 2559 470 2685 585
1 0.770662 927 629 1142 754
1 0.767744 2075 395 2307 529
3 0.767658 1044 425 1082 450
1 0.763518 2415 336 2553 457
3 0.762717 1102 424 1154 451
3 0.761564 875 429 901 452
3 0.756398 876 405 901 427
3 0.752315 1160 293 1218 321
2 0.751671 1465 340 1578 430
3 0.750822 906 326 937 352
2 0.74668 1480 428 1576 514
3 0.743139 942 325 986 351
3 0.741424 1157 424 1219 451
3 0.740623 936 426 979 451
3 0.734555 901 427 931 452
1 0.733775 2413 235 2550 357
3 0.732561 995 399 1044 424
3 0.728469 1105 293 1160 320
3 0.728322 1156 451 1218 477
3 0.728058 1050 294 1105 322
1 0.727742 2546 265 2627 379
2 0.727078 1462 257 1579 345
3 0.725809 902 404 931 426
3 0.723452 1103 398 1156 424
3 0.721224 1048 322 1104 349
3 0.721104 1044 398 1095 425
3 0.717373 1051 424 1102 451
3 0.716337 936 402 982 425
1 0.715961 2512 0 2592 98
1 0.715615 2069 523 2310 670
3 0.711679 903 352 932 377
3 0.710997 1157 397 1219 424
1 0.705877 0 539 29 634
1 0.702042 2535 174 2617 271
3 0.701256 1104 319 1158 344
3 0.695188 990 323 1046 350
3 0.694144 1160 371 1221 397
3 0.693818 1007 501 1044 527
1 0.691221 45 268 193 364
2 0.687771 395 377 471 456
3 0.687476 1155 499 1216 529
3 0.686695 944 298 987 325
3 0.686161 735 384 808 408
3 0.684808 1161 319 1220 345
3 0.680075 1099 451 1149 483
2 0.679899 1338 338 1447 424
1 0.678631 1873 0 2069 139
1 0.677358 0 268 53 369
3 0.677337 940 378 985 400
1 0.671025 177 536 345 617
1 0.668859 2548 370 2641 479
1 0.666425 2065 149 2205 276
3 0.665275 875 453 900 477
1 0.660916 394 232 470 311
3 0.658342 991 298 1048 324
1 0.655308 176 455 352 541
3 0.654693 940 351 984 378
3 0.648449 1105 372 1157 397
1 0.646496 0 453 30 546
3 0.645312 908 300 940 326
3 0.642832 1096 500 1146 529
3 0.642727 900 453 935 478
3 0.637541 1006 526 1046 551
3 0.629466 1065 500 1098 528
3 0.62833 808 333 833 356
1 0.624462 2527 85 2607 179
3 0.623032 1045 500 1075 527
3 0.622136 736 311 811 334
3 0.614507 1001 453 1043 481
1 0.614473 0 364 45 460
3 0.612529 1096 527 1146 552
2 0.612131 1291 19 1343 94
3 0.609819 807 357 830 380
2 0.607469 1292 256 1337 337
3 0.604233 939 452 979 479
3 0.601677 850 430 878 454
3 0.601238 985 324 1030 350
3 0.600528 842 331 880 355
3 0.592757 847 357 878 380
3 0.59134 702 359 737 383
3 0.589735 1063 527 1098 551
3 0.585714 1041 526 1074 551
3 0.583607 1288 552 1340 584
1 0.582923 0 161 66 276
2 0.581972 1292 174 1338 254
1 0.581025 2073 272 2209 395
1 0.58031 2390 0 2522 62
3 0.578467 741 433 805 456
2 0.574783 1453 96 1575 178
3 0.573486 882 301 907 328
3 0.573103 745 457 803 478
3 0.572673 736 358 802 384
1 0.572524 2388 48 2497 127
3 0.571461 26 621 189 760
3 0.570233 980 425 1009 450
3 0.567441 810 287 835 311
3 0.566782 805 431 829 455
3 0.56639 476 628 581 738
2 0.565494 1244 381 1284 423
2 0.560652 1458 173 1580 260
3 0.559022 943 503 979 527
3 0.558975 991 374 1044 398
1 0.55714 100 0 246 86
2 0.550059 1242 424 1283 457
3 0.544219 1358 629 1546 759
1 0.540532 390 162 472 243
2 0.538654 1289 371 1335 422
1 0.536545 2057 0 2193 71
1 0.535625 2559 676 2688 822
3 0.535561 849 404 877 428
3 0.534733 804 457 828 477
3 0.531739 1044 450 1074 482
3 0.530051 736 336 802 358
3 0.524247 577 627 752 740
1 0.519427 2158 526 2311 669
3 0.506898 904 380 933 403
3 0.502933 705 337 739 358
