2 0.89311 818 77 920 123
2 0.886844 259 212 301 266
3 0.885094 1064 366 1165 416
3 0.883049 1007 366 1062 417
3 0.882927 1058 269 1161 318
2 0.882765 818 124 921 172
2 0.882536 818 172 922 222
3 0.88056 1009 417 1063 467
2 0.880167 257 261 299 317
3 0.877619 824 271 930 321
3 0.876574 1063 318 1164 366
2 0.876129 919 76 986 124
2 0.875323 141 282 175 336
3 0.874885 1223 317 1316 364
3 0.874822 1220 272 1314 318
2 0.874246 1045 85 1150 132
3 0.874145 1003 318 1061 366
3 0.874054 936 320 1002 369
2 0.873985 576 384 634 440
2 0.873891 140 330 173 384
3 0.873308 773 477 828 527
3 0.872704 1364 455 1431 497
3 0.871983 826 321 933 373
3 0.871912 1065 417 1166 464
3 0.871603 704 273 767 323
2 0.871341 635 273 701 327
3 0.871224 1225 364 1318 412
2 0.871008 1048 129 1151 177
3 0.870891 1055 223 1158 270
2 0.870182 569 173 635 226
3 0.869446 1224 412 1319 458
3 0.868995 827 424 936 475
3 0.868858 827 372 935 424
3 0.86879 770 375 825 426
3 0.868689 1359 366 1430 411
3 0.868637 770 426 826 476
2 0.86858 766 78 818 126
3 0.868191 768 273 822 322
2 0.867511 922 172 988 220
2 0.867141 508 124 571 180
2 0.866448 172 321 256 376
3 0.866276 937 369 1004 418
2 0.866048 173 272 258 329
2 0.865772 987 172 1052 220
2 0.865732 1051 175 1154 223
2 0.865619 766 126 817 174
2 0.865394 1208 96 1299 144
2 0.865067 570 276 635 331
2 0.864626 921 124 986 173
2 0.864437 1342 190 1419 239
3 0.86432 1319 411 1362 456
3 0.864008 708 379 768 429
2 0.863587 400 138 507 196
2 0.862736 571 121 637 174
2 0.862238 397 291 502 346
3 0.862062 1351 276 1424 322
3 0.861623 1355 321 1428 366
3 0.86137 996 268 1058 318
2 0.861059 985 78 1047 124
3 0.861031 821 223 926 270
3 0.859662 1164 317 1223 365
2 0.859484 766 172 818 221
2 0.859163 569 224 635 278
3 0.858995 1316 320 1357 364
2 0.858333 256 311 297 366
2 0.858311 506 177 570 230
2 0.858145 177 176 265 238
2 0.857843 706 128 767 176
3 0.857799 1064 463 1166 512
2 0.856988 263 163 304 218
2 0.856931 706 175 766 223
2 0.856623 142 234 177 290
2 0.856345 1338 148 1417 196
3 0.855832 766 223 820 272
3 0.855801 706 324 767 377
2 0.855584 1151 132 1212 180
2 0.855259 505 283 569 336
3 0.854909 770 323 823 375
3 0.854613 1318 365 1359 410
3 0.854466 1223 458 1319 505
3 0.854361 1361 411 1431 455
2 0.854277 298 255 363 310
3 0.85414 1217 227 1310 273
2 0.85388 173 225 261 284
3 0.85354 1160 270 1222 318
2 0.853379 397 344 501 398
3 0.853248 175 418 254 472
2 0.851438 297 306 360 360
3 0.8506 1166 365 1224 413
3 0.850208 938 419 1006 471
3 0.849707 828 475 937 526
2 0.847814 1214 182 1304 229
2 0.847783 637 118 701 171
2 0.847507 299 205 366 259
3 0.846594 173 368 255 424
2 0.845785 1335 108 1413 155
2 0.844333 109 337 141 389
2 0.844056 1154 177 1215 224
3 0.843595 51 434 108 487
2 0.843129 985 124 1050 173
2 0.8429 1211 139 1301 186
3 0.842656 179 518 256 570
2 0.84207 635 220 701 273
3 0.841052 177 469 254 520
3 0.840964 352 402 396 455
3 0.840706 992 222 1054 268
3 0.8406 256 411 298 465
3 0.840285 1313 274 1353 320
2 0.839767 398 240 503 296
2 0.839126 1150 89 1208 135
3 0.839 1319 456 1364 500
2 0.838793 1420 237 1473 282
3 0.837946 1158 225 1219 271
2 0.836692 706 79 767 128
2 0.835973 505 230 569 284
3 0.835853 1010 466 1063 514
2 0.835796 9 356 50 410
3 0.834228 400 451 505 502
3 0.833168 110 480 141 528
3 0.833102 1167 413 1224 460
3 0.833019 54 485 109 533
3 0.832969 931 268 998 319
3 0.832088 925 222 993 267
2 0.83094 397 188 504 246
2 0.830748 1418 197 1470 243
2 0.830275 636 170 701 222
2 0.828029 50 342 109 399
3 0.827548 304 510 355 563
2 0.827134 54 204 116 267
3 0.825788 141 523 181 571
3 0.823688 110 383 142 433
2 0.823093 109 290 143 343
2 0.821899 110 242 144 296
2 0.82176 1299 102 1337 148
3 0.821555 140 475 178 524
2 0.821473 1346 234 1422 279
2 0.82054 357 300 397 354
2 0.820075 50 300 109 356
3 0.819895 354 506 402 560
3 0.818235 512 444 573 495
3 0.817977 639 436 705 489
2 0.817667 362 250 397 303
2 0.814701 1414 155 1468 204
3 0.814039 938 471 1006 523
3 0.813726 1310 232 1349 276
2 0.813268 51 254 112 314
2 0.81257 12 312 51 363
3 0.811908 299 407 351 461
2 0.810371 145 187 181 243
3 0.809366 258 515 305 565
3 0.807881 1431 410 1512 451
2 0.805891 1410 114 1462 162
3 0.804654 1166 461 1225 508
3 0.803481 140 425 175 476
3 0.801209 109 430 140 481
3 0.799788 141 378 173 430
3 0.799179 401 501 511 557
2 0.797815 635 382 703 436
3 0.796386 1423 280 1482 323
2 0.795441 1301 144 1339 191
2 0.793914 302 156 368 211
3 0.78952 256 464 301 514
2 0.787293 114 193 149 251
3 0.785824 1426 322 1493 366
3 0.785012 352 456 399 507
3 0.784743 1429 366 1510 409
3 0.784399 111 527 143 573
3 0.783415 705 223 766 272
3 0.781469 50 388 109 442
2 0.777594 364 198 399 252
3 0.776074 255 361 296 415
3 0.77411 301 460 354 512
2 0.772082 1305 187 1343 235
2 0.767761 14 268 53 322
3 0.767455 11 446 53 492
3 0.757614 57 531 112 575
2 0.756757 16 226 56 276
2 0.75449 1458 121 1492 166
2 0.739928 1512 409 1542 450
2 0.733681 366 153 400 202
3 0.730076 514 496 576 551
3 0.726024 10 401 52 451
2 0.723528 354 352 396 403
3 0.719758 578 492 643 546
2 0.713114 1471 240 1498 285
2 0.708307 1513 450 1541 491
2 0.703247 712 532 777 558
2 0.697264 1463 160 1495 206
3 0.695024 1433 452 1513 494
2 0.690054 1467 202 1497 244
2 0.686382 709 430 770 479
3 0.685705 509 389 570 442
2 0.682491 711 481 774 531
2 0.670045 298 356 354 408
2 0.663238 570 330 635 383
3 0.662423 646 489 708 540
2 0.661303 14 490 55 535
2 0.647012 578 440 638 491
2 0.62782 777 528 829 554
3 0.627532 635 327 702 382
2 0.596818 635 327 702 381
3 0.569087 505 337 568 387
2 0.520616 0 278 15 329
2 0.517018 830 523 937 548
3 0.500763 578 440 639 492
