3 0.904656 1320 413 1362 456
3 0.895763 1319 367 1360 412
2 0.8933 820 128 922 174
3 0.892563 1360 368 1432 412
2 0.891589 705 226 765 275
2 0.888107 1050 132 1152 178
2 0.886635 923 128 987 173
3 0.886601 1362 413 1433 455
3 0.884892 1357 324 1430 368
2 0.880507 821 174 925 224
2 0.877923 705 178 766 225
2 0.876369 767 275 822 324
2 0.876192 985 82 1048 128
2 0.875448 765 176 820 225
2 0.873988 1047 87 1149 133
2 0.873988 923 82 986 126
2 0.870716 1209 96 1301 145
2 0.868048 1347 236 1424 283
3 0.867434 933 272 998 318
2 0.865982 1052 177 1154 223
2 0.865667 260 517 304 568
2 0.86552 986 129 1050 173
2 0.865413 301 462 351 514
2 0.865218 925 174 990 221
2 0.865097 765 129 820 175
3 0.862978 1226 458 1320 503
2 0.862682 174 230 260 286
2 0.861202 257 466 302 518
2 0.858921 296 308 358 362
2 0.858767 138 283 175 337
2 0.858253 989 173 1052 221
3 0.85823 1162 273 1219 317
2 0.858043 297 256 363 312
3 0.853902 1320 457 1363 500
2 0.853506 1343 192 1419 240
3 0.851765 1433 369 1513 412
2 0.851038 1212 141 1303 190
2 0.85018 704 130 766 176
2 0.848588 573 495 637 553
2 0.847966 297 208 367 263
2 0.846995 398 399 510 452
3 0.84665 1226 414 1319 458
3 0.846429 1168 320 1220 366
2 0.845391 173 324 256 382
2 0.844866 1150 90 1209 136
3 0.844754 1431 327 1510 370
3 0.844491 1317 322 1358 366
2 0.843104 304 513 353 565
2 0.842599 569 228 641 281
2 0.841346 1340 151 1415 198
2 0.840218 712 483 772 532
2 0.83974 820 81 921 127
2 0.8374 639 177 705 225
2 0.836035 173 275 258 333
2 0.835874 569 178 641 228
2 0.834313 109 245 144 297
2 0.8335 640 226 704 277
3 0.83253 938 321 1000 368
2 0.829477 1337 110 1411 157
2 0.82905 255 263 298 319
2 0.828722 140 240 177 291
2 0.828706 1152 134 1213 181
3 0.828325 1435 412 1513 453
2 0.826594 300 162 372 215
2 0.825939 299 412 352 461
2 0.825615 641 129 704 175
2 0.824441 570 130 643 178
2 0.822568 259 169 304 224
2 0.8221 516 498 571 562
2 0.821347 136 332 175 388
2 0.821232 640 277 704 331
2 0.820864 641 490 709 543
2 0.820305 399 503 513 562
2 0.818116 1215 185 1306 233
2 0.8175 1154 180 1215 226
2 0.816746 256 217 300 272
2 0.81442 570 279 641 335
2 0.81253 107 336 140 392
2 0.811798 108 289 142 343
3 0.81157 824 323 932 374
2 0.81139 398 141 509 198
2 0.811265 54 212 116 267
2 0.808368 772 480 826 528
2 0.806743 516 393 569 445
2 0.806442 1418 199 1469 245
2 0.80623 395 242 507 301
2 0.800426 255 313 296 368
1 0.800161 177 522 259 573
3 0.800121 1222 320 1317 366
2 0.797821 706 276 766 326
2 0.797138 1414 157 1467 203
2 0.79408 352 407 397 458
3 0.794038 1004 320 1060 367
2 0.792741 396 192 507 249
2 0.792216 399 451 512 505
3 0.791351 1059 272 1161 317
3 0.789585 1065 418 1169 464
2 0.787965 112 204 146 253
2 0.787219 256 417 296 467
2 0.785438 1411 117 1461 162
2 0.785129 1300 105 1338 149
3 0.778518 1066 466 1171 515
2 0.77557 351 458 398 510
2 0.774832 770 325 823 377
3 0.770882 994 223 1055 271
2 0.770211 50 255 113 316
2 0.765791 1422 241 1474 286
2 0.764844 1302 146 1341 192
3 0.764171 1063 369 1167 417
1 0.764064 821 226 928 273
3 0.763683 174 471 257 523
3 0.761754 999 271 1058 318
3 0.76088 1055 224 1157 271
2 0.757691 47 444 78 492
3 0.754071 1175 461 1225 508
3 0.745098 936 471 1006 521
2 0.744527 573 441 637 496
2 0.743786 394 292 508 355
2 0.739272 143 198 179 247
2 0.735733 49 300 111 359
2 0.728019 352 508 400 563
3 0.72636 930 223 995 270
3 0.718513 1007 468 1063 519
2 0.713281 1306 189 1345 236
3 0.699031 939 371 1003 420
2 0.691156 573 387 636 441
3 0.682856 139 478 176 527
3 0.68022 828 476 934 523
3 0.674279 937 422 1005 470
2 0.672316 639 437 710 492
1 0.670421 1062 319 1164 367
1 0.668437 1172 368 1222 414
2 0.664261 47 304 71 360
1 0.658283 108 482 143 529
2 0.657911 77 344 109 397
3 0.655571 710 329 767 379
2 0.653555 76 439 108 487
2 0.648938 1458 123 1493 167
2 0.643332 358 303 397 357
3 0.637177 1428 283 1501 328
2 0.63619 56 346 109 397
2 0.631431 297 365 353 414
3 0.630056 1007 369 1061 418
3 0.627611 49 489 80 536
2 0.619777 1467 205 1500 247
2 0.616771 176 184 262 239
1 0.612014 141 478 175 527
3 0.610406 1434 454 1514 485
3 0.60901 1174 415 1223 461
2 0.600892 765 226 821 274
3 0.600478 142 526 180 574
2 0.591647 1464 163 1496 208
1 0.586943 1225 367 1318 413
2 0.579163 638 384 709 437
1 0.575564 771 379 825 428
3 0.569392 1157 229 1216 273
2 0.566916 16 282 49 326
3 0.560325 138 383 175 434
3 0.555807 1008 420 1062 467
3 0.551856 78 485 110 532
3 0.54804 1219 275 1313 318
3 0.543999 1363 457 1432 495
2 0.543557 15 326 48 364
3 0.540579 1225 367 1319 413
2 0.531648 711 432 770 483
2 0.526865 765 85 819 128
1 0.517057 822 274 930 322
2 0.514339 1471 244 1503 287
3 0.512078 1217 232 1309 276
3 0.510404 826 375 933 426
3 0.507151 1313 278 1354 322
2 0.506033 516 444 571 498
