2 0.900438 818 79 922 126
3 0.888383 771 479 826 527
2 0.888352 819 174 923 224
3 0.887723 1223 412 1319 458
3 0.885348 823 323 933 373
2 0.883546 578 385 636 441
3 0.882768 1319 411 1362 456
3 0.879997 1220 321 1317 366
3 0.878347 826 425 936 476
2 0.877983 766 175 819 224
2 0.877024 1339 150 1415 197
2 0.876619 819 127 922 174
2 0.875905 1047 86 1149 132
3 0.874494 1361 412 1433 455
3 0.874418 1158 273 1219 318
3 0.874399 1054 224 1155 271
3 0.87417 824 374 935 425
3 0.874014 1058 271 1159 317
3 0.873704 1162 320 1221 366
3 0.873635 1362 455 1433 500
2 0.872798 702 177 766 224
2 0.872647 176 179 263 239
2 0.871269 1048 130 1150 177
2 0.871191 765 128 819 176
2 0.870668 634 327 702 383
2 0.870411 136 282 174 337
3 0.868908 1060 319 1162 365
3 0.868773 1318 367 1361 411
3 0.868548 1355 323 1428 366
2 0.868137 257 213 300 270
2 0.867832 1051 176 1152 223
2 0.867799 1215 185 1304 230
3 0.864878 1315 322 1357 366
2 0.864584 170 321 257 378
3 0.864474 1224 458 1319 504
2 0.864217 1211 141 1300 188
3 0.863373 1155 226 1217 272
2 0.862903 1210 98 1298 144
3 0.861246 828 476 936 525
2 0.861035 703 130 767 176
3 0.860983 1359 367 1431 411
2 0.860335 578 441 638 494
2 0.859967 568 177 638 227
2 0.857124 173 226 260 285
2 0.856593 703 81 769 128
2 0.856261 766 80 819 127
2 0.85588 921 79 985 126
3 0.855089 1165 367 1222 414
2 0.854921 172 274 258 333
2 0.854667 570 278 636 332
2 0.852972 138 331 172 384
2 0.852654 260 168 301 222
3 0.852134 1062 366 1165 415
2 0.85148 634 275 701 328
3 0.851001 822 273 931 322
2 0.850655 573 330 635 385
2 0.850191 636 124 702 174
2 0.849653 568 226 636 279
2 0.849353 1342 191 1418 239
3 0.847826 1218 275 1314 320
2 0.847505 1345 235 1422 281
2 0.847337 397 344 506 399
2 0.84632 1336 109 1412 156
2 0.846095 168 368 258 426
2 0.845563 636 175 701 224
2 0.845274 922 126 987 173
2 0.844367 1153 179 1215 223
2 0.842764 296 255 363 312
2 0.842743 255 261 297 319
2 0.842571 398 396 506 452
3 0.842533 1168 414 1223 461
2 0.841817 1151 133 1212 180
2 0.841644 295 306 360 362
3 0.839309 770 430 825 479
3 0.837683 936 321 1001 369
2 0.83741 635 225 701 276
3 0.836457 1222 367 1319 412
3 0.83625 1002 320 1060 366
2 0.835736 570 126 638 177
2 0.834275 396 291 506 348
2 0.834001 258 362 295 413
2 0.832804 923 173 988 221
2 0.83224 1300 146 1340 191
3 0.831493 1001 271 1058 318
2 0.831183 255 311 295 366
2 0.830519 117 383 141 436
3 0.830424 1169 461 1224 508
3 0.830306 1426 323 1477 367
2 0.828098 138 238 177 292
2 0.826846 641 491 709 554
2 0.825556 172 470 257 522
3 0.823435 1319 457 1363 501
2 0.823314 1425 282 1476 324
3 0.823198 1064 416 1167 465
2 0.820873 1421 239 1473 283
3 0.820623 933 270 999 319
2 0.820422 1298 105 1337 148
2 0.819356 395 242 507 297
3 0.818542 937 369 1004 420
3 0.817733 770 377 823 428
2 0.816085 702 226 766 274
2 0.815929 108 245 143 299
2 0.814592 987 173 1051 221
2 0.813144 396 144 508 198
3 0.813072 1429 367 1479 410
2 0.81149 703 276 766 325
2 0.81088 1149 90 1209 135
3 0.8098 1432 410 1485 452
2 0.809492 106 290 140 344
2 0.808383 109 335 141 389
2 0.806175 704 327 767 378
2 0.806111 297 206 368 263
2 0.804692 142 193 180 247
2 0.801114 256 410 297 467
3 0.801065 1063 465 1169 514
2 0.80096 578 495 640 552
2 0.799522 1303 188 1343 232
2 0.798543 395 189 507 247
2 0.796308 139 378 170 432
2 0.796237 299 159 377 214
2 0.795118 295 358 356 411
2 0.793223 507 129 571 182
2 0.785394 255 464 301 518
2 0.783455 984 79 1048 127
2 0.780811 712 483 770 529
2 0.778775 985 126 1050 174
2 0.775927 1348 280 1425 323
3 0.775066 769 325 822 375
2 0.774362 51 396 78 447
3 0.772629 108 482 142 529
2 0.772404 74 390 102 444
3 0.772372 1005 368 1062 417
3 0.768999 1311 278 1351 322
3 0.764948 139 479 174 527
2 0.762782 399 451 507 505
2 0.762455 1417 200 1471 242
2 0.762439 638 437 708 490
2 0.761679 355 354 397 406
3 0.760038 138 428 170 482
3 0.757502 106 432 140 485
2 0.753589 514 498 577 554
2 0.752508 113 201 146 252
2 0.752472 1413 157 1473 202
3 0.752151 707 380 768 432
2 0.747394 400 504 508 560
2 0.742382 1410 118 1467 161
2 0.74143 48 304 79 359
3 0.738199 50 489 81 536
2 0.738037 506 181 569 236
3 0.734626 141 523 178 574
3 0.733177 80 531 111 577
3 0.727441 79 486 109 532
3 0.724116 928 224 994 269
2 0.708989 74 299 109 355
3 0.708639 12 493 50 539
2 0.705304 635 382 705 438
2 0.70522 49 257 87 316
3 0.704817 710 433 769 483
3 0.703978 1479 368 1514 410
3 0.702045 12 538 49 579
2 0.701388 170 417 257 475
3 0.699276 175 521 259 573
2 0.698994 12 361 48 407
3 0.698152 109 528 145 575
2 0.69776 49 350 77 401
3 0.691483 1476 326 1513 368
2 0.688728 51 214 91 270
2 0.683318 295 407 352 463
3 0.682854 352 405 397 458
3 0.672093 49 533 82 579
2 0.668233 17 319 50 365
2 0.666845 1471 243 1500 286
3 0.665042 350 457 397 510
3 0.66353 938 421 1005 472
3 0.657633 258 517 305 567
2 0.656345 1474 284 1509 325
2 0.653534 767 226 820 273
2 0.64433 91 385 116 440
3 0.640135 1307 233 1347 278
2 0.636932 358 301 396 355
2 0.636379 11 402 50 450
3 0.633006 1216 228 1309 274
2 0.630836 364 200 397 256
3 0.619505 995 224 1055 270
2 0.616007 83 251 114 309
3 0.610964 1433 410 1513 452
2 0.61047 87 207 117 261
2 0.608658 85 340 113 393
2 0.599592 96 385 122 440
2 0.595914 361 251 396 304
2 0.590258 74 346 103 398
3 0.590216 938 421 1059 472
2 0.586356 1855 434 1881 480
2 0.583927 506 233 569 289
2 0.577518 773 527 826 559
2 0.558001 106 383 134 438
2 0.550292 1470 205 1497 245
2 0.537861 301 513 353 565
3 0.537689 939 469 1062 520
3 0.53588 1479 410 1515 451
3 0.534272 12 446 50 497
3 0.529867 1434 452 1509 497
2 0.526814 768 275 821 324
2 0.516983 298 460 350 514
3 0.509867 938 472 1006 521
