2 0.902659 818 128 921 174
3 0.898525 1359 368 1430 411
3 0.886814 1355 324 1427 367
2 0.88253 766 175 819 225
2 0.882126 820 174 922 224
3 0.880422 1433 411 1511 453
2 0.879438 1345 238 1421 282
3 0.878389 1055 224 1156 270
2 0.877939 1049 131 1151 179
2 0.873794 817 80 921 127
3 0.872209 1162 272 1217 317
2 0.871368 171 323 256 379
2 0.871232 1052 177 1153 223
2 0.870911 765 128 818 175
1 0.87042 822 226 927 272
2 0.869817 1209 97 1300 147
2 0.869502 765 84 817 127
2 0.868922 1047 86 1148 133
3 0.86826 1430 369 1510 411
3 0.867725 1058 271 1161 316
2 0.865227 923 128 986 173
2 0.865019 176 182 261 238
2 0.864988 569 278 634 335
2 0.86334 1336 108 1410 157
3 0.862255 1362 456 1432 501
2 0.861971 137 332 173 385
2 0.860547 389 290 505 350
2 0.860016 1342 192 1417 241
2 0.859895 1339 151 1414 197
3 0.859491 1427 324 1509 368
2 0.858696 136 282 175 337
2 0.858068 172 275 258 333
3 0.857746 1318 367 1359 411
2 0.857568 703 177 765 225
3 0.856787 1168 320 1218 364
2 0.855336 175 226 260 285
2 0.854656 633 276 701 331
2 0.854189 257 214 300 270
3 0.853629 1361 412 1431 455
2 0.852785 713 483 773 533
2 0.852171 703 128 765 176
2 0.851095 296 256 366 313
2 0.849244 1211 140 1302 189
2 0.848755 255 261 297 318
2 0.848173 983 79 1047 126
2 0.847078 255 467 301 518
2 0.846167 259 169 301 222
2 0.844721 924 174 987 220
2 0.844375 1153 180 1214 225
2 0.8435 298 207 368 262
2 0.842777 569 177 637 227
2 0.842106 295 307 365 362
3 0.842006 826 426 934 476
2 0.841398 256 517 301 566
2 0.841055 641 492 708 549
3 0.84039 1157 226 1215 270
2 0.83958 1150 90 1209 136
2 0.835901 768 275 820 323
3 0.834731 1224 459 1319 504
2 0.834131 392 344 505 400
2 0.833306 396 396 504 453
2 0.831348 1301 147 1340 192
2 0.830979 985 128 1049 173
2 0.830436 1152 134 1212 182
2 0.829966 299 160 371 214
2 0.828466 254 311 296 367
2 0.828155 569 227 635 280
2 0.826661 1420 241 1498 282
2 0.825136 703 227 764 274
2 0.824831 390 240 505 298
2 0.823847 1299 104 1337 150
2 0.823618 923 80 983 126
2 0.822327 635 225 701 276
2 0.821787 176 520 255 570
2 0.821256 578 442 634 494
2 0.821088 138 239 178 292
2 0.820735 506 232 569 286
2 0.819885 507 284 570 340
2 0.818163 987 173 1051 220
2 0.816819 510 129 570 183
2 0.81536 1214 184 1305 230
2 0.812641 636 174 700 224
2 0.81185 173 471 256 521
2 0.810724 393 191 507 248
2 0.810309 396 142 510 198
2 0.809537 570 125 637 176
3 0.809348 1225 414 1317 457
2 0.809232 109 336 141 390
3 0.80892 1062 367 1166 415
2 0.80882 108 244 143 299
2 0.806985 507 181 569 235
2 0.804484 578 495 637 549
2 0.800533 1412 158 1480 202
2 0.799747 637 120 702 174
3 0.798437 710 381 768 430
3 0.798341 1222 321 1315 365
3 0.795912 1320 412 1361 456
2 0.795035 507 339 573 389
3 0.792959 1320 457 1361 502
2 0.788316 141 194 180 247
2 0.786912 1408 117 1467 162
2 0.784081 108 289 141 343
3 0.782227 1316 323 1356 365
3 0.780678 773 429 824 477
2 0.77248 110 385 141 437
3 0.771161 400 504 507 560
2 0.77044 1417 198 1488 243
3 0.770376 1216 229 1309 274
2 0.769982 398 452 505 504
2 0.768172 255 413 299 467
3 0.767553 1434 454 1512 499
2 0.764891 170 371 255 426
2 0.764379 297 357 362 411
2 0.762731 828 476 935 525
3 0.761727 708 329 766 377
2 0.761213 508 389 575 444
3 0.759975 1065 465 1169 517
3 0.759743 1350 280 1424 324
2 0.756564 48 397 80 448
2 0.755021 704 83 766 127
2 0.751876 112 201 145 252
2 0.744429 78 344 111 398
2 0.740912 49 349 81 405
2 0.740268 77 390 109 443
3 0.739257 1173 461 1222 508
2 0.734072 170 420 255 473
3 0.731449 1218 275 1312 320
3 0.730707 50 487 82 535
3 0.727871 1169 367 1219 413
2 0.725176 771 378 823 427
2 0.724181 48 303 80 360
2 0.723774 142 524 177 573
2 0.723322 573 334 632 384
2 0.72158 255 364 296 416
3 0.719721 939 422 1061 470
2 0.717632 578 385 632 440
3 0.709167 1223 367 1317 412
2 0.708927 704 276 765 326
2 0.708703 50 253 112 315
3 0.696779 928 222 993 268
2 0.690862 775 480 825 531
2 0.684274 74 299 110 357
2 0.678396 49 257 96 317
3 0.677934 825 323 930 373
3 0.671602 935 271 1057 319
2 0.671503 1304 189 1343 233
2 0.67058 638 438 707 489
3 0.666501 991 222 1054 269
3 0.662443 81 484 109 532
2 0.66079 58 300 110 357
2 0.658369 53 210 114 268
3 0.657164 826 375 932 425
3 0.657029 933 271 1010 319
3 0.655997 48 442 80 492
3 0.654909 990 271 1057 317
1 0.643596 823 273 929 321
3 0.636484 1172 415 1221 459
3 0.630276 510 445 574 497
2 0.628559 633 331 702 381
3 0.626467 11 447 48 496
3 0.62415 300 409 355 462
2 0.619387 1424 283 1505 324
2 0.618495 767 226 819 272
3 0.614406 938 371 1060 420
2 0.598555 138 379 171 433
3 0.58435 10 492 39 539
2 0.581108 301 463 349 513
2 0.571017 19 316 50 364
3 0.563983 940 471 1061 524
2 0.551598 11 405 44 452
3 0.550879 139 479 175 527
2 0.543666 1208 67 1298 101
3 0.533279 81 531 111 577
2 0.52515 366 201 396 255
2 0.515021 302 514 350 565
3 0.508975 634 383 705 436
2 0.506157 770 327 821 375
3 0.500916 1064 417 1167 463
3 0.500776 108 481 142 530
