3 0.90208 1223 322 1317 367
2 0.893964 820 173 924 223
3 0.89143 1060 270 1162 317
3 0.886071 1064 318 1165 366
3 0.88314 1162 273 1221 318
2 0.881831 769 324 824 375
3 0.881726 1316 323 1360 367
2 0.880594 771 480 826 527
3 0.879463 1226 414 1318 460
2 0.879037 139 281 176 337
2 0.878557 258 212 302 268
2 0.876259 820 77 922 126
2 0.876244 768 274 823 322
3 0.874244 1066 368 1167 418
2 0.874146 572 122 638 175
2 0.873938 988 79 1049 127
3 0.873546 999 270 1060 317
2 0.873259 571 174 638 225
2 0.873136 256 464 303 515
2 0.871492 819 126 923 173
3 0.870877 1226 367 1318 414
2 0.870622 257 260 300 318
2 0.870495 578 440 636 496
3 0.870401 1226 460 1319 505
3 0.870151 1005 319 1062 366
2 0.870033 141 234 178 289
2 0.868944 1344 192 1422 240
3 0.868639 932 272 998 319
3 0.868344 938 370 1004 421
3 0.86807 1008 369 1064 419
2 0.867712 572 276 637 337
3 0.867361 1166 319 1223 366
2 0.867256 297 307 362 364
2 0.866943 766 174 819 225
2 0.866927 989 173 1053 221
2 0.865964 766 127 819 174
3 0.865161 1220 277 1314 321
3 0.865096 1218 230 1311 276
2 0.865004 988 127 1051 173
2 0.864926 706 275 766 325
2 0.863979 767 78 819 127
3 0.863833 937 321 1001 369
2 0.863681 637 274 705 330
2 0.862929 1214 141 1305 188
2 0.862811 922 77 987 125
2 0.862796 298 254 367 312
2 0.86259 638 120 702 172
2 0.861186 302 460 349 511
2 0.860994 923 126 988 173
3 0.860978 938 472 1007 522
2 0.860847 402 450 515 505
2 0.860712 1348 236 1424 282
2 0.860206 137 331 174 385
2 0.859886 638 222 704 274
3 0.859481 825 322 932 374
2 0.858946 1342 152 1419 199
2 0.858824 704 175 767 228
2 0.857804 571 224 638 278
3 0.857324 928 221 996 270
2 0.857146 925 173 990 220
2 0.857118 704 128 767 176
3 0.854513 1158 226 1218 272
2 0.854305 509 127 573 180
2 0.853199 401 399 512 453
2 0.852999 638 172 703 223
2 0.852923 578 384 634 440
3 0.852811 938 422 1006 472
2 0.852742 256 310 298 367
2 0.852674 1304 147 1342 192
2 0.852637 263 165 305 221
2 0.852499 402 504 516 563
2 0.849871 258 514 305 566
2 0.849514 177 180 228 238
2 0.849305 399 137 508 196
2 0.849218 706 79 768 128
3 0.847879 1009 420 1065 469
2 0.847401 507 178 572 230
2 0.846367 1217 184 1307 231
2 0.846001 518 499 576 563
3 0.845347 112 480 143 529
2 0.845284 1420 201 1472 245
2 0.844503 1422 241 1475 287
3 0.841469 993 223 1057 270
3 0.840902 826 374 934 426
3 0.840721 1169 367 1224 415
2 0.83967 1340 110 1416 158
2 0.839114 172 275 221 332
2 0.83907 1151 91 1213 138
3 0.838802 1067 418 1169 466
3 0.838509 1360 324 1430 368
2 0.838121 1155 180 1217 225
2 0.837923 139 380 173 434
2 0.837058 705 226 766 274
2 0.836478 1212 99 1303 146
3 0.836395 1172 415 1224 462
2 0.835472 715 484 770 532
2 0.834673 1153 135 1215 182
2 0.833781 223 174 267 230
2 0.833505 767 226 821 273
2 0.831424 217 270 261 325
2 0.831327 300 203 371 260
2 0.829642 301 409 349 462
3 0.829201 140 477 177 526
2 0.828238 173 228 225 283
2 0.827628 637 331 708 381
3 0.8276 1317 368 1361 413
2 0.826827 220 221 263 277
2 0.826322 508 229 571 282
2 0.825276 108 336 140 388
2 0.823664 349 457 400 509
2 0.823384 144 187 181 243
2 0.822649 302 156 375 212
2 0.822091 576 496 636 559
2 0.819476 358 301 398 358
2 0.818397 110 241 145 298
2 0.818229 638 494 711 558
2 0.816219 109 288 143 343
3 0.816198 1174 462 1226 509
3 0.8151 1058 225 1159 271
2 0.813958 508 282 573 343
3 0.813568 1434 412 1517 454
2 0.812003 256 415 301 467
2 0.808355 257 363 298 418
2 0.808073 13 313 50 364
2 0.805841 110 383 141 436
2 0.805029 1302 104 1341 151
2 0.796519 299 362 353 413
2 0.795802 364 249 400 304
2 0.794671 637 437 710 494
2 0.794462 110 527 144 572
3 0.793106 1067 466 1171 516
2 0.792464 217 319 259 372
2 0.792304 1417 160 1468 205
3 0.785366 1361 369 1433 412
2 0.785187 113 195 149 253
3 0.781142 1319 460 1362 501
2 0.77712 399 189 505 246
3 0.772982 1319 413 1362 459
2 0.772529 1306 189 1346 235
2 0.771344 303 511 352 565
2 0.769209 1412 118 1465 167
2 0.768975 350 508 401 564
2 0.767463 517 444 577 498
2 0.76714 172 324 218 380
2 0.764961 15 269 52 323
3 0.763228 79 484 110 532
2 0.760875 636 382 710 437
3 0.760335 1361 413 1433 458
2 0.753279 1472 246 1506 287
3 0.75196 822 224 927 272
3 0.74436 49 443 79 490
2 0.743366 15 225 57 277
2 0.743134 1212 70 1302 104
2 0.7416 79 532 111 573
2 0.740468 53 207 108 270
2 0.737443 396 290 507 352
2 0.732199 516 391 575 444
2 0.730161 368 198 400 254
2 0.726208 1466 168 1500 209
3 0.722321 713 379 768 431
2 0.719776 50 256 92 315
2 0.717533 1310 234 1349 279
3 0.711669 77 438 109 486
3 0.701873 1436 455 1517 484
2 0.701396 1469 205 1503 249
2 0.699716 84 251 115 311
2 0.698218 84 296 112 348
2 0.696721 53 534 82 573
2 0.695299 826 477 936 525
2 0.694517 576 336 636 384
2 0.693463 48 347 84 396
2 0.693043 411 239 507 297
2 0.689383 142 524 181 569
2 0.686039 1106 88 1152 134
2 0.679685 48 301 86 356
2 0.672595 18 358 50 404
3 0.669824 177 472 259 522
2 0.668142 350 405 399 459
2 0.666941 712 327 767 377
2 0.664908 175 421 256 473
2 0.664072 1049 86 1101 132
3 0.661948 1010 469 1065 519
2 0.660803 512 345 575 392
3 0.65511 49 404 81 447
2 0.654396 1474 287 1511 329
3 0.643476 824 273 930 321
2 0.641954 399 350 509 401
2 0.637205 1105 177 1156 224
3 0.635766 714 433 769 484
3 0.63499 1432 370 1511 412
2 0.625909 83 341 110 392
2 0.624482 15 537 53 574
2 0.62117 1425 285 1477 328
2 0.615967 13 492 54 538
2 0.615402 73 205 117 266
3 0.610783 1429 327 1481 370
2 0.606883 12 360 49 413
2 0.602582 172 373 252 426
3 0.598108 770 430 825 480
2 0.593557 827 426 936 477
2 0.586708 110 433 141 483
3 0.586513 142 524 180 572
2 0.585997 769 377 824 428
2 0.583779 1103 133 1154 179
2 0.576786 372 153 402 203
2 0.576022 353 356 398 407
2 0.567541 0 322 15 365
2 0.560357 1365 458 1434 487
2 0.558497 1052 176 1102 223
2 0.553527 1355 280 1427 325
2 0.548659 1050 132 1101 177
2 0.547755 1361 413 1433 458
2 0.534819 1361 369 1432 412
3 0.530253 52 487 81 536
2 0.530173 1052 177 1157 224
2 0.520063 770 431 825 480
2 0.513717 0 280 16 330
3 0.505176 826 426 936 477
3 0.503769 1361 459 1434 496
