3 0.900661 1320 411 1363 456
2 0.896027 922 80 986 124
3 0.895084 1362 412 1432 455
2 0.894665 820 173 923 222
3 0.890579 997 271 1057 318
2 0.88989 819 124 922 172
3 0.889014 1058 271 1160 317
3 0.887331 1361 368 1431 411
3 0.887232 823 272 930 321
2 0.885473 1346 236 1421 282
3 0.885058 1359 324 1428 368
2 0.884906 256 212 300 267
3 0.884876 1317 323 1360 366
3 0.884148 1225 413 1319 458
3 0.883934 1319 367 1362 411
2 0.881678 577 332 634 384
3 0.881346 1002 320 1060 366
3 0.881256 1218 275 1315 320
3 0.880996 769 429 824 478
2 0.880603 1343 192 1418 240
2 0.87932 571 121 637 174
3 0.879317 822 224 928 271
3 0.879294 1063 367 1165 415
2 0.878958 923 125 987 172
3 0.877961 1054 225 1157 271
3 0.877919 767 225 820 271
3 0.877863 705 274 766 323
2 0.876777 1052 176 1154 225
2 0.876472 818 79 921 123
3 0.873522 825 373 934 424
2 0.873349 256 260 299 315
2 0.872801 767 174 819 223
3 0.872581 1006 369 1061 416
2 0.872394 1210 97 1301 145
3 0.872364 713 380 767 430
3 0.872045 826 426 934 476
2 0.872004 924 172 989 220
2 0.870997 581 385 633 438
2 0.870758 705 175 766 224
3 0.870543 1061 319 1164 365
3 0.87021 1164 319 1220 365
2 0.869651 298 358 356 409
3 0.868716 825 322 933 373
2 0.868325 508 125 572 179
2 0.867601 637 274 702 327
2 0.867522 1046 86 1150 133
2 0.866825 570 173 637 224
2 0.86676 1049 130 1152 178
2 0.866691 140 234 177 288
2 0.866128 766 79 818 125
3 0.865993 769 377 823 427
2 0.865674 988 172 1051 220
3 0.865364 936 321 1000 368
3 0.865315 1224 367 1319 412
2 0.865188 766 126 819 174
3 0.864866 932 271 998 319
2 0.864797 400 136 507 196
2 0.864524 297 254 363 309
2 0.863592 260 164 304 218
3 0.86357 1064 417 1167 465
3 0.863468 708 327 766 377
2 0.86337 986 80 1046 125
2 0.862858 297 306 360 361
2 0.862531 299 205 368 260
3 0.862439 1160 272 1219 318
2 0.861711 572 276 636 332
3 0.860902 1169 366 1221 413
3 0.860363 1008 418 1062 467
2 0.860223 1213 140 1303 188
3 0.859491 938 370 1002 418
2 0.858755 570 224 637 276
2 0.858572 1340 151 1415 198
2 0.858449 255 309 297 365
3 0.858041 1216 229 1310 275
3 0.857555 1319 457 1363 501
2 0.857088 138 281 175 335
2 0.856436 1420 242 1473 285
2 0.856089 637 119 702 171
2 0.856082 507 177 570 231
2 0.854902 637 222 701 273
2 0.854554 1339 110 1412 158
2 0.85443 397 291 505 346
3 0.854168 1171 414 1223 461
3 0.854142 1157 226 1216 272
2 0.853353 398 343 505 395
2 0.852985 986 126 1049 173
3 0.85242 768 274 821 323
3 0.852321 993 223 1054 270
2 0.852255 1301 146 1341 192
3 0.850453 1064 467 1170 517
2 0.849992 138 330 173 384
3 0.84911 769 325 822 375
2 0.848842 397 239 505 296
2 0.847473 400 396 505 449
3 0.847153 928 224 994 270
3 0.847003 1221 320 1318 366
2 0.846774 397 187 505 246
2 0.845772 637 171 702 222
2 0.845669 705 127 766 175
2 0.844225 1216 184 1305 231
3 0.842593 353 403 396 455
3 0.841707 1011 468 1063 516
3 0.841434 704 224 766 272
2 0.841231 707 79 766 127
2 0.840897 515 389 574 441
3 0.840688 1433 411 1513 454
2 0.839843 109 336 140 389
3 0.838086 826 477 934 526
2 0.835736 508 283 571 336
3 0.835373 255 464 301 515
2 0.835288 1149 90 1210 136
3 0.834166 939 421 1005 470
3 0.83356 1172 462 1225 512
2 0.833528 1152 134 1214 180
2 0.832629 1417 200 1470 245
2 0.832279 108 288 142 343
2 0.832259 12 309 51 363
3 0.831817 1314 277 1355 322
2 0.831321 359 300 397 354
2 0.828988 1154 179 1215 226
2 0.826996 10 355 49 408
3 0.82681 172 418 254 471
2 0.825413 362 249 398 302
3 0.824178 110 480 142 527
2 0.823063 1299 105 1340 148
3 0.818813 299 408 351 461
3 0.818718 175 470 255 519
2 0.815953 581 440 635 492
2 0.812974 507 229 570 282
3 0.812905 638 437 703 488
3 0.812373 1426 325 1481 369
2 0.811854 110 241 145 297
3 0.811307 1422 282 1477 326
3 0.810939 719 432 767 479
3 0.810713 300 460 350 512
2 0.810206 300 155 373 212
3 0.809998 937 472 1008 521
3 0.806693 401 451 508 502
2 0.80637 223 173 264 229
3 0.803809 772 479 824 527
2 0.803128 217 221 260 277
3 0.801182 111 527 143 567
3 0.800626 142 477 176 524
2 0.800118 14 222 56 277
2 0.798105 1410 117 1459 166
2 0.797793 144 186 181 243
3 0.795637 140 429 172 477
3 0.795134 10 445 48 495
2 0.791894 176 179 227 237
3 0.790395 12 491 50 536
2 0.790199 13 269 53 319
2 0.789205 172 226 223 282
2 0.788779 365 198 399 253
2 0.787246 1414 159 1464 205
2 0.786842 48 347 83 402
2 0.786195 113 193 148 251
2 0.782976 9 401 49 450
3 0.778901 1225 459 1319 508
2 0.777474 48 395 80 445
2 0.777131 111 383 140 434
3 0.775611 77 435 108 485
3 0.775504 109 431 140 481
3 0.774974 47 439 79 491
3 0.774744 352 457 398 509
2 0.771544 1470 245 1505 287
2 0.767911 1305 189 1343 234
2 0.767087 510 336 575 387
2 0.766416 356 353 397 403
3 0.76493 49 486 81 533
3 0.763459 1429 369 1510 411
2 0.759763 171 275 220 331
2 0.757595 216 269 258 325
2 0.754686 642 491 706 548
2 0.746263 1467 206 1502 248
3 0.745943 79 483 110 530
2 0.745634 579 495 639 555
2 0.743562 1462 168 1498 209
3 0.740998 303 512 351 563
2 0.738143 139 379 170 432
2 0.737585 257 360 297 414
3 0.730764 143 523 176 567
2 0.715614 84 295 111 349
2 0.71057 171 323 219 379
2 0.702708 84 251 115 306
2 0.701662 50 255 88 311
2 0.701583 1013 517 1063 540
2 0.695566 81 344 111 396
2 0.694303 636 382 702 435
2 0.693247 216 318 257 373
3 0.68955 51 532 82 570
3 0.685718 13 534 53 571
2 0.683018 72 203 117 264
3 0.678398 170 369 254 425
2 0.675486 48 301 86 356
2 0.673155 77 390 110 439
3 0.672633 256 412 298 465
2 0.671121 53 205 113 267
3 0.649401 80 530 111 568
2 0.637527 50 254 113 312
2 0.627418 1436 454 1513 503
2 0.622963 368 151 400 202
2 0.586995 1459 136 1494 171
3 0.585443 176 520 256 566
2 0.582379 0 279 15 326
3 0.56771 352 508 399 560
2 0.56686 187 318 257 373
2 0.564361 515 498 576 560
3 0.560543 1352 279 1424 325
2 0.55222 171 322 251 377
3 0.534661 175 521 225 566
3 0.527502 515 498 576 559
3 0.522516 0 496 13 539
2 0.521993 0 235 17 285
2 0.516433 708 54 765 80
3 0.513523 515 444 576 495
2 0.512706 0 316 15 366
3 0.512294 402 502 509 559
2 0.506178 636 329 702 380
3 0.501369 1426 325 1508 369
