2 0.88642 820 172 923 223
3 0.885474 1055 227 1157 272
2 0.885031 256 309 299 365
2 0.881897 298 305 360 363
2 0.880694 1349 235 1425 281
2 0.88032 922 78 985 124
2 0.879975 139 281 176 336
3 0.879551 1063 318 1163 366
3 0.879191 1059 271 1160 317
2 0.878686 570 173 637 226
2 0.8783 1053 176 1154 225
3 0.877876 1225 412 1319 459
3 0.877789 1319 411 1362 457
2 0.877721 257 259 300 316
3 0.87689 1223 320 1317 366
3 0.876614 1225 367 1318 412
2 0.875627 1344 192 1422 240
3 0.875145 826 321 933 372
3 0.87496 176 470 255 521
3 0.874364 1361 367 1431 411
2 0.873733 1050 130 1152 177
3 0.873702 1318 321 1359 365
3 0.872852 823 272 930 320
2 0.872813 819 124 922 172
2 0.87239 1340 149 1418 198
3 0.8707 769 274 821 322
3 0.869168 1065 367 1165 416
3 0.868893 1158 226 1217 271
2 0.868379 1048 85 1150 132
2 0.867914 1209 97 1301 143
3 0.867525 1220 274 1314 318
3 0.867516 828 373 935 424
3 0.867179 998 271 1059 317
3 0.866824 768 225 819 272
3 0.866636 828 425 936 476
3 0.866539 1165 319 1222 365
2 0.86649 767 174 818 224
3 0.866217 775 479 830 529
2 0.866182 510 126 573 179
3 0.865717 705 275 766 324
2 0.865699 259 210 302 267
3 0.865556 1008 418 1063 468
3 0.865441 821 225 926 271
2 0.865134 141 233 179 290
2 0.865097 924 173 989 220
3 0.86428 1359 322 1430 367
2 0.86383 704 175 767 225
2 0.863774 298 254 365 310
2 0.863032 820 78 921 123
2 0.863007 572 121 637 175
3 0.862364 1319 366 1361 410
2 0.861944 508 178 572 231
2 0.861691 766 126 818 174
3 0.861523 1168 366 1223 413
3 0.861206 1161 272 1220 317
3 0.860672 1362 412 1432 456
2 0.860503 704 128 766 176
2 0.859995 923 124 987 173
2 0.859657 767 78 818 126
2 0.859621 706 79 766 129
3 0.859539 931 272 998 318
3 0.859516 1007 368 1063 416
3 0.858857 938 369 1004 419
3 0.858841 1432 369 1514 412
3 0.858758 1225 460 1320 508
3 0.858259 719 432 770 480
2 0.857609 137 329 174 385
2 0.857159 639 273 701 323
3 0.857089 1314 277 1355 321
2 0.856815 571 224 638 276
2 0.856421 638 118 701 172
3 0.856375 1004 318 1061 366
2 0.855138 989 173 1052 222
2 0.85372 985 79 1048 125
2 0.852715 1216 183 1305 229
3 0.852549 1218 228 1309 273
2 0.852108 400 137 508 196
3 0.852008 1433 413 1514 453
3 0.851772 993 225 1056 270
2 0.85155 1212 139 1303 187
3 0.851406 772 428 826 479
3 0.850838 937 319 1002 367
2 0.850061 172 319 259 379
3 0.850034 638 385 701 436
3 0.849808 1354 278 1427 323
3 0.847805 1065 417 1167 465
3 0.847628 927 223 994 269
3 0.84737 939 420 1006 470
2 0.846362 638 171 701 221
2 0.846318 257 463 302 516
2 0.846316 13 309 52 364
2 0.846279 263 163 305 219
2 0.846143 638 222 701 272
2 0.845877 1337 107 1415 157
2 0.844879 1154 179 1215 225
2 0.844461 358 300 398 355
2 0.844432 1152 133 1213 180
3 0.84381 1008 467 1064 517
3 0.843618 711 328 767 377
2 0.843455 515 499 572 557
3 0.842756 771 376 824 427
2 0.842541 572 274 638 323
2 0.842091 138 379 172 433
2 0.839821 986 125 1050 173
2 0.83979 108 336 140 389
2 0.838445 578 494 635 547
2 0.837326 1301 144 1342 191
3 0.83614 1170 414 1224 461
3 0.836085 716 380 768 429
3 0.835116 1430 326 1514 369
2 0.834118 300 203 369 259
3 0.833202 640 438 700 489
2 0.832629 1150 89 1209 135
3 0.831743 1319 458 1362 505
3 0.831108 1065 465 1168 514
2 0.830781 507 283 573 340
2 0.830188 108 432 141 483
2 0.829515 507 229 571 282
2 0.827569 110 241 145 298
2 0.826919 175 224 264 282
3 0.826399 1170 462 1225 510
2 0.826079 173 272 261 330
3 0.82427 938 471 1006 523
2 0.823973 362 250 398 302
2 0.823615 54 204 117 270
2 0.821882 108 383 140 437
3 0.820154 830 475 937 528
2 0.817603 12 356 50 409
2 0.815095 178 174 266 237
2 0.814621 109 288 142 343
2 0.81377 1299 100 1340 148
2 0.812826 13 266 54 321
2 0.812783 145 187 181 244
2 0.812658 305 512 351 563
3 0.809336 140 476 177 526
3 0.806688 704 225 767 272
2 0.804388 509 348 578 390
2 0.802027 302 156 375 210
2 0.801772 16 224 58 276
2 0.79842 1305 188 1345 233
3 0.792362 638 333 701 381
3 0.791603 770 325 823 374
2 0.791157 301 460 349 512
2 0.789809 640 490 701 546
2 0.786058 258 362 297 417
2 0.783638 258 413 298 466
2 0.783574 114 194 150 251
2 0.78085 404 502 509 557
2 0.775382 1423 241 1504 285
2 0.770588 49 344 109 399
3 0.768921 299 409 351 462
3 0.767931 144 524 180 572
2 0.765022 402 398 506 451
2 0.763988 259 515 306 564
2 0.762838 1416 157 1492 203
2 0.756359 397 187 506 247
2 0.75583 431 291 505 349
2 0.752687 50 252 115 314
2 0.752214 350 508 403 562
2 0.75167 1411 117 1490 165
2 0.750913 1419 199 1501 244
2 0.750753 399 290 505 349
2 0.743815 366 198 399 253
3 0.741309 299 359 355 410
2 0.739628 436 240 505 295
2 0.738243 172 372 257 425
2 0.73794 49 299 110 356
3 0.734572 1427 283 1508 326
2 0.730808 513 392 577 443
2 0.725403 399 238 505 294
2 0.725263 349 456 403 509
3 0.721657 112 479 144 529
3 0.720858 582 387 635 440
2 0.711937 776 529 830 555
2 0.698036 580 443 634 493
3 0.694285 1434 454 1515 481
2 0.689692 0 275 15 327
2 0.688227 515 446 575 498
2 0.681337 0 315 15 366
3 0.678551 174 421 255 474
3 0.677257 258 362 298 417
3 0.67703 11 449 50 494
3 0.673309 11 408 50 452
2 0.671715 299 408 349 461
3 0.671103 721 482 772 532
2 0.654082 403 451 508 502
3 0.647101 113 528 145 574
3 0.646958 51 439 110 491
2 0.633747 0 232 18 282
3 0.630937 56 484 111 533
3 0.630225 50 393 109 446
2 0.625776 13 492 51 537
2 0.599942 371 153 402 203
3 0.592102 179 521 256 570
3 0.583377 350 457 402 510
3 0.583108 350 404 400 458
2 0.579622 1008 516 1064 541
2 0.55743 708 57 765 81
3 0.555823 580 338 636 384
3 0.543808 1363 458 1432 493
2 0.535483 352 356 399 405
3 0.530633 77 531 116 575
3 0.524091 258 415 299 467
