2 0.89737 817 127 922 174
2 0.888841 923 80 982 125
3 0.886383 1320 412 1361 454
3 0.882005 1059 272 1158 317
3 0.880709 1319 367 1359 410
3 0.880433 1358 323 1427 366
3 0.87978 1361 368 1429 411
2 0.877941 818 174 922 224
3 0.875879 1224 413 1318 457
2 0.875817 765 129 817 175
3 0.874046 1316 323 1357 365
3 0.873768 1351 280 1425 322
2 0.873577 1339 151 1417 197
3 0.873525 1055 225 1155 271
3 0.872196 824 323 932 372
3 0.871202 1062 319 1161 364
2 0.868627 923 127 985 172
2 0.866674 175 180 263 240
2 0.865782 135 282 175 338
3 0.86466 1222 320 1314 365
2 0.864541 765 226 819 273
3 0.863741 1165 320 1218 364
2 0.862264 1049 132 1150 177
3 0.861435 1160 273 1217 317
3 0.86116 825 373 933 424
3 0.860136 1169 367 1219 412
2 0.859657 170 323 255 379
2 0.858887 924 173 987 220
2 0.858385 390 290 504 349
2 0.857532 136 331 173 385
3 0.857499 1363 456 1432 500
2 0.857141 702 276 765 325
2 0.856964 982 80 1046 126
2 0.856835 174 228 260 284
2 0.856551 396 397 502 453
2 0.856541 1342 192 1420 240
2 0.856183 1051 176 1152 223
2 0.856027 700 225 765 274
3 0.855842 1224 367 1316 411
3 0.855448 1220 274 1311 319
2 0.855014 1047 87 1149 131
2 0.854061 765 176 818 224
3 0.852221 1433 411 1513 453
2 0.851955 1211 140 1300 187
2 0.851729 256 215 299 271
3 0.851666 1064 366 1164 415
2 0.850538 1149 90 1208 134
2 0.85025 172 275 257 333
3 0.849032 1157 225 1215 271
2 0.848013 1336 108 1414 157
2 0.847552 393 344 504 398
3 0.847454 939 370 1002 418
2 0.846713 700 177 765 224
2 0.84601 259 168 301 223
2 0.844563 700 129 766 176
3 0.843561 1169 414 1220 459
3 0.842107 1320 457 1362 500
2 0.842015 1208 97 1299 144
2 0.841892 569 333 634 386
2 0.841111 570 385 636 440
2 0.840637 299 160 378 214
3 0.83841 1003 319 1059 365
3 0.838387 825 427 935 476
2 0.838298 987 173 1051 220
2 0.838181 1422 241 1473 282
2 0.837998 390 240 504 296
1 0.837772 108 481 142 530
2 0.837703 254 262 296 320
3 0.837209 1223 459 1319 504
2 0.836783 255 363 295 417
2 0.836552 138 238 176 291
2 0.836402 984 128 1049 172
3 0.835374 936 321 1000 366
2 0.834003 634 275 700 330
2 0.833369 1151 134 1211 179
2 0.833305 633 331 703 383
2 0.833136 1215 184 1302 228
2 0.832633 1152 179 1213 223
3 0.83243 1217 228 1307 272
1 0.830176 140 477 175 527
3 0.829417 1310 277 1352 321
2 0.828641 104 290 140 346
3 0.828099 932 271 997 318
3 0.826877 706 328 766 377
3 0.826345 928 223 993 268
2 0.825868 1300 145 1339 191
2 0.824258 296 206 378 263
2 0.822998 102 337 140 392
3 0.822827 709 381 768 431
2 0.822602 400 504 504 559
2 0.822398 505 389 571 444
2 0.822018 167 371 254 427
3 0.821964 992 223 1054 270
2 0.82196 254 312 294 368
2 0.821028 569 278 634 336
2 0.818817 393 192 504 247
2 0.818165 294 254 381 314
2 0.816906 397 452 503 504
2 0.816238 767 275 820 323
2 0.815351 642 492 710 555
2 0.81397 107 244 143 299
2 0.812555 573 441 638 495
3 0.810123 771 430 824 479
3 0.804877 771 378 822 428
3 0.804817 1170 461 1221 508
2 0.803833 394 143 507 198
3 0.803411 1434 454 1513 499
2 0.802203 569 226 635 280
3 0.800594 176 522 256 572
2 0.800053 575 496 639 554
2 0.799071 1298 103 1337 149
3 0.798935 996 271 1058 317
2 0.797943 635 175 699 225
3 0.797656 711 433 769 483
2 0.796728 569 177 636 227
2 0.795868 101 383 141 437
2 0.794159 505 338 570 390
2 0.792835 634 224 699 276
2 0.789705 294 305 374 364
3 0.787025 1431 368 1510 410
2 0.786399 637 126 700 175
2 0.783911 1303 187 1341 232
2 0.782378 503 232 570 287
2 0.777911 142 194 179 247
3 0.774749 1361 413 1431 455
2 0.773439 1416 158 1469 202
2 0.77115 1419 200 1470 243
2 0.770823 170 419 255 474
2 0.769708 296 355 391 411
3 0.768541 939 421 1003 470
2 0.767058 1410 117 1464 162
3 0.76602 1065 416 1167 463
2 0.761573 511 498 575 557
3 0.756727 1427 324 1479 367
3 0.756636 1008 368 1061 416
2 0.756308 138 379 170 433
3 0.748244 821 273 930 321
2 0.745501 569 129 638 177
3 0.741967 637 384 706 437
2 0.738837 51 211 97 268
2 0.737412 111 200 146 252
2 0.736791 504 285 570 340
3 0.73455 1010 418 1061 466
1 0.733605 109 528 144 575
3 0.731954 639 437 708 491
3 0.728365 938 473 1006 520
2 0.727557 52 396 80 448
2 0.727427 49 256 95 317
3 0.723291 50 533 81 578
2 0.72195 52 348 99 402
3 0.715367 1010 469 1062 514
2 0.71533 48 302 107 358
2 0.697344 14 359 56 409
2 0.694821 48 303 90 359
2 0.694551 1425 282 1477 324
2 0.68244 50 254 111 316
3 0.673837 769 326 821 375
2 0.670087 504 182 570 236
3 0.6606 49 488 81 536
2 0.66009 76 392 104 444
1 0.6502 106 432 141 484
3 0.647869 818 80 922 126
3 0.640348 300 510 397 566
3 0.639299 1064 466 1167 513
2 0.633704 83 208 116 264
2 0.631617 255 412 297 467
2 0.623416 818 81 922 126
2 0.618437 1471 243 1500 286
2 0.605145 174 470 256 523
3 0.601461 255 464 299 518
2 0.599427 13 404 51 452
3 0.598798 139 429 173 481
2 0.593628 14 318 50 365
2 0.572338 702 86 766 128
2 0.56578 507 128 571 182
3 0.564211 939 519 1006 545
1 0.562809 819 226 927 272
2 0.559642 765 83 818 128
3 0.55928 826 477 935 524
2 0.556343 13 364 47 411
2 0.553494 1050 58 1146 88
3 0.544672 1009 515 1062 541
1 0.534772 79 485 109 532
3 0.527594 1306 232 1346 276
2 0.521343 1344 235 1423 281
2 0.519742 1469 207 1497 246
2 0.519231 773 480 824 528
3 0.510727 142 524 177 573
2 0.502305 1205 68 1298 100
1 0.500804 78 438 108 488
