2 0.893804 259 212 301 265
2 0.890863 818 79 922 124
2 0.8905 257 261 299 316
2 0.884219 921 78 986 124
2 0.88166 397 344 504 395
3 0.881604 1062 318 1162 367
2 0.881267 819 172 923 222
3 0.881085 773 479 826 529
2 0.880902 569 174 636 226
3 0.879682 824 272 931 321
2 0.879627 1345 235 1422 280
2 0.878285 1049 130 1151 177
3 0.878272 1002 318 1061 366
3 0.878118 705 274 767 323
2 0.877609 1341 191 1419 239
2 0.877117 1051 175 1153 223
3 0.876586 821 224 928 272
2 0.876431 923 171 988 220
2 0.876399 819 124 921 172
3 0.875534 1054 224 1157 270
3 0.874721 1065 366 1164 417
3 0.874663 936 320 1001 368
3 0.874306 826 322 933 373
2 0.873668 262 163 304 218
3 0.873621 826 373 934 424
2 0.873204 173 320 257 376
3 0.87294 1221 320 1317 366
3 0.872577 1162 318 1222 366
2 0.872551 922 124 987 172
2 0.871819 300 204 366 259
3 0.87181 1058 270 1160 319
2 0.871666 636 273 701 324
2 0.870859 569 225 635 277
2 0.870575 1339 149 1417 198
2 0.87048 142 234 178 288
2 0.870214 988 172 1051 220
3 0.870158 1159 270 1220 318
2 0.87005 1209 97 1298 144
3 0.869845 767 225 820 272
2 0.86935 765 80 818 126
2 0.869319 705 174 767 225
3 0.86894 768 274 821 322
2 0.86847 298 356 354 408
2 0.868457 1047 87 1150 132
3 0.868409 1362 456 1434 499
2 0.867651 766 173 819 225
2 0.86755 298 255 362 309
3 0.867306 1222 412 1319 459
3 0.867152 1222 366 1318 412
2 0.866916 985 79 1048 125
3 0.866902 1005 367 1064 417
3 0.866821 770 427 825 477
3 0.866673 996 270 1058 318
2 0.866074 258 311 297 365
3 0.865792 937 369 1003 419
3 0.865708 1319 411 1362 456
2 0.865696 397 291 503 346
3 0.865647 826 425 935 476
2 0.865155 572 121 637 175
2 0.865108 508 126 572 180
2 0.864908 297 305 359 359
3 0.864792 931 270 998 318
2 0.864512 140 281 175 336
2 0.86384 636 222 701 272
3 0.862984 828 476 934 525
3 0.862928 1359 367 1431 411
2 0.862834 985 125 1050 173
2 0.862723 174 271 258 330
2 0.861993 175 224 260 284
3 0.860596 1218 273 1314 319
3 0.860499 1164 366 1221 414
3 0.859807 1005 418 1063 468
3 0.85971 708 326 767 375
2 0.859562 636 325 701 376
3 0.858887 179 519 257 571
3 0.858797 173 417 255 470
3 0.858648 1316 322 1358 366
3 0.858318 1355 323 1427 367
2 0.857969 706 128 766 175
2 0.857328 1420 239 1470 283
3 0.857174 1361 411 1432 455
2 0.856119 637 171 703 222
2 0.855965 766 127 818 174
2 0.85589 506 336 567 385
2 0.85573 507 179 570 231
2 0.855428 570 276 634 329
2 0.855277 1337 107 1413 157
3 0.854587 770 324 822 375
2 0.854456 637 119 703 171
3 0.853967 1065 417 1165 466
3 0.853662 770 376 823 427
2 0.853162 571 328 633 381
2 0.852407 706 81 766 129
2 0.852142 397 187 505 246
2 0.851523 506 284 568 335
2 0.850752 139 331 172 382
2 0.85045 1418 198 1469 243
3 0.85038 992 222 1054 269
3 0.850004 927 222 993 270
3 0.849746 714 379 768 428
3 0.848323 1156 224 1217 271
2 0.847429 1211 140 1301 188
3 0.846333 176 469 255 519
3 0.845751 401 451 506 501
2 0.845075 110 336 140 386
3 0.845017 1222 459 1319 506
3 0.844767 936 419 1004 471
3 0.84472 1216 227 1309 274
3 0.844532 1165 414 1222 460
2 0.844378 1414 157 1468 204
3 0.844317 704 225 767 273
2 0.844136 179 175 263 236
2 0.842474 400 137 507 194
3 0.842322 299 407 351 460
3 0.842165 1318 366 1360 411
3 0.841921 352 403 396 455
3 0.841312 1063 465 1167 502
2 0.840935 109 288 142 342
3 0.840788 402 501 508 556
2 0.84037 1151 132 1212 180
2 0.839923 1297 102 1338 147
2 0.839125 1423 281 1473 325
2 0.838093 398 240 504 295
3 0.836716 1435 454 1512 496
3 0.834816 1432 411 1513 453
3 0.834175 1312 276 1351 322
2 0.833207 361 251 396 302
2 0.833206 1154 177 1215 224
2 0.833203 357 301 396 352
2 0.833202 1299 144 1341 191
2 0.832889 506 230 568 283
2 0.831766 354 352 394 401
3 0.831206 714 431 769 481
3 0.830795 257 410 297 464
3 0.829993 144 521 181 571
2 0.829747 1410 117 1462 164
2 0.829359 1214 183 1305 230
3 0.827103 1319 456 1362 501
2 0.826979 55 205 116 266
2 0.823731 1149 89 1209 135
2 0.823043 144 186 181 242
2 0.822291 303 155 370 210
2 0.818483 365 199 398 252
2 0.815574 111 242 145 296
3 0.81473 256 465 300 514
3 0.814093 640 437 703 489
2 0.813692 1304 187 1343 234
2 0.808159 51 253 114 309
3 0.807975 110 479 142 527
3 0.804936 141 475 176 523
3 0.803359 259 515 304 565
2 0.802291 15 309 51 363
2 0.800059 50 299 111 354
2 0.799938 1348 278 1424 324
3 0.799653 303 510 353 563
2 0.799496 115 381 140 430
3 0.795867 638 380 701 435
3 0.791203 1426 324 1476 368
3 0.789738 936 471 1003 523
3 0.789277 140 423 172 476
3 0.787489 352 457 398 507
3 0.785557 300 460 351 510
2 0.784576 139 376 171 425
3 0.78148 112 526 146 573
3 0.781402 353 507 401 559
2 0.778241 1467 202 1500 245
2 0.778005 114 194 147 250
2 0.777556 16 267 53 319
2 0.770542 12 354 50 406
3 0.770017 13 491 51 536
2 0.768663 17 225 56 276
3 0.768585 1167 461 1222 505
3 0.767705 49 436 107 487
3 0.766176 109 430 139 480
3 0.76509 15 534 54 578
2 0.763444 1459 122 1493 166
2 0.76274 1463 162 1497 206
2 0.760554 1472 284 1509 326
3 0.760113 510 388 567 442
3 0.759855 1429 368 1499 410
3 0.753352 511 445 568 496
2 0.745046 49 387 109 441
3 0.743245 51 485 110 533
2 0.735993 1468 242 1502 286
3 0.73499 578 383 634 438
2 0.726898 50 345 107 397
2 0.722195 578 441 635 491
2 0.713613 10 400 43 450
3 0.702101 400 396 504 451
2 0.700853 829 523 933 553
3 0.694515 258 360 296 412
3 0.694423 66 530 113 575
3 0.693761 11 445 45 494
2 0.690497 0 276 17 327
3 0.68777 714 482 772 532
3 0.681785 646 491 706 544
2 0.656334 716 532 774 558
2 0.651274 775 530 827 555
3 0.629546 1005 466 1063 504
2 0.620955 0 316 16 367
3 0.617329 0 495 14 538
2 0.609923 576 494 641 546
2 0.609679 367 153 399 203
3 0.609587 0 537 16 579
2 0.595015 0 234 18 283
3 0.574185 1474 325 1513 368
2 0.571599 1824 401 1854 432
2 0.506493 512 499 572 550
3 0.501371 1474 369 1514 411
