2 0.891382 257 212 299 266
2 0.887854 819 173 922 222
3 0.886022 1315 319 1359 364
2 0.88575 260 166 301 219
3 0.88531 1362 455 1433 498
3 0.885185 1361 411 1432 454
3 0.883581 1224 411 1318 457
3 0.88358 1063 366 1167 414
3 0.882241 1223 317 1316 364
3 0.881973 1319 411 1362 455
2 0.881478 818 125 921 172
2 0.881148 298 307 361 359
3 0.879662 1317 365 1360 410
3 0.879562 824 272 929 320
2 0.87936 1051 174 1153 222
2 0.877898 1049 129 1151 175
2 0.876709 1420 237 1473 283
2 0.876128 578 385 635 438
2 0.874633 570 174 635 225
3 0.874207 1055 222 1157 268
2 0.874181 1047 85 1149 131
3 0.873182 1358 321 1428 366
2 0.872883 171 321 257 376
2 0.872551 636 273 699 327
2 0.872131 256 260 298 315
2 0.87207 767 77 818 126
2 0.871514 177 177 261 238
3 0.871369 1002 319 1059 364
2 0.871267 571 277 634 330
3 0.871196 1319 456 1361 500
3 0.870495 827 373 933 423
3 0.869927 1220 273 1313 317
2 0.86981 922 172 988 221
3 0.869723 1312 275 1356 319
2 0.869426 572 121 636 174
2 0.869216 636 119 701 171
2 0.868657 298 255 363 308
2 0.868551 921 76 985 124
3 0.868217 1360 366 1431 411
3 0.868092 1063 416 1167 464
2 0.867448 1342 191 1419 239
2 0.86741 988 172 1051 223
3 0.867174 826 322 931 372
3 0.866802 1058 268 1161 316
2 0.86669 570 225 634 277
2 0.866565 818 76 920 124
3 0.865438 1223 458 1318 509
2 0.86525 400 137 505 196
3 0.865083 1008 417 1061 465
3 0.864199 939 369 1000 416
3 0.864145 1225 365 1317 411
3 0.864015 771 325 822 373
2 0.863545 1348 235 1423 281
3 0.863378 828 424 934 474
2 0.863143 983 77 1047 125
2 0.86294 986 125 1049 172
2 0.862902 139 282 174 336
2 0.862552 140 235 177 289
3 0.862483 771 377 823 425
3 0.860837 932 269 995 317
2 0.860287 172 272 257 331
3 0.86022 1168 365 1223 412
3 0.860158 711 380 767 428
2 0.859904 767 174 818 223
3 0.859704 707 327 766 376
2 0.85963 767 126 818 173
3 0.859362 1165 317 1223 364
3 0.859218 1062 465 1168 516
3 0.858612 1354 278 1425 322
2 0.858318 922 125 987 172
3 0.857873 638 383 702 434
2 0.857858 1339 148 1416 197
3 0.857404 995 269 1057 315
2 0.856722 402 292 502 346
3 0.856716 713 432 768 480
3 0.855044 1008 468 1061 514
2 0.854468 508 125 570 180
2 0.854313 173 225 259 284
2 0.853727 705 175 766 223
3 0.853628 1005 367 1060 414
2 0.853011 257 310 297 364
3 0.852661 773 480 824 527
3 0.850533 940 420 1003 469
3 0.850506 1157 223 1218 269
3 0.849664 937 320 998 366
2 0.849654 400 239 502 296
3 0.849533 1061 316 1166 364
2 0.849161 636 221 699 272
3 0.849089 1161 269 1221 315
3 0.848488 174 470 254 521
2 0.848212 402 344 503 397
3 0.847978 141 476 175 524
2 0.847948 506 178 569 231
3 0.847515 992 224 1054 268
2 0.847358 1337 108 1413 156
3 0.847216 704 275 765 323
2 0.847132 636 171 700 221
2 0.847018 299 205 366 258
3 0.84691 772 428 823 476
2 0.846818 138 330 172 384
2 0.846175 507 284 569 336
2 0.844633 1418 198 1470 242
3 0.843168 828 477 934 524
2 0.841525 1152 132 1213 178
3 0.841504 1170 413 1223 460
2 0.840912 398 188 503 247
2 0.840064 1209 96 1300 144
2 0.839386 1151 89 1209 135
3 0.839007 400 451 506 501
3 0.838245 641 436 705 488
3 0.838182 1435 452 1512 496
3 0.837886 1217 226 1310 272
2 0.836133 1154 177 1215 222
2 0.83594 108 335 140 389
2 0.835444 359 301 400 353
2 0.834977 706 128 766 175
3 0.832856 177 521 255 570
3 0.832353 926 224 992 267
3 0.831929 514 445 574 495
3 0.831388 822 224 924 269
3 0.830709 1170 461 1224 510
3 0.830619 1424 281 1477 324
3 0.830143 1433 409 1512 452
3 0.829067 1427 323 1480 366
2 0.828682 1410 115 1463 163
2 0.828592 1211 139 1301 187
2 0.828008 15 224 55 278
2 0.827147 1414 157 1469 204
2 0.826563 1300 144 1340 190
2 0.825926 108 289 141 343
2 0.824967 506 231 568 283
2 0.824956 1215 183 1305 228
2 0.824451 109 242 143 297
3 0.824023 255 464 301 514
3 0.818556 940 472 1006 520
2 0.816237 706 80 766 127
3 0.81612 143 524 178 571
2 0.816037 143 187 181 244
2 0.815739 53 205 115 269
2 0.814503 361 250 400 302
3 0.81413 302 408 352 459
3 0.812848 256 515 303 565
2 0.810501 13 269 53 321
2 0.806419 300 156 375 212
2 0.802795 1300 101 1338 148
2 0.801449 10 311 51 364
2 0.801174 704 225 765 271
3 0.800518 1430 366 1486 409
3 0.798912 716 483 770 534
2 0.790823 1304 186 1344 235
2 0.789816 9 356 51 409
2 0.788074 299 358 357 407
3 0.785524 769 274 820 321
3 0.783658 353 404 397 455
2 0.783117 113 194 147 251
2 0.782843 401 397 504 449
3 0.781983 140 428 172 478
3 0.778129 515 498 575 553
2 0.776809 48 299 109 356
3 0.774884 257 412 300 464
3 0.76908 110 526 145 572
2 0.768338 50 254 112 313
2 0.764953 364 199 399 252
3 0.76131 302 460 351 511
3 0.7583 303 511 350 563
3 0.751 352 457 396 507
3 0.738795 78 484 109 531
2 0.734538 48 345 108 399
3 0.732282 258 362 298 413
2 0.731285 578 441 637 492
3 0.725808 1309 233 1350 277
2 0.717081 574 332 634 383
3 0.715563 11 446 51 496
3 0.715136 70 437 108 487
3 0.711505 508 337 572 386
2 0.705447 1458 121 1493 166
3 0.701787 16 536 56 577
3 0.698203 170 368 256 424
3 0.697661 351 508 398 560
3 0.692629 51 487 79 535
3 0.682492 13 492 53 538
2 0.680806 1468 204 1499 245
2 0.677447 0 236 17 285
2 0.675164 108 383 140 436
3 0.665706 52 531 82 575
2 0.665706 1471 241 1501 287
3 0.665001 49 391 108 442
3 0.66407 637 329 700 379
2 0.657211 1464 162 1497 207
2 0.656695 9 401 52 451
3 0.634624 400 502 510 558
3 0.631802 50 439 95 491
2 0.626978 172 418 255 471
2 0.624095 356 354 399 404
3 0.61528 768 225 819 271
3 0.613214 80 530 112 574
2 0.612702 0 275 15 320
3 0.598609 48 438 79 490
3 0.596517 941 520 1007 544
3 0.590676 139 379 168 432
3 0.584929 1479 367 1513 409
2 0.568302 646 491 708 550
2 0.557904 1150 61 1207 91
2 0.545162 110 480 142 528
2 0.521646 705 54 765 81
3 0.51835 510 389 573 441
3 0.517902 108 431 141 482
2 0.513512 300 154 398 207
