2 0.903967 818 79 922 124
2 0.888276 819 172 923 221
3 0.882667 776 477 829 527
2 0.882009 818 125 922 171
2 0.881181 1346 235 1423 280
2 0.880199 922 79 985 124
3 0.880072 704 275 767 322
3 0.875987 1064 366 1164 414
2 0.875301 257 261 299 316
3 0.875097 828 373 936 423
3 0.874964 1225 364 1317 410
2 0.874388 259 211 302 266
2 0.873542 1047 85 1148 131
2 0.872405 1050 130 1151 176
2 0.872392 923 171 988 219
3 0.872185 828 321 933 372
2 0.871987 1052 175 1153 223
2 0.871983 1421 238 1472 283
3 0.871564 1064 416 1165 464
3 0.871274 1354 322 1429 367
2 0.869888 766 80 818 126
2 0.869042 401 138 506 195
2 0.869002 988 171 1051 221
3 0.868998 1008 417 1063 466
2 0.868771 986 79 1047 125
3 0.868437 705 224 768 273
3 0.86783 1007 367 1061 415
3 0.867018 1063 318 1163 365
3 0.866483 826 272 930 320
2 0.866204 570 173 637 226
2 0.86618 705 174 767 224
2 0.865985 767 172 819 222
3 0.865491 768 224 822 273
3 0.865033 937 319 1002 367
2 0.864731 637 273 701 324
2 0.863718 922 125 987 171
3 0.863498 824 223 927 271
3 0.863449 1223 318 1315 364
2 0.863276 1343 190 1420 239
2 0.862696 141 282 176 335
3 0.86262 1224 411 1318 457
3 0.861934 828 425 936 474
2 0.861339 570 275 637 328
2 0.861045 509 126 572 180
3 0.860941 1166 364 1224 412
2 0.860814 1340 149 1416 196
2 0.86078 296 304 358 360
3 0.86062 830 475 935 526
2 0.860049 1149 87 1209 135
2 0.859833 766 126 818 173
2 0.858874 257 310 297 366
2 0.858775 573 121 637 175
2 0.858682 397 344 505 395
3 0.858646 770 275 823 321
3 0.858222 1161 270 1221 317
3 0.857791 1164 317 1223 364
3 0.857645 1359 366 1432 410
3 0.857358 1220 272 1313 318
3 0.856801 939 369 1004 418
2 0.856712 142 234 179 288
2 0.856694 570 224 636 276
3 0.856595 1363 454 1435 499
2 0.855564 1210 97 1297 143
2 0.855441 111 337 141 387
3 0.855113 1003 318 1060 365
3 0.855003 1055 225 1159 269
3 0.854686 1008 466 1064 517
2 0.854488 705 81 766 129
3 0.854352 51 437 109 488
3 0.853927 705 325 766 375
2 0.853678 636 324 701 375
3 0.853538 1065 464 1167 513
3 0.853076 1319 410 1362 454
2 0.852957 706 128 766 175
2 0.852822 174 273 257 328
3 0.852197 1060 269 1162 317
3 0.851975 1217 228 1310 272
3 0.851616 997 270 1058 317
2 0.851454 507 283 569 334
2 0.851298 1337 108 1412 155
2 0.850824 175 225 260 282
3 0.850779 1361 410 1433 454
2 0.850766 173 369 257 423
3 0.849646 180 519 261 570
3 0.849504 939 419 1005 470
2 0.849308 508 335 569 385
2 0.848965 298 254 362 310
3 0.848839 774 427 826 475
2 0.848684 1297 103 1337 147
2 0.848605 297 356 354 408
3 0.848159 713 378 767 428
2 0.84789 1424 281 1474 324
2 0.847855 1151 132 1212 179
2 0.847355 508 178 570 230
2 0.846971 173 321 257 375
2 0.846651 141 330 173 381
2 0.846532 570 328 634 380
3 0.84653 1158 225 1217 270
2 0.846478 638 221 701 272
3 0.84646 351 401 396 456
2 0.845867 1214 183 1305 229
3 0.845338 927 223 994 268
2 0.844971 1154 177 1215 224
2 0.84448 986 125 1049 172
3 0.843879 175 417 255 472
2 0.843722 263 162 304 217
2 0.843506 638 118 702 171
3 0.842761 1316 320 1357 365
3 0.842201 932 270 998 318
3 0.842062 1318 366 1360 409
2 0.841031 1418 197 1471 242
3 0.839947 401 451 507 501
2 0.839773 398 292 504 346
2 0.839764 50 343 110 397
3 0.83937 401 502 511 557
2 0.839165 300 205 367 259
3 0.839072 1166 413 1224 459
3 0.839022 639 436 708 488
2 0.837432 11 355 51 406
3 0.836951 771 324 824 374
2 0.836218 12 309 52 363
3 0.835927 1224 458 1318 507
3 0.834333 636 379 704 434
2 0.834183 1413 155 1468 204
3 0.834024 176 470 256 520
3 0.83402 1168 460 1225 508
2 0.833845 54 204 116 267
3 0.833805 1314 273 1351 319
2 0.833665 178 175 264 238
2 0.833395 637 170 702 221
2 0.833022 507 229 569 283
2 0.832825 1212 140 1301 186
3 0.832257 773 376 825 425
3 0.831279 54 485 109 533
3 0.831062 1427 323 1476 366
2 0.828288 110 289 143 342
2 0.826631 398 188 504 246
2 0.826592 1410 115 1462 162
2 0.825836 354 351 395 401
2 0.824579 398 240 503 295
3 0.824431 1319 455 1363 500
3 0.822405 993 224 1054 268
2 0.821965 1301 144 1341 191
3 0.819793 643 489 711 541
3 0.818454 141 475 177 524
3 0.817092 938 471 1005 522
3 0.816977 716 482 774 532
3 0.815516 144 522 183 571
2 0.813969 357 299 396 353
3 0.813808 517 444 570 496
2 0.813548 145 187 181 243
2 0.812125 111 241 145 296
3 0.811892 1430 366 1478 409
2 0.811639 50 299 110 356
2 0.80931 13 267 53 321
3 0.805443 111 481 142 528
3 0.8041 140 425 174 478
3 0.803607 299 406 350 461
2 0.803203 51 254 112 313
2 0.802818 17 224 55 277
3 0.801026 306 511 354 564
2 0.799969 360 250 398 302
2 0.797242 304 155 387 210
3 0.794528 353 507 401 559
3 0.793134 9 447 52 492
3 0.792733 1474 324 1514 367
3 0.79267 109 431 140 483
2 0.792187 1306 187 1343 232
3 0.791343 1433 409 1479 451
3 0.789894 716 430 770 479
2 0.786703 114 194 149 251
3 0.785195 262 515 307 566
3 0.78137 351 457 398 507
3 0.776822 1476 367 1516 408
3 0.773368 258 465 301 514
3 0.771119 11 400 51 448
3 0.761421 302 460 352 511
2 0.760459 1471 241 1502 284
2 0.760128 1457 123 1493 164
2 0.756636 1468 201 1500 244
2 0.751752 576 440 632 492
3 0.750507 1311 231 1347 274
2 0.748843 1463 161 1497 206
2 0.745558 399 396 506 449
2 0.741842 576 384 631 439
2 0.738562 0 233 17 284
3 0.735746 258 410 297 465
3 0.732879 58 531 114 576
3 0.710038 1436 452 1507 494
2 0.707368 365 199 398 253
3 0.70499 112 526 145 573
2 0.702381 777 530 830 555
3 0.700633 517 497 572 552
3 0.69919 51 389 110 442
2 0.696615 715 533 778 557
2 0.69488 140 378 172 427
3 0.687003 1479 409 1517 450
2 0.677785 0 276 14 328
2 0.677659 111 381 140 431
2 0.675391 1473 282 1509 324
2 0.627756 258 361 295 413
2 0.625629 13 490 55 536
2 0.614143 575 494 635 547
3 0.607142 1433 409 1502 452
2 0.605127 0 315 14 367
2 0.576157 644 540 711 560
2 0.56828 1349 278 1425 323
3 0.567901 936 520 1004 543
2 0.548381 513 388 567 441
3 0.538495 512 388 567 441
