2 0.904769 819 77 921 123
2 0.885848 259 212 301 266
2 0.878585 257 261 299 317
3 0.87827 1065 366 1164 415
2 0.876713 1046 85 1148 131
2 0.875682 818 125 922 172
2 0.875376 1048 130 1150 176
2 0.874985 819 172 922 221
2 0.874614 1338 148 1415 196
2 0.874605 569 174 636 226
2 0.87452 920 77 985 124
2 0.873519 141 282 174 336
2 0.873022 574 385 633 439
2 0.872101 766 79 818 126
2 0.871898 636 273 700 327
3 0.871647 705 274 767 322
2 0.871566 1342 190 1419 238
3 0.871331 827 322 934 372
3 0.871107 1063 318 1163 365
3 0.870869 827 373 935 423
3 0.870686 1059 270 1161 318
3 0.870083 1350 277 1425 322
2 0.869847 172 321 256 376
3 0.869024 825 271 931 320
2 0.868321 140 331 173 384
2 0.867939 263 163 304 218
2 0.867643 297 306 359 361
3 0.867332 1006 366 1062 415
3 0.867094 1009 417 1062 466
2 0.866856 986 79 1046 124
2 0.866769 766 173 818 222
3 0.866498 1065 416 1165 464
3 0.866333 827 424 936 475
2 0.866022 706 175 766 224
3 0.865846 1219 272 1312 317
2 0.865013 922 173 987 220
2 0.864535 177 176 264 238
3 0.864121 1359 365 1430 410
2 0.863665 988 172 1050 219
3 0.863588 1361 454 1430 486
2 0.863399 1051 175 1154 222
2 0.862801 570 276 635 331
3 0.862101 711 379 768 429
2 0.862022 1152 132 1212 179
3 0.861836 1315 320 1357 364
2 0.861536 921 125 986 172
2 0.861211 257 311 297 366
3 0.860843 937 320 1002 368
3 0.860693 1216 227 1309 271
2 0.860466 398 291 502 347
2 0.860161 766 127 817 173
3 0.859944 1226 365 1317 411
3 0.859599 1354 321 1429 366
3 0.859295 938 369 1004 417
3 0.859261 1224 318 1315 364
2 0.858975 509 124 571 180
2 0.858778 707 80 765 128
2 0.858631 142 235 177 289
3 0.858366 1055 224 1158 270
3 0.858102 173 368 255 424
2 0.857935 400 138 507 196
2 0.857556 1208 97 1298 143
2 0.857267 173 272 257 329
2 0.857248 1214 182 1304 229
3 0.857211 769 274 822 321
2 0.856524 173 225 260 285
2 0.856226 572 121 636 175
2 0.855297 569 224 635 277
3 0.855245 1161 270 1221 317
2 0.853984 398 344 503 398
3 0.853629 1318 365 1359 409
3 0.853507 1319 411 1361 455
2 0.853216 1346 234 1422 279
3 0.853069 177 469 254 521
3 0.853026 1064 464 1165 515
3 0.853016 175 418 254 472
3 0.852829 774 477 826 527
3 0.852782 1164 317 1223 365
3 0.852272 51 435 109 487
3 0.852177 1003 319 1061 365
2 0.851008 1336 107 1412 155
3 0.850724 1431 409 1512 451
3 0.850104 1360 411 1430 454
2 0.85 707 129 766 175
2 0.849905 507 178 569 231
3 0.84942 1158 225 1216 270
3 0.848337 1320 457 1361 488
3 0.848265 351 403 396 455
2 0.848227 637 118 702 172
2 0.848016 12 311 51 363
3 0.847393 179 519 256 570
2 0.847093 298 255 361 310
2 0.84701 10 355 51 409
3 0.84659 771 376 824 426
3 0.846526 822 225 926 269
3 0.846201 998 269 1058 318
2 0.844805 986 125 1049 173
3 0.844507 770 324 823 374
3 0.844271 1167 366 1224 413
2 0.84419 507 283 568 336
3 0.843944 1312 274 1352 320
3 0.843629 767 225 820 271
2 0.843372 299 204 365 260
3 0.843352 939 419 1005 470
3 0.843107 304 511 353 563
3 0.842696 707 325 767 377
3 0.842676 256 412 298 464
2 0.842635 1299 102 1336 146
3 0.842529 1010 467 1063 518
2 0.841553 636 221 700 273
2 0.841257 1150 89 1208 135
3 0.840538 1225 412 1318 456
2 0.840049 1211 139 1301 185
2 0.839972 1154 177 1214 223
3 0.83936 772 427 824 476
3 0.839342 1430 366 1511 409
2 0.83865 1421 238 1478 282
3 0.838613 402 451 508 501
3 0.837942 53 485 109 533
2 0.837627 54 205 115 268
2 0.837534 109 337 141 388
3 0.837089 300 408 349 460
3 0.836328 140 476 177 525
3 0.836123 1225 459 1318 493
3 0.835274 1427 323 1507 366
2 0.835137 50 343 109 399
3 0.834043 992 223 1054 267
2 0.83196 398 188 504 246
2 0.831572 397 240 502 296
2 0.831154 637 170 701 222
3 0.830233 142 524 180 571
3 0.829791 933 268 998 318
2 0.825803 1301 144 1339 190
3 0.825748 111 480 142 528
2 0.825451 1413 155 1469 204
3 0.825366 1167 414 1224 460
3 0.824566 926 224 992 267
3 0.822622 353 507 403 560
2 0.822055 50 300 109 356
2 0.821853 145 189 180 243
2 0.821645 506 230 569 283
2 0.819562 109 290 142 343
3 0.81849 111 383 142 433
3 0.818394 939 471 1007 520
3 0.818293 827 475 936 527
3 0.816617 636 327 701 381
2 0.816285 357 300 397 354
2 0.81597 110 242 144 297
3 0.815709 256 361 296 414
3 0.814914 258 515 305 565
2 0.814733 51 254 112 314
2 0.813232 360 250 398 303
3 0.812342 256 465 301 515
2 0.81015 1409 114 1462 163
3 0.810089 509 336 567 387
2 0.809455 15 267 53 321
3 0.807077 1167 460 1224 509
3 0.806992 301 460 350 511
3 0.806726 1434 452 1514 486
2 0.805889 1418 197 1470 242
3 0.802196 402 502 511 557
3 0.79913 50 389 110 442
3 0.798845 140 426 175 477
2 0.797481 17 225 56 276
2 0.796334 1304 187 1343 232
3 0.793469 12 445 52 493
3 0.793296 56 531 113 576
3 0.792797 640 436 703 488
3 0.792306 110 431 139 481
2 0.791823 302 155 377 210
3 0.790164 352 457 399 507
3 0.78669 141 378 173 430
3 0.785566 711 430 770 480
3 0.783543 568 330 633 384
3 0.780742 1424 281 1499 322
2 0.778699 113 195 148 251
3 0.7751 112 528 144 573
2 0.768168 636 383 701 436
2 0.765072 364 199 398 253
3 0.764309 11 400 51 450
3 0.762517 12 491 55 537
3 0.757011 1309 232 1348 275
3 0.714848 705 225 766 272
2 0.706251 0 276 16 328
2 0.695421 1457 120 1490 165
2 0.695229 0 231 19 284
3 0.691255 516 446 570 496
3 0.689593 400 396 506 450
2 0.686204 716 532 776 557
2 0.686113 577 493 642 548
2 0.680139 1853 397 1877 421
3 0.6796 577 440 638 492
2 0.673726 353 351 396 403
2 0.671238 1462 158 1495 206
3 0.65144 512 389 567 442
2 0.635583 0 317 15 367
2 0.617287 1010 518 1062 539
2 0.612753 1467 200 1499 242
2 0.601681 1469 239 1499 282
3 0.574472 14 536 56 577
2 0.573391 517 498 573 553
3 0.569001 714 482 773 533
2 0.552645 1853 434 1877 460
3 0.546721 646 490 705 545
2 0.546045 306 154 399 206
2 0.544049 776 529 827 554
2 0.520871 367 152 399 203
