2 0.894671 818 79 922 124
2 0.887767 259 212 301 266
3 0.887026 773 478 827 528
3 0.883504 705 274 767 322
3 0.882299 1007 417 1063 469
3 0.879799 1005 367 1062 416
3 0.879009 1063 416 1166 466
3 0.878852 825 271 932 321
2 0.878811 257 261 299 316
3 0.877305 1223 318 1318 366
3 0.877061 1224 365 1319 412
2 0.876386 573 120 637 174
2 0.876335 263 164 304 218
3 0.876199 770 428 826 478
2 0.876136 920 78 986 124
3 0.875666 1061 316 1163 366
3 0.875527 1162 316 1223 365
3 0.875117 827 373 936 424
2 0.874827 1208 97 1297 144
3 0.874348 1063 366 1165 416
2 0.874101 300 205 365 259
3 0.874071 705 224 768 272
2 0.873369 1423 280 1476 325
3 0.87328 937 319 1001 368
2 0.873146 1049 129 1152 176
2 0.873023 1339 147 1416 197
2 0.873008 1046 85 1149 131
3 0.872744 827 322 934 373
2 0.872687 570 172 636 226
2 0.871996 1345 234 1422 280
2 0.871259 1342 190 1419 239
3 0.871254 1002 318 1060 366
2 0.871103 818 125 922 172
3 0.870742 768 274 822 322
3 0.870633 1319 411 1362 456
2 0.870483 988 172 1051 219
3 0.870327 1159 268 1221 317
3 0.870302 1361 411 1432 455
2 0.869821 767 173 818 222
3 0.869723 1224 412 1319 458
2 0.869507 705 174 767 223
2 0.869056 569 224 635 276
2 0.869042 636 272 701 324
2 0.868901 818 172 923 221
2 0.868383 298 255 362 309
3 0.868191 1316 321 1358 367
2 0.868022 766 80 818 127
3 0.867735 821 224 928 271
3 0.867445 1359 367 1431 411
2 0.867231 706 128 767 175
3 0.86719 769 376 825 427
3 0.866958 1164 365 1225 413
3 0.866609 1362 455 1433 499
3 0.866578 1354 323 1428 368
3 0.866442 827 425 937 476
2 0.866396 921 124 987 172
3 0.866259 768 224 820 272
2 0.865736 142 233 178 287
2 0.865239 1419 237 1473 283
2 0.864767 570 275 635 328
2 0.864553 766 127 817 174
2 0.864468 174 224 260 284
3 0.864348 939 368 1003 418
2 0.864129 509 124 573 180
3 0.863756 1006 468 1063 520
2 0.863173 923 172 988 219
2 0.863039 636 221 701 272
2 0.863021 296 304 359 359
3 0.862687 706 325 767 376
3 0.862619 1218 270 1316 318
2 0.862049 173 319 258 375
2 0.861668 1052 174 1153 222
3 0.860677 828 476 936 526
3 0.860087 1064 465 1167 516
3 0.859892 178 519 258 570
2 0.859619 173 270 258 330
3 0.859474 1318 366 1361 411
2 0.859221 1152 131 1212 179
3 0.85889 1058 268 1160 316
2 0.858827 636 324 701 375
3 0.857737 997 268 1058 317
2 0.856961 985 78 1048 125
2 0.856061 110 336 140 386
3 0.855743 1157 223 1216 270
2 0.855481 139 330 172 383
3 0.855175 1426 323 1477 367
2 0.855109 507 178 571 232
2 0.855059 401 139 507 195
2 0.854885 1154 176 1215 223
2 0.854678 140 281 175 335
2 0.854601 986 125 1050 173
2 0.854238 258 310 297 366
3 0.854055 1166 413 1225 461
3 0.854014 174 416 256 471
3 0.853976 769 324 824 375
2 0.853612 296 355 354 406
2 0.853555 1348 277 1424 324
3 0.853043 933 270 998 318
2 0.853039 1211 140 1300 187
3 0.852202 708 379 768 429
2 0.852165 1214 182 1305 229
3 0.851741 1054 223 1158 269
2 0.851563 705 81 766 128
3 0.85149 1223 458 1319 507
2 0.850653 398 187 505 246
3 0.849926 940 419 1005 471
3 0.849743 1313 274 1352 321
3 0.849468 177 469 256 520
2 0.849122 637 118 703 171
2 0.84848 397 343 503 393
2 0.847842 1417 198 1470 241
2 0.847366 1297 102 1337 147
3 0.84713 993 222 1054 269
3 0.847123 402 451 506 502
2 0.847083 576 441 636 493
3 0.845464 1216 225 1311 273
2 0.844969 636 170 702 222
3 0.844903 1428 367 1478 410
3 0.844512 1318 456 1362 501
3 0.84404 1167 460 1226 510
2 0.842988 505 283 567 335
3 0.842703 927 223 994 269
2 0.842427 1300 144 1340 191
2 0.841974 109 288 142 341
2 0.841256 1149 88 1209 135
2 0.841063 178 175 263 238
3 0.840061 50 434 108 488
3 0.839719 352 400 397 454
2 0.838458 1336 107 1412 155
2 0.837995 50 342 110 396
2 0.834415 361 250 398 302
2 0.832482 303 156 366 211
3 0.83238 297 405 351 460
3 0.832342 1431 410 1479 452
2 0.831819 364 199 399 253
2 0.831287 55 204 115 266
2 0.831215 145 187 181 242
3 0.830702 403 501 509 557
2 0.829215 1413 156 1468 203
2 0.828153 14 310 51 362
2 0.827885 506 230 568 284
3 0.826248 940 471 1006 523
3 0.825841 144 522 180 571
2 0.824738 354 351 395 399
2 0.823125 397 291 503 345
2 0.822749 1411 115 1461 162
3 0.822575 1477 368 1515 410
2 0.822047 571 327 634 379
3 0.82048 141 476 176 524
3 0.81906 111 480 142 527
2 0.818838 112 241 145 296
2 0.817895 51 299 110 354
2 0.815695 12 355 51 406
3 0.8144 51 485 110 533
3 0.813485 260 515 305 565
2 0.811477 398 239 503 295
3 0.809595 304 510 355 563
3 0.808319 257 409 297 465
3 0.808021 139 425 173 477
2 0.807441 1304 187 1343 234
3 0.806381 1478 410 1515 451
3 0.805769 354 506 404 559
2 0.805741 356 300 397 353
3 0.804526 1309 231 1347 276
2 0.804036 52 253 113 310
3 0.802049 640 437 703 489
2 0.798801 16 267 53 318
2 0.798489 17 225 56 275
2 0.79532 505 336 560 385
2 0.79184 1458 123 1491 165
2 0.788876 399 395 504 450
2 0.787212 1475 285 1508 325
3 0.78631 109 430 139 481
3 0.78565 300 460 351 511
3 0.785637 352 456 400 508
2 0.785184 139 376 172 427
3 0.781331 1434 452 1479 495
3 0.776687 112 527 146 573
3 0.775741 14 490 51 536
3 0.774684 257 464 301 515
3 0.774382 1476 325 1513 367
2 0.773794 1472 241 1501 286
2 0.770876 114 193 148 249
3 0.770822 646 490 708 541
2 0.758805 1469 202 1497 244
3 0.757683 54 530 115 576
2 0.754325 1006 518 1062 540
3 0.749528 1479 451 1514 493
2 0.745363 50 387 110 441
3 0.744815 15 535 52 578
3 0.740543 15 443 50 492
2 0.739439 708 431 770 481
3 0.737028 711 482 773 533
2 0.735952 365 153 400 202
2 0.733337 1464 161 1496 206
2 0.72776 113 382 140 431
2 0.721207 576 383 633 440
2 0.719232 715 533 777 557
2 0.694041 574 493 643 548
2 0.690171 0 276 17 327
2 0.687917 509 388 563 442
2 0.667865 511 445 565 497
2 0.666037 637 379 701 436
2 0.654096 0 317 16 366
3 0.651989 0 495 14 538
2 0.649508 0 233 18 283
2 0.646987 512 498 569 553
3 0.633505 940 520 1005 543
2 0.632928 649 540 712 560
2 0.623778 776 529 828 554
3 0.597081 0 537 16 579
3 0.589665 637 379 701 435
3 0.588113 259 362 296 411
2 0.557324 829 523 935 547
3 0.550149 17 398 51 447
3 0.547472 172 367 257 420
