3 0.889768 776 479 828 528
2 0.883613 572 174 638 226
2 0.879696 1053 176 1155 223
2 0.879694 820 79 923 124
2 0.87797 142 282 176 335
2 0.877904 1344 191 1421 240
2 0.874486 1052 130 1154 178
2 0.874428 260 260 301 316
2 0.874256 1342 149 1419 198
3 0.874162 1067 367 1167 417
2 0.874042 144 235 179 288
2 0.873908 990 172 1053 221
3 0.872897 1061 270 1161 318
3 0.872784 705 274 767 324
3 0.872673 1065 318 1164 366
2 0.872144 1049 86 1151 131
3 0.871885 1008 367 1065 417
3 0.871633 1220 273 1315 319
3 0.870447 1162 272 1221 318
2 0.870399 511 125 575 180
2 0.870193 1210 96 1302 144
3 0.869735 1056 225 1159 271
3 0.868384 1223 319 1318 365
3 0.86813 999 270 1062 318
2 0.868008 509 178 573 230
3 0.867711 1010 418 1065 468
2 0.867468 403 139 509 195
3 0.866911 1067 418 1169 465
3 0.865646 937 319 1004 367
3 0.865574 825 271 932 320
2 0.865415 708 175 769 225
2 0.864861 988 126 1051 173
2 0.864788 573 275 637 330
2 0.864497 769 174 820 224
2 0.864446 923 79 987 125
2 0.864282 573 225 637 277
3 0.863845 1005 318 1064 367
3 0.863844 939 368 1005 419
2 0.862307 265 162 306 217
2 0.862055 638 273 703 327
2 0.861973 639 222 703 273
2 0.861966 261 212 303 266
3 0.861801 1224 413 1320 460
3 0.861777 1165 319 1223 365
3 0.861494 1352 279 1426 324
2 0.860705 821 173 925 222
2 0.860667 401 292 505 345
2 0.85971 927 173 990 220
3 0.859149 708 327 767 376
2 0.858865 986 80 1049 126
3 0.858541 302 407 351 460
3 0.857567 826 321 935 373
2 0.857496 821 125 924 173
2 0.857461 770 127 819 174
3 0.85645 933 270 1000 318
3 0.856237 1168 365 1224 414
2 0.855506 1214 139 1304 188
2 0.855139 142 330 175 383
2 0.854926 111 289 144 342
2 0.854439 109 336 142 388
2 0.854277 402 344 504 396
3 0.854081 1218 228 1309 273
3 0.853462 1357 323 1430 368
3 0.853363 1010 468 1066 518
2 0.852793 1152 90 1210 135
3 0.852651 1224 366 1320 413
2 0.852575 1437 454 1515 506
3 0.852285 1067 465 1171 515
2 0.852236 508 230 572 283
3 0.852136 823 224 929 270
2 0.851175 14 308 53 362
2 0.85084 770 80 819 126
3 0.850573 773 428 826 479
3 0.850513 302 461 350 511
2 0.850343 301 306 362 360
3 0.84978 1312 277 1355 321
2 0.849595 925 125 988 172
3 0.849566 827 372 937 424
2 0.849186 301 254 365 310
2 0.849052 113 243 145 296
3 0.848782 929 221 994 268
3 0.847901 1159 226 1218 271
2 0.847682 16 267 55 317
2 0.847463 1154 133 1214 180
2 0.847061 639 171 704 222
2 0.846872 400 240 506 296
2 0.846378 508 283 573 337
2 0.845858 1338 107 1415 157
3 0.845732 1171 415 1225 462
2 0.845334 709 128 769 176
3 0.845234 993 223 1058 270
3 0.844685 939 421 1007 471
2 0.84425 573 330 636 383
3 0.844116 304 512 352 562
2 0.84401 302 357 358 408
3 0.843835 403 450 505 502
2 0.843058 56 203 118 268
3 0.842787 769 274 822 323
2 0.842667 401 188 507 245
3 0.842652 772 376 825 427
3 0.842652 1309 233 1349 277
2 0.841788 1217 183 1307 229
3 0.841328 143 476 179 524
2 0.840788 1157 179 1216 224
3 0.840306 515 444 570 495
3 0.839864 770 325 823 375
3 0.83969 108 431 142 481
2 0.839628 708 81 769 128
2 0.839608 1303 143 1343 192
2 0.83901 260 311 300 366
3 0.838695 769 225 821 272
2 0.83795 574 122 639 175
3 0.836177 112 479 144 527
3 0.835579 643 437 701 487
2 0.835441 50 343 110 397
3 0.835336 352 457 399 508
3 0.832994 1224 460 1322 508
2 0.832754 356 351 400 401
2 0.83092 18 223 58 277
3 0.829986 353 403 398 455
2 0.828575 147 189 183 243
3 0.828384 1317 321 1360 366
3 0.828133 1364 412 1433 457
3 0.826262 260 464 301 514
3 0.825748 639 381 701 435
2 0.824336 12 353 51 407
2 0.82298 1301 101 1339 148
3 0.822266 938 472 1007 525
2 0.820758 301 205 368 258
3 0.820145 1361 368 1432 412
3 0.819868 259 411 300 465
2 0.818935 639 119 704 172
3 0.818215 646 489 707 541
2 0.816771 360 300 401 352
3 0.816337 353 508 403 559
3 0.814162 404 502 512 557
2 0.813802 1307 187 1345 233
3 0.81099 1172 462 1226 510
2 0.809822 1422 241 1499 282
3 0.809729 721 482 775 530
2 0.809641 1348 234 1423 281
2 0.809608 51 299 112 354
2 0.808886 305 156 371 209
2 0.807075 115 194 150 250
3 0.805746 53 438 108 487
2 0.805637 507 336 570 388
2 0.80011 52 252 115 309
2 0.799029 1425 282 1508 324
2 0.798872 1435 411 1515 454
3 0.796601 142 427 176 477
2 0.795737 637 327 702 379
2 0.790695 575 384 635 439
2 0.783382 142 379 173 430
2 0.783292 707 53 768 82
2 0.779792 364 249 400 303
2 0.777075 1419 199 1499 244
3 0.774513 718 429 771 479
2 0.773386 0 276 16 323
2 0.772762 215 174 265 232
3 0.772287 113 526 148 573
2 0.767031 367 199 401 252
2 0.762969 1432 369 1515 411
3 0.7545 716 380 768 427
3 0.753963 517 498 575 552
2 0.753641 370 152 402 202
3 0.752459 264 515 305 564
2 0.746789 173 324 218 378
2 0.741123 1428 324 1512 369
3 0.735672 180 522 217 566
2 0.734528 1010 517 1066 542
3 0.732226 1321 411 1363 457
2 0.730767 219 221 263 277
2 0.7307 509 389 566 441
2 0.728391 260 361 301 415
2 0.727558 1417 158 1491 203
2 0.724884 0 233 20 283
3 0.724044 145 524 181 570
3 0.723913 1319 366 1362 411
2 0.723867 218 271 261 326
3 0.723206 79 530 116 575
2 0.717931 176 226 224 283
3 0.716671 217 469 259 519
2 0.712541 720 532 778 558
3 0.7125 217 519 264 565
3 0.710637 52 390 110 442
2 0.704825 180 176 257 237
3 0.703701 73 485 111 532
2 0.702693 1412 117 1460 163
3 0.701339 54 486 99 534
3 0.700183 178 472 215 521
2 0.697886 0 317 15 367
3 0.697844 829 477 884 526
3 0.695788 15 444 54 493
2 0.692143 174 274 221 329
3 0.691537 580 440 638 492
2 0.691296 216 320 259 373
2 0.689075 777 530 829 554
3 0.681047 14 492 52 537
3 0.680555 827 426 929 477
3 0.675304 938 520 1007 546
2 0.669787 402 397 504 448
3 0.662008 885 475 936 525
2 0.655397 108 384 143 435
2 0.653961 1209 66 1300 102
2 0.653176 174 368 258 422
2 0.646922 648 541 712 560
3 0.645546 827 425 882 477
3 0.642286 55 532 85 576
3 0.631708 176 419 257 471
2 0.625028 1411 115 1488 164
3 0.622058 1365 457 1435 507
2 0.596819 1150 62 1208 93
2 0.596561 0 362 14 411
2 0.591592 770 52 818 80
2 0.586088 174 322 248 376
3 0.572779 261 364 300 415
3 0.561311 13 400 52 447
2 0.554934 580 544 644 561
3 0.553493 581 493 641 544
3 0.548155 875 424 937 475
2 0.547787 706 225 768 273
3 0.547078 15 535 52 578
3 0.5349 1321 458 1366 504
