2 0.899918 259 213 300 264
2 0.89611 257 261 299 314
2 0.889966 1218 230 1307 274
2 0.88336 263 165 302 217
2 0.881153 819 80 920 124
3 0.881151 1352 322 1427 364
2 0.879748 922 79 983 125
2 0.879239 1211 142 1301 186
2 0.878658 139 283 175 336
3 0.876184 1227 412 1318 456
2 0.875599 1215 185 1305 230
2 0.875424 923 128 985 173
2 0.873697 172 320 256 378
2 0.873338 173 270 257 331
2 0.872829 141 236 177 289
2 0.869562 570 225 634 279
2 0.869253 570 174 635 228
3 0.868831 1227 365 1316 410
2 0.868202 257 310 297 366
2 0.867564 821 223 923 271
2 0.86747 1054 224 1154 272
3 0.866921 1222 275 1310 318
2 0.8666 819 128 920 173
2 0.86593 819 175 921 220
3 0.864419 935 321 998 367
3 0.863482 1000 320 1059 365
3 0.863237 1225 320 1313 363
2 0.863168 925 175 986 220
2 0.862095 1343 192 1419 238
2 0.862022 1051 177 1154 223
3 0.86149 939 370 1001 417
3 0.861473 1358 366 1430 409
2 0.861229 1157 225 1217 272
2 0.860423 1349 278 1425 322
2 0.859738 138 331 173 383
2 0.859687 1339 151 1416 196
2 0.859475 1209 99 1296 143
2 0.858911 636 274 699 326
2 0.858657 767 174 817 223
2 0.858294 986 127 1048 174
2 0.858281 1049 133 1152 177
2 0.857807 177 175 263 238
2 0.857769 1153 134 1212 179
2 0.857758 509 127 571 180
2 0.857379 1308 231 1345 275
2 0.856992 767 223 818 274
2 0.856 767 127 816 174
2 0.854766 984 79 1045 127
2 0.854638 174 225 259 284
3 0.854246 829 424 935 474
3 0.854213 828 372 933 422
2 0.853645 401 292 503 346
2 0.853593 570 278 634 334
3 0.85321 1167 320 1221 363
2 0.85274 926 222 987 268
2 0.852269 636 222 699 274
3 0.851877 994 271 1056 318
3 0.851832 1006 367 1060 414
2 0.851713 1418 199 1471 242
2 0.850874 401 139 506 195
2 0.850649 507 230 568 283
2 0.850635 508 179 569 231
2 0.850422 990 219 1052 268
2 0.849386 1155 178 1214 225
2 0.849377 988 174 1050 220
3 0.848508 1226 458 1318 503
2 0.84839 767 80 816 126
2 0.847907 1421 239 1472 282
3 0.84739 1170 366 1221 410
3 0.84652 1062 319 1163 364
2 0.84543 399 240 503 295
3 0.845391 823 273 926 321
2 0.841995 635 328 699 381
2 0.841772 1336 108 1411 155
2 0.841713 400 345 503 398
3 0.841623 828 476 936 524
2 0.841271 572 122 636 176
2 0.841194 705 225 765 275
3 0.841174 826 322 931 370
2 0.840813 110 337 140 386
3 0.840684 1162 274 1219 317
2 0.839683 110 243 143 297
3 0.839203 1009 417 1062 465
2 0.83881 400 190 504 245
3 0.838728 930 272 993 319
3 0.83813 775 479 825 527
3 0.83809 941 420 1004 468
3 0.838059 1064 365 1165 412
2 0.837751 1346 235 1421 279
2 0.837689 1300 145 1340 190
2 0.837268 506 283 569 336
2 0.837087 707 79 766 129
2 0.836948 707 128 766 176
2 0.834927 1305 187 1343 232
3 0.834809 1170 413 1223 458
2 0.833483 173 372 256 423
2 0.832762 637 120 701 174
3 0.83206 179 520 256 570
3 0.831667 1066 414 1165 461
2 0.830565 636 171 700 223
3 0.830268 1059 274 1159 318
2 0.829729 1150 89 1208 135
2 0.829629 706 176 766 224
2 0.829295 1414 157 1469 203
3 0.828484 772 376 823 425
2 0.827321 54 206 115 268
3 0.822331 143 525 180 571
2 0.82144 1047 88 1149 132
3 0.820169 769 275 820 323
2 0.819852 1409 117 1462 163
3 0.818873 1361 411 1431 453
2 0.818535 111 383 139 429
3 0.817791 402 502 508 554
2 0.817738 109 290 141 343
3 0.817119 940 472 1008 519
2 0.815989 258 362 296 414
3 0.813902 1010 467 1063 516
3 0.813646 1169 461 1224 506
3 0.812811 1320 365 1358 409
3 0.811734 1431 365 1507 407
2 0.811227 1425 282 1477 323
3 0.809353 1364 455 1432 497
2 0.80867 1296 102 1337 147
3 0.804968 773 428 824 475
3 0.804706 178 472 254 519
3 0.804675 1320 411 1360 453
3 0.804015 1428 324 1481 363
3 0.803068 402 453 505 500
2 0.800131 144 188 180 243
3 0.79856 1434 409 1510 451
2 0.794232 113 196 147 251
2 0.788866 51 254 112 311
3 0.787947 771 326 821 373
3 0.787343 642 437 710 488
3 0.785806 1066 464 1166 511
2 0.784132 507 337 568 390
2 0.78233 139 379 173 426
3 0.781916 713 380 766 427
2 0.778807 15 269 52 321
3 0.775046 1316 321 1353 363
2 0.771437 15 311 51 364
3 0.771406 140 480 177 525
2 0.76865 302 157 370 212
2 0.768587 299 254 364 309
2 0.766675 570 333 633 387
2 0.76009 1460 123 1490 165
3 0.754423 1436 452 1510 494
2 0.752237 300 205 366 259
3 0.749172 260 515 304 564
3 0.738451 721 430 767 478
2 0.736915 15 228 55 279
3 0.734018 644 490 714 542
2 0.731674 49 300 110 355
3 0.718504 723 483 771 528
2 0.712882 299 304 368 359
3 0.708532 1320 456 1362 498
2 0.704601 1465 163 1495 206
3 0.703264 304 510 399 562
3 0.699298 257 466 300 513
3 0.689181 304 460 397 509
2 0.683494 304 356 397 408
2 0.664416 80 532 112 575
3 0.664115 1311 277 1348 319
2 0.658865 1470 204 1497 245
2 0.634172 55 533 81 575
2 0.630361 365 201 399 253
2 0.624626 367 153 400 204
2 0.623578 13 357 50 409
3 0.621575 940 519 1009 542
2 0.613858 300 304 396 359
2 0.605532 50 347 81 400
3 0.599471 112 528 144 573
2 0.592882 0 241 17 286
2 0.586691 1472 242 1499 284
2 0.575571 581 441 631 492
2 0.572632 70 298 110 352
2 0.555179 79 486 112 532
2 0.555104 363 250 398 304
2 0.555065 85 341 111 393
3 0.553928 177 429 254 473
3 0.54419 637 383 699 433
3 0.541882 703 277 765 325
2 0.538385 581 495 637 545
3 0.538005 303 410 394 461
2 0.533177 0 280 14 331
2 0.524384 52 398 78 439
2 0.502558 1012 517 1063 539
