2 0.891902 818 78 921 123
3 0.881691 1064 366 1164 415
2 0.880142 818 125 921 172
2 0.879801 569 173 635 227
2 0.876667 1342 191 1419 238
3 0.876147 704 274 768 323
2 0.875823 767 79 817 126
3 0.875541 1063 318 1162 366
3 0.874609 1349 277 1425 321
3 0.874357 825 272 931 320
2 0.874179 1048 129 1151 176
3 0.873497 1006 367 1061 415
2 0.873318 1046 85 1149 131
3 0.87307 1009 417 1062 467
2 0.872473 636 273 701 327
2 0.871988 921 77 985 123
3 0.870739 774 478 825 528
3 0.870722 827 424 935 476
3 0.870186 1059 268 1160 318
3 0.86848 1219 272 1313 317
3 0.868442 714 380 768 429
3 0.868397 1064 417 1165 464
2 0.868259 1421 238 1472 282
3 0.868015 827 321 933 373
2 0.867636 508 125 571 181
3 0.867124 1224 412 1319 457
2 0.866792 767 127 817 174
3 0.866789 1224 364 1317 411
2 0.866599 569 225 634 277
3 0.866558 937 320 1000 367
2 0.86644 922 125 986 172
3 0.866389 827 372 935 424
2 0.865935 706 175 767 224
2 0.865634 399 344 501 397
2 0.865565 819 172 922 221
2 0.865376 923 172 987 219
2 0.865334 987 172 1050 219
3 0.865107 1358 365 1430 410
3 0.864984 1003 319 1059 365
2 0.864686 1338 149 1416 196
2 0.863796 397 291 502 348
3 0.863138 1222 317 1315 363
2 0.86305 985 79 1045 124
2 0.861824 1051 175 1153 221
2 0.861519 505 284 568 338
2 0.860465 767 173 817 221
2 0.859646 1208 97 1298 143
3 0.859611 1353 320 1428 365
2 0.859344 636 221 700 272
2 0.859141 707 129 766 176
2 0.859102 570 276 634 332
3 0.858678 939 369 1003 417
2 0.858256 1152 132 1211 179
3 0.857639 770 274 822 322
2 0.857445 1336 106 1411 155
2 0.856942 1150 89 1208 134
3 0.856936 996 268 1057 317
3 0.85692 1427 322 1479 366
3 0.856319 707 325 767 377
3 0.855698 1063 464 1167 515
3 0.85542 1012 467 1062 518
3 0.854818 772 376 824 426
3 0.854269 771 324 823 375
3 0.854201 1319 411 1361 455
3 0.853786 1364 455 1431 498
2 0.853437 506 178 569 232
3 0.852993 822 224 926 269
3 0.852884 1054 222 1157 269
3 0.852498 991 221 1053 266
3 0.85219 1315 319 1357 363
2 0.851861 706 81 766 128
3 0.851844 772 427 824 477
2 0.851592 1154 177 1213 222
3 0.850711 1167 365 1222 412
2 0.849918 571 119 636 175
3 0.849733 933 268 996 318
2 0.849672 1418 197 1468 241
3 0.849072 1160 270 1218 317
3 0.848384 927 222 992 266
3 0.848246 636 382 701 435
3 0.847727 1216 228 1308 272
2 0.846601 395 188 504 245
3 0.845431 827 475 935 527
3 0.844149 1163 318 1221 365
2 0.844004 1346 235 1422 279
3 0.84393 1360 410 1430 454
2 0.843766 398 137 507 193
2 0.843467 396 240 502 298
3 0.843212 1424 280 1476 322
3 0.842748 939 419 1006 470
3 0.841961 1317 364 1359 409
3 0.841574 1223 458 1320 506
3 0.841515 1429 366 1478 409
3 0.841505 352 403 397 455
2 0.840334 986 125 1048 172
2 0.840242 1211 138 1300 186
3 0.840087 640 437 702 488
2 0.838415 1214 183 1303 229
3 0.836591 302 511 351 562
3 0.836551 402 452 501 502
2 0.835638 1299 103 1337 147
3 0.835217 1168 414 1223 460
2 0.834994 1413 156 1467 202
3 0.833146 769 225 820 271
3 0.830668 1168 461 1225 509
2 0.830561 636 170 700 222
2 0.829975 637 117 700 171
3 0.827903 1312 274 1351 319
3 0.827258 636 327 701 381
3 0.826896 705 225 767 272
3 0.826584 352 507 402 558
2 0.824697 1300 145 1339 190
2 0.824191 505 231 568 284
3 0.82133 140 476 178 525
3 0.82007 938 471 1009 521
3 0.817716 1157 224 1216 269
3 0.813037 1431 409 1478 451
2 0.80885 1409 113 1462 162
3 0.808599 1320 456 1363 500
3 0.805784 403 503 505 555
3 0.804688 569 330 633 384
3 0.80381 179 519 257 568
2 0.79716 1304 187 1342 233
2 0.795912 109 343 143 386
3 0.794784 716 431 769 480
3 0.794061 505 337 567 388
3 0.793047 137 429 175 478
2 0.790961 255 413 297 466
2 0.789359 358 299 396 353
2 0.783214 1470 241 1499 284
3 0.781018 1478 367 1512 408
3 0.780367 647 490 705 541
3 0.778369 142 523 181 573
2 0.772126 1459 121 1491 165
2 0.77037 362 248 396 302
3 0.762239 51 438 108 487
2 0.761621 175 418 252 472
3 0.757837 111 527 144 574
3 0.754542 511 388 568 442
2 0.751836 299 356 346 411
2 0.751825 11 358 50 404
2 0.751459 1463 161 1495 205
2 0.749825 258 362 297 415
3 0.745207 177 470 254 520
2 0.741284 1466 201 1497 244
3 0.739052 400 397 502 450
3 0.737685 300 461 351 512
2 0.737259 141 344 176 384
3 0.736638 577 440 636 493
3 0.736261 1309 233 1347 276
2 0.735772 254 466 299 515
3 0.733909 1432 452 1478 494
3 0.709715 1478 323 1511 367
3 0.70876 351 456 399 506
2 0.693816 259 335 299 369
2 0.692832 575 494 641 548
2 0.684556 174 344 249 379
3 0.675273 50 391 109 442
2 0.672349 174 371 251 423
2 0.672037 1512 410 1536 449
3 0.669106 12 402 51 449
3 0.668868 110 480 143 528
3 0.666057 108 431 140 480
3 0.653787 300 409 350 462
3 0.650161 257 515 303 564
2 0.647941 517 445 571 496
2 0.637731 574 384 632 440
3 0.615295 139 381 174 431
2 0.608787 1014 517 1062 538
2 0.592971 372 149 401 197
3 0.590918 1477 409 1513 450
3 0.588418 718 482 773 531
2 0.586922 53 347 110 394
2 0.578046 520 499 573 552
2 0.570444 353 349 396 404
2 0.563114 49 347 95 396
3 0.560166 57 532 113 576
2 0.560011 300 311 337 362
2 0.558149 1512 449 1538 490
3 0.555476 1474 281 1503 321
3 0.554828 53 485 110 533
3 0.542787 574 384 633 439
3 0.532308 1476 450 1513 493
2 0.528983 335 303 361 358
2 0.522602 365 195 396 251
2 0.507024 352 456 399 507
