2 0.894055 819 78 922 123
2 0.882877 299 306 360 362
2 0.881162 258 260 300 316
3 0.880871 827 321 933 372
2 0.880285 821 173 924 221
2 0.878007 923 78 986 124
2 0.87798 1050 130 1151 177
2 0.877728 260 211 303 267
3 0.877588 825 271 929 320
2 0.8773 766 79 817 126
2 0.876955 1210 97 1301 142
2 0.876435 820 125 922 172
2 0.876053 141 281 177 335
3 0.874125 827 373 935 424
2 0.873791 258 310 299 365
2 0.873648 1340 149 1417 198
3 0.873449 775 478 828 529
2 0.872344 707 81 766 129
2 0.871575 571 173 637 226
2 0.871379 766 127 818 174
3 0.871317 1226 366 1317 411
2 0.870733 1053 176 1153 224
2 0.870599 144 233 180 289
2 0.868447 706 129 765 176
2 0.868021 173 321 257 378
3 0.867604 827 425 936 476
3 0.866865 1221 273 1311 318
3 0.866825 1226 412 1318 458
3 0.866662 1065 318 1163 366
3 0.866636 1061 270 1161 318
2 0.866265 1343 192 1420 239
2 0.86588 1048 85 1149 130
2 0.865354 177 224 262 283
3 0.865281 770 274 822 322
2 0.865214 989 172 1051 221
2 0.864651 767 173 819 224
2 0.864561 510 126 573 180
3 0.864387 1162 272 1220 317
2 0.864221 508 178 572 230
2 0.863682 1216 183 1305 228
2 0.863652 1346 235 1424 280
2 0.863615 987 80 1048 125
3 0.863371 1224 319 1314 365
3 0.86311 1165 318 1222 364
3 0.862732 1219 228 1308 272
3 0.862182 1009 417 1063 467
3 0.862076 708 274 767 323
2 0.861434 571 224 637 276
2 0.860637 174 272 259 330
3 0.860592 768 226 820 271
2 0.860382 706 175 766 225
2 0.859947 924 172 989 219
3 0.859322 1319 411 1361 456
3 0.858915 999 270 1060 317
2 0.857998 638 272 702 323
3 0.857726 824 224 925 269
3 0.857336 1066 367 1165 416
3 0.857252 1008 367 1063 416
3 0.857192 1158 226 1217 270
2 0.856839 265 163 305 217
3 0.85645 179 519 260 569
2 0.855073 923 125 987 172
2 0.85475 402 137 507 196
2 0.854328 139 330 175 384
3 0.854154 939 369 1004 418
2 0.853949 1213 138 1303 185
3 0.853444 1356 322 1429 366
3 0.853312 1056 226 1157 271
3 0.853243 1360 367 1431 411
3 0.85275 940 420 1005 469
3 0.852253 1312 275 1351 319
2 0.852202 573 121 638 175
2 0.852045 299 254 364 310
2 0.851642 988 126 1050 173
3 0.851544 994 224 1056 269
2 0.850971 14 356 51 411
3 0.850915 707 226 767 273
3 0.850285 1005 318 1062 366
3 0.850252 1318 366 1360 410
2 0.849697 638 221 701 272
2 0.849122 109 336 140 387
3 0.848363 937 318 1002 367
3 0.848322 1316 321 1358 365
3 0.84799 1226 458 1318 508
2 0.847645 639 118 701 171
3 0.847501 1168 365 1224 413
2 0.84715 55 204 116 269
2 0.845762 16 310 52 363
3 0.845695 177 470 255 521
2 0.84569 638 170 702 221
2 0.845285 1154 178 1215 225
2 0.844705 507 229 571 282
3 0.84452 141 475 178 524
3 0.843729 352 404 397 455
2 0.843627 1152 133 1213 179
3 0.843275 926 223 993 268
3 0.842944 52 438 108 487
2 0.842281 180 174 266 236
3 0.841184 1350 278 1427 322
2 0.840282 1301 101 1338 141
3 0.840248 931 270 999 318
3 0.83792 1361 412 1432 456
3 0.836714 772 375 823 426
3 0.836487 1008 467 1064 517
2 0.835978 359 300 398 354
2 0.835705 1338 108 1415 155
3 0.835494 1066 416 1167 464
3 0.835368 828 475 936 529
3 0.835357 771 324 822 374
3 0.833539 174 421 254 473
3 0.833497 144 523 182 571
3 0.833397 713 327 766 377
3 0.833271 301 409 351 460
2 0.832281 18 225 57 276
3 0.83224 772 427 825 478
3 0.831287 1362 456 1432 500
2 0.830592 1151 89 1209 134
3 0.82981 1172 461 1226 511
2 0.829494 111 241 145 297
2 0.829288 146 188 181 243
3 0.828856 110 479 143 528
2 0.828708 1422 239 1476 283
3 0.828475 640 438 706 490
3 0.828352 1171 414 1224 459
2 0.827604 17 268 54 320
3 0.827265 638 384 705 437
2 0.826703 109 289 143 343
2 0.825864 1303 144 1341 191
2 0.825559 572 274 637 321
3 0.82527 139 428 175 477
2 0.824266 583 386 634 440
2 0.823485 507 282 571 335
2 0.82304 516 498 575 554
3 0.821371 54 483 110 533
3 0.821099 940 471 1005 522
2 0.81999 1306 187 1343 231
3 0.819603 717 378 767 429
2 0.819093 518 390 577 442
3 0.818023 11 410 52 451
2 0.816875 301 204 367 259
2 0.815881 51 341 109 398
3 0.815154 1065 464 1170 516
3 0.814752 716 430 769 481
3 0.814399 1318 456 1362 501
3 0.813732 301 460 351 512
2 0.810144 51 299 110 355
2 0.80942 52 253 113 313
2 0.805526 304 155 393 210
3 0.803428 1429 324 1479 367
2 0.802706 1419 199 1471 243
3 0.80026 716 482 772 533
2 0.796929 363 250 398 302
3 0.795298 1426 282 1478 322
3 0.792454 51 391 108 444
2 0.791626 114 195 149 251
2 0.790817 1416 156 1468 203
2 0.783864 0 276 17 326
3 0.783338 1431 368 1480 410
3 0.781955 112 527 147 574
2 0.781174 398 188 505 246
3 0.780666 352 457 399 508
3 0.779801 300 359 354 411
2 0.778966 577 494 638 549
3 0.77869 11 447 53 493
2 0.771301 1413 115 1465 162
3 0.766681 13 490 55 536
2 0.766463 0 318 17 367
3 0.765694 581 442 636 493
2 0.762634 0 233 19 282
2 0.760411 439 291 505 347
3 0.752961 353 508 402 560
2 0.741697 515 348 578 390
3 0.739127 258 363 298 415
3 0.73776 354 358 398 404
3 0.736401 58 532 115 576
2 0.727472 436 240 504 295
3 0.72683 257 414 300 466
3 0.725463 1433 411 1487 452
3 0.714637 108 432 140 482
2 0.709321 0 363 15 413
2 0.705488 138 379 173 431
3 0.704458 1479 329 1513 368
2 0.694987 400 239 504 294
3 0.691468 1480 369 1512 410
3 0.684477 14 534 54 578
3 0.669271 1309 230 1346 275
2 0.667345 777 530 829 554
2 0.64867 1006 517 1063 540
3 0.633751 258 464 302 517
2 0.633487 108 384 140 436
2 0.632323 398 295 441 350
2 0.62395 1303 136 1339 170
3 0.617845 173 372 254 428
3 0.614866 305 511 353 564
3 0.607273 401 452 507 502
2 0.597487 1468 201 1500 244
2 0.58426 716 532 777 556
2 0.577013 398 295 486 350
2 0.57526 367 200 399 254
3 0.562006 1482 412 1512 452
2 0.547768 1473 240 1503 284
3 0.528003 637 333 704 382
2 0.525506 257 362 298 416
3 0.515129 409 354 505 397
3 0.5106 0 494 14 538
3 0.502001 454 501 511 555
3 0.501008 399 398 508 449
3 0.500712 454 450 509 500
