2 0.913961 1583 1004 1762 1122
2 0.912783 1278 1020 1578 1151
2 0.911399 690 1052 972 1164
2 0.900222 973 1041 1277 1164
2 0.896994 525 1052 694 1162
2 0.892536 1771 967 2020 1101
2 0.891409 1587 1114 1764 1234
2 0.890134 1771 1076 2020 1221
2 0.88607 701 1161 982 1275
2 0.879334 1286 1138 1583 1256
2 0.869612 980 1159 1281 1276
2 0.854789 2025 959 2091 1067
2 0.854149 541 1158 707 1261
3 0.849636 1078 90 1140 119
3 0.84879 1016 96 1075 123
3 0.846141 1079 122 1140 152
3 0.842416 1078 60 1139 89
3 0.830864 1247 84 1280 115
3 0.830766 1179 86 1244 116
3 0.829654 952 162 1011 193
3 0.827573 1015 125 1075 154
3 0.82463 1178 55 1244 84
3 0.822487 1247 54 1280 83
3 0.822428 951 131 1012 161
3 0.818858 1143 87 1176 117
3 0.810179 1014 155 1076 185
3 0.808864 1142 57 1176 86
3 0.80577 1079 153 1139 183
3 0.783892 1017 63 1075 94
3 0.783827 1248 115 1280 145
3 0.780889 1178 117 1243 148
3 0.770548 1143 118 1176 148
3 0.766601 890 109 929 139
3 0.764542 951 103 1012 133
3 0.754761 609 603 637 627
2 0.745345 2024 1063 2090 1165
3 0.74404 609 525 635 548
3 0.733518 610 631 637 656
3 0.720667 609 499 636 524
1 0.716885 1035 218 1075 246
3 0.701686 1282 83 1325 114
2 0.701566 896 798 928 839
3 0.693135 610 422 637 444
2 0.66163 860 799 896 841
3 0.652981 1143 149 1176 180
2 0.650544 1282 113 1327 143
3 0.649635 611 471 638 497
3 0.644891 865 80 895 109
3 0.635629 886 170 921 200
2 0.626556 896 768 928 798
1 0.619435 1172 302 1206 328
3 0.618477 920 169 951 198
3 0.61081 611 657 638 678
3 0.600866 573 634 611 657
2 0.596588 1162 785 1200 822
3 0.5944 1282 51 1325 83
1 0.592889 1074 310 1112 337
1 0.587867 1204 240 1249 267
2 0.559403 685 444 713 468
2 0.556741 685 518 715 545
1 0.556539 1015 650 1051 682
2 0.555754 715 462 743 488
3 0.547347 569 659 610 681
1 0.545202 918 557 960 588
1 0.537634 1173 329 1207 354
3 0.536646 578 604 610 625
3 0.529531 538 560 564 585
1 0.528822 1171 269 1205 298
3 0.528557 583 424 612 449
1 0.527033 849 422 883 453
2 0.526688 634 497 659 523
1 0.526534 1020 726 1055 761
3 0.524082 858 110 894 140
2 0.523898 42 636 66 659
3 0.523562 1249 145 1281 174
3 0.518479 1287 174 1327 203
1 0.511935 850 392 883 421
3 0.508387 579 528 609 555
2 0.505289 271 534 295 551
2 0.503578 939 766 980 796
3 0.502391 609 559 635 581
2 0.500713 633 523 659 546
3 0.500387 583 502 611 525
