2 0.914471 1584 1004 1763 1124
2 0.905723 1275 1022 1580 1151
2 0.896606 525 1054 690 1164
2 0.893085 1772 970 2019 1102
2 0.881426 1586 1115 1764 1235
2 0.881308 978 1044 1165 1165
2 0.878232 2023 961 2092 1068
2 0.873368 1282 1139 1582 1254
2 0.870619 1771 1078 2018 1220
2 0.845039 978 1164 1165 1277
2 0.841816 543 1162 689 1265
2 0.840147 1166 1040 1277 1159
2 0.814058 2020 1063 2089 1163
3 0.65399 609 525 634 550
3 0.638552 608 500 635 523
2 0.616389 633 497 658 521
2 0.558738 902 1168 980 1275
3 0.544636 609 605 636 629
2 0.543731 1247 114 1286 145
2 0.537241 633 523 658 547
3 0.532043 577 530 610 555
2 0.520129 1287 112 1327 144
3 0.519835 608 555 634 579
3 0.508383 610 472 636 497
2 0.500552 891 107 927 136
