2 0.911339 1585 1001 1762 1121
2 0.907198 1280 1019 1577 1149
2 0.904386 690 1053 973 1165
2 0.902269 523 1053 694 1164
2 0.901504 977 1041 1275 1161
2 0.895535 1770 968 2018 1101
2 0.889363 1586 1114 1763 1227
2 0.884407 702 1163 981 1272
2 0.881958 1771 1076 2018 1217
2 0.879561 1288 1139 1581 1254
2 0.868914 980 1160 1279 1271
2 0.857685 2024 960 2091 1067
2 0.852345 539 1159 708 1267
2 0.828503 2020 1062 2090 1165
3 0.760213 608 525 635 548
3 0.759942 608 499 635 523
1 0.759297 1200 177 1250 205
1 0.743993 1140 180 1200 208
3 0.738644 610 420 636 447
2 0.736441 1201 750 1241 785
1 0.708025 1041 187 1074 218
1 0.701568 1203 239 1255 266
2 0.699879 1239 750 1276 784
1 0.695281 1140 239 1203 265
1 0.694893 636 629 677 656
1 0.69155 1139 86 1185 117
1 0.690902 1039 156 1074 187
1 0.690309 1140 117 1192 149
3 0.68507 608 604 636 628
1 0.677837 1042 217 1073 248
1 0.67196 634 603 676 628
1 0.667041 1041 251 1073 283
2 0.666684 683 444 713 470
2 0.656989 713 491 744 518
3 0.649157 607 559 635 581
2 0.64434 712 466 744 490
1 0.6424 609 658 637 679
1 0.641556 1144 308 1206 334
1 0.641013 637 656 672 679
1 0.6217 1069 186 1110 216
2 0.618444 686 492 711 520
3 0.613243 609 460 636 483
2 0.610607 1239 783 1277 815
2 0.601057 893 798 928 835
1 0.597028 949 502 977 522
1 0.591906 1040 286 1073 317
1 0.587296 1041 350 1074 381
3 0.586686 634 523 673 545
1 0.583109 1217 433 1256 465
2 0.577992 979 132 1012 161
1 0.577252 947 224 977 253
2 0.576236 686 467 712 491
1 0.570752 1140 150 1195 178
1 0.565608 1010 158 1041 189
3 0.56525 566 530 608 555
1 0.563915 1138 58 1180 86
1 0.562773 1209 304 1263 330
2 0.560589 892 769 926 797
1 0.560565 886 173 920 202
1 0.558381 562 713 608 737
2 0.558336 1283 111 1324 144
1 0.555452 1072 154 1107 186
2 0.555053 1161 752 1201 786
1 0.554166 1075 122 1109 153
1 0.552069 1038 124 1075 154
2 0.549264 1201 785 1241 819
2 0.547537 1282 82 1321 113
1 0.547314 1070 311 1127 338
1 0.545341 1071 216 1113 246
1 0.540277 1009 189 1043 220
1 0.537811 1211 505 1246 533
1 0.533976 1040 319 1073 349
1 0.531616 950 523 978 546
1 0.531386 1009 219 1044 249
3 0.529908 563 558 606 579
2 0.52372 1275 748 1309 783
1 0.519236 1215 468 1251 503
3 0.517832 581 424 611 453
1 0.51756 1071 252 1112 281
2 0.517348 950 166 979 195
2 0.515272 1185 682 1219 713
1 0.515024 1075 92 1115 122
1 0.513682 1245 503 1284 531
2 0.511748 986 765 1023 795
1 0.511495 565 740 608 762
1 0.511368 1107 152 1140 183
1 0.504515 1296 235 1329 266
2 0.50449 1055 760 1092 793
2 0.50445 957 764 988 797
2 0.50134 1185 714 1218 752
