2 0.910325 690 1054 974 1163
2 0.90997 1771 969 2020 1095
2 0.908689 975 1043 1275 1164
2 0.904859 1585 1003 1762 1121
2 0.900544 1278 1020 1581 1147
2 0.894989 704 1162 985 1279
2 0.888882 1588 1115 1763 1225
2 0.884798 522 1056 692 1162
2 0.877428 1281 1136 1581 1254
2 0.875163 2025 957 2095 1064
2 0.874413 980 1162 1283 1280
2 0.863933 538 1160 707 1266
3 0.851989 1014 96 1076 124
2 0.840535 2023 1060 2104 1165
1 0.830887 1011 219 1076 251
2 0.824986 1772 1081 2018 1202
3 0.818533 1078 90 1139 120
1 0.814528 1012 189 1076 219
3 0.798431 1079 59 1139 90
3 0.795196 608 525 637 552
1 0.792303 1011 315 1074 343
3 0.787354 1237 85 1281 115
3 0.787332 1227 52 1281 83
3 0.785714 889 111 923 140
3 0.785665 608 501 637 524
1 0.781607 1012 156 1077 186
3 0.779023 952 103 1013 133
3 0.777019 1015 63 1077 95
1 0.753951 1011 249 1075 281
3 0.746307 608 633 638 657
3 0.745234 609 603 637 628
1 0.739869 1077 247 1144 278
1 0.735752 1146 440 1211 470
3 0.732972 954 133 1011 164
3 0.732936 609 425 637 449
1 0.725237 1305 396 1339 431
3 0.725053 1141 88 1213 118
1 0.722213 1015 618 1050 651
3 0.720101 609 659 638 679
1 0.718338 1054 691 1089 723
1 0.715394 1018 695 1054 726
1 0.712539 1150 574 1188 605
3 0.712422 1284 49 1323 83
3 0.712382 1013 126 1076 156
1 0.709762 1149 305 1216 334
1 0.702463 1011 287 1076 318
1 0.701977 1079 512 1118 541
3 0.70129 608 557 636 581
1 0.696804 1081 578 1119 610
1 0.693344 1216 569 1307 603
1 0.69323 1301 297 1335 331
3 0.69291 863 82 897 110
3 0.688619 1078 123 1140 153
1 0.685818 1212 435 1300 468
1 0.684601 1087 687 1122 720
1 0.684325 1212 532 1303 570
3 0.68233 1142 55 1217 85
2 0.672821 1284 114 1327 145
1 0.67126 1144 242 1210 271
1 0.669114 1020 725 1056 760
1 0.669037 1084 646 1122 679
1 0.665057 1298 234 1335 267
3 0.664661 563 660 610 685
1 0.661774 946 307 1010 331
1 0.661069 1010 515 1048 545
1 0.659393 1237 299 1299 332
2 0.658503 897 799 930 841
1 0.657772 849 300 887 328
3 0.656202 634 603 673 627
1 0.65511 1302 364 1337 395
3 0.653923 1125 751 1163 787
1 0.652798 1076 313 1138 343
1 0.648779 1153 643 1191 675
1 0.647212 895 301 947 327
1 0.646199 1012 549 1049 583
3 0.646017 1284 82 1325 115
3 0.645089 480 593 520 618
1 0.644173 1049 616 1084 648
1 0.643981 1077 213 1143 244
1 0.643438 1147 506 1199 535
1 0.643208 1056 722 1090 758
1 0.6431 946 299 1007 326
1 0.641711 1307 430 1341 464
1 0.639916 1048 582 1082 616
3 0.637111 481 570 520 592
1 0.634225 847 330 888 357
3 0.633398 634 629 668 656
1 0.632965 1310 531 1344 568
1 0.632483 950 451 1006 481
3 0.631421 530 665 564 690
3 0.628777 566 740 615 764
3 0.625827 567 766 616 790
3 0.62524 565 715 612 740
3 0.623354 483 648 521 670
3 0.620189 956 70 1013 101
3 0.618967 564 636 609 659
3 0.618678 530 562 561 587
3 0.618362 609 457 637 480
2 0.615738 1203 749 1241 784
3 0.614387 537 536 564 559
1 0.614183 1013 581 1051 615
3 0.613373 487 719 522 742
2 0.611423 824 174 858 202
2 0.607998 40 666 65 692
1 0.607512 947 325 1005 353
3 0.605081 635 657 667 679
1 0.602195 1016 649 1052 682
1 0.601849 1048 548 1081 581
2 0.599194 2416 1112 2445 1164
3 0.593512 571 531 610 555
1 0.590745 1121 684 1159 718
3 0.590547 570 558 609 581
3 0.58744 826 113 861 141
1 0.583736 1088 719 1123 752
1 0.583584 1301 331 1336 364
2 0.580411 684 445 715 467
1 0.578573 1214 399 1302 434
1 0.577457 1083 615 1120 646
2 0.576932 929 765 985 797
3 0.5767 572 504 609 526
1 0.575683 884 459 922 485
1 0.575437 1206 239 1248 268
1 0.572908 1050 651 1085 684
2 0.572146 896 766 928 799
2 0.570977 2484 1089 2526 1155
3 0.570459 635 524 675 547
1 0.570232 1300 266 1336 298
1 0.566421 977 553 1013 585
2 0.56589 716 491 744 512
3 0.565035 537 434 565 457
2 0.564536 2441 1102 2476 1163
2 0.56328 36 640 65 666
1 0.560405 1310 463 1342 499
3 0.559054 1241 115 1283 144
1 0.557159 1009 488 1044 515
2 0.556753 860 800 898 842
3 0.554552 950 164 1011 191
1 0.553818 1043 487 1078 513
3 0.553721 437 624 477 646
3 0.55231 1323 49 1356 83
3 0.552033 438 596 478 622
2 0.550896 686 492 715 519
2 0.549001 1093 790 1123 824
3 0.544923 439 572 479 595
3 0.539959 527 768 568 792
2 0.53913 65 592 97 614
3 0.538487 529 691 565 714
1 0.537807 1084 653 1121 685
1 0.536324 1229 641 1294 675
1 0.534367 885 524 923 549
3 0.532344 615 740 642 762
2 0.530955 64 667 94 692
1 0.530621 1241 267 1299 299
1 0.529364 1212 467 1301 503
2 0.526833 715 466 745 489
1 0.526331 1169 505 1212 533
2 0.523089 928 799 970 841
1 0.522085 849 428 884 453
2 0.521245 886 173 919 201
3 0.520158 563 586 606 608
3 0.519472 538 460 565 483
2 0.516044 918 203 949 231
1 0.515982 1218 602 1309 640
3 0.515465 567 429 610 454
3 0.514812 639 738 672 760
1 0.513034 884 499 923 524
1 0.511536 962 519 1011 546
1 0.511488 1020 448 1074 476
3 0.511241 858 112 895 141
1 0.510605 1233 332 1300 365
2 0.510105 2525 1078 2555 1139
3 0.50695 885 392 922 423
1 0.504529 947 518 1008 548
1 0.501657 1039 463 1077 485
