2 0.912967 1771 969 2019 1093
2 0.903863 1587 1001 1761 1120
2 0.903425 693 1053 973 1166
2 0.902912 982 1042 1275 1165
2 0.900236 1278 1018 1581 1145
2 0.888983 2024 957 2094 1062
2 0.887188 1590 1119 1760 1227
2 0.880184 526 1055 691 1163
2 0.875779 1771 1078 2018 1216
2 0.869249 1287 1135 1581 1257
2 0.867297 704 1165 981 1269
3 0.863352 1245 51 1280 82
3 0.850826 1178 53 1242 83
2 0.849952 535 1161 709 1267
3 0.849734 1245 82 1281 114
2 0.849104 983 1162 1280 1269
2 0.831232 2023 1059 2106 1166
3 0.829376 1142 118 1176 147
3 0.817836 1142 87 1176 117
1 0.816791 1228 532 1305 569
3 0.816782 1179 86 1243 116
3 0.811708 1141 55 1176 86
3 0.795363 1246 113 1282 144
1 0.791526 1233 568 1308 602
3 0.787676 1179 116 1242 147
1 0.771146 1149 574 1190 605
3 0.764495 606 500 636 523
3 0.760795 634 497 680 521
3 0.760187 951 105 1013 132
3 0.757419 1105 119 1140 149
1 0.751928 848 527 883 555
3 0.751606 890 109 922 138
1 0.748441 1236 602 1309 639
3 0.744939 607 525 636 551
3 0.744409 1103 89 1139 118
1 0.743104 883 524 919 552
3 0.730539 1012 158 1048 187
3 0.730265 952 132 1010 161
3 0.729421 1142 148 1177 178
3 0.722671 634 521 681 545
1 0.716949 884 559 920 589
3 0.716536 608 424 636 449
1 0.714334 1146 438 1207 467
2 0.712309 896 799 931 841
1 0.711195 848 634 885 662
3 0.709537 827 113 858 142
1 0.709209 1014 581 1051 611
1 0.706811 1147 505 1191 535
2 0.701131 68 535 96 561
1 0.699656 847 560 883 589
3 0.699609 1162 784 1202 824
2 0.69914 1237 710 1314 745
1 0.698873 1229 433 1297 463
1 0.694945 850 661 886 690
1 0.694516 1140 240 1182 270
3 0.693563 1094 58 1138 88
3 0.691924 1247 145 1283 174
1 0.689412 1228 501 1302 532
1 0.688809 848 501 883 527
1 0.687874 1221 303 1296 332
1 0.686125 1146 306 1209 334
1 0.6843 950 195 1009 222
3 0.682229 539 559 567 585
1 0.667836 1306 498 1343 531
3 0.666977 1322 49 1355 82
3 0.665921 859 80 894 108
1 0.665358 1017 444 1053 473
1 0.661496 1010 314 1060 341
3 0.660374 1105 151 1141 181
2 0.650287 67 563 96 589
1 0.646094 948 223 1008 251
2 0.643118 1338 232 1374 265
3 0.640656 951 163 1009 192
1 0.640462 1153 642 1191 674
1 0.638908 1014 617 1051 650
1 0.638145 1013 516 1049 543
1 0.635584 883 498 918 524
3 0.6334 1282 49 1321 81
1 0.632794 1304 462 1341 498
3 0.631456 609 604 640 627
3 0.63134 538 534 566 557
3 0.630342 845 394 885 423
1 0.629372 1074 310 1142 338
2 0.629223 892 766 928 798
3 0.627402 1181 147 1243 175
3 0.626557 1071 90 1112 120
1 0.626376 1299 264 1336 296
3 0.626167 825 173 855 202
1 0.624961 1066 577 1116 607
2 0.62353 885 355 919 385
1 0.622165 847 594 884 621
3 0.621003 1013 127 1046 155
3 0.620335 949 169 1011 197
3 0.62007 633 603 678 626
1 0.62003 1300 297 1337 328
1 0.617982 882 456 917 483
3 0.613614 886 172 917 200
1 0.61186 1015 651 1052 683
2 0.608405 858 801 896 842
3 0.607924 608 457 636 480
2 0.607748 1284 113 1325 143
1 0.604258 1214 239 1257 268
3 0.603211 1014 96 1048 124
1 0.602189 978 495 1010 519
2 0.601394 1287 175 1326 204
1 0.601108 948 325 1006 352
1 0.599921 1308 531 1345 567
3 0.597733 438 597 473 622
3 0.596551 569 636 609 659
1 0.59551 1017 692 1053 723
1 0.594079 915 299 946 326
1 0.591852 847 459 883 486
1 0.586717 947 298 1005 324
3 0.586433 576 557 608 580
3 0.58492 565 660 609 685
2 0.584072 35 773 65 801
1 0.583507 1081 510 1135 538
2 0.582991 1340 265 1377 296
1 0.58292 1297 232 1335 264
3 0.581911 570 428 609 454
3 0.580799 607 554 636 579
3 0.579237 438 624 471 646
1 0.578571 1010 219 1048 249
3 0.578229 1350 565 1383 602
1 0.57783 885 632 922 661
1 0.577325 887 299 920 327
3 0.575528 634 469 670 494
1 0.575457 978 585 1013 616
1 0.57489 887 661 922 691
3 0.571854 575 530 609 555
1 0.570415 1304 429 1341 461
3 0.567712 608 632 641 657
2 0.565719 1283 80 1322 113
2 0.564583 69 484 97 516
3 0.563164 1067 121 1109 151
2 0.562872 1344 326 1381 359
1 0.562224 1148 534 1190 565
3 0.559322 1348 530 1380 566
1 0.559178 1189 573 1233 604
1 0.557769 978 555 1012 584
1 0.557078 1303 393 1340 426
2 0.556909 95 536 126 561
3 0.555733 576 504 607 525
3 0.553141 1324 81 1354 112
1 0.551106 1302 363 1339 392
3 0.547585 1239 784 1313 821
3 0.546796 476 593 506 616
2 0.546247 917 356 950 385
3 0.54553 486 447 518 468
2 0.543857 1092 718 1125 750
1 0.542388 1227 464 1300 500
3 0.541885 1160 750 1201 784
3 0.537868 538 588 567 611
1 0.536916 1238 640 1310 673
3 0.536645 634 578 679 602
3 0.536196 538 434 564 458
2 0.534647 916 391 953 420
2 0.533351 95 564 128 590
3 0.532932 505 566 541 589
1 0.532583 918 523 954 550
3 0.531145 477 570 506 592
2 0.529301 1342 295 1380 326
1 0.527851 1103 243 1141 272
3 0.526628 684 518 713 542
2 0.524765 39 692 66 714
1 0.524568 947 306 1010 329
1 0.521702 955 447 1008 476
1 0.520836 884 591 921 620
2 0.51928 40 666 66 692
3 0.518133 1203 785 1240 823
1 0.515958 1181 505 1227 534
3 0.515103 1144 371 1198 400
3 0.512383 439 672 469 696
2 0.512165 1197 713 1237 750
3 0.511578 609 658 641 679
3 0.507893 1347 498 1379 531
3 0.50755 919 169 947 197
1 0.50659 1013 550 1049 580
1 0.505897 917 497 953 522
3 0.503178 1039 93 1079 122
2 0.500927 135 839 163 879
