2 0.912458 1587 1003 1760 1120
2 0.908877 690 1054 975 1166
2 0.907792 1770 968 2018 1095
2 0.903178 979 1042 1275 1163
2 0.894724 1281 1019 1581 1145
2 0.893788 702 1163 980 1281
2 0.888334 1286 1135 1581 1249
2 0.883423 1590 1115 1760 1228
2 0.881105 2024 956 2097 1062
2 0.879131 984 1162 1282 1282
2 0.859691 521 1055 698 1164
2 0.846652 1772 1079 2017 1215
3 0.833287 1243 85 1282 115
3 0.830752 608 527 636 554
2 0.818824 531 1162 706 1273
2 0.817865 2022 1059 2109 1165
3 0.814475 1175 54 1241 85
3 0.809381 1176 86 1243 116
3 0.804828 1242 52 1279 84
3 0.79722 609 502 636 526
3 0.788175 1138 89 1177 119
2 0.772177 896 801 957 842
3 0.769301 609 634 637 658
3 0.765707 1138 57 1176 88
3 0.761513 891 111 949 140
1 0.76039 1079 511 1120 540
1 0.756672 1260 567 1313 603
3 0.756182 950 105 1011 134
1 0.752316 1196 241 1249 271
3 0.751186 634 605 681 629
1 0.751075 1206 303 1250 333
1 0.747445 1077 445 1116 474
3 0.743481 608 557 636 579
3 0.738993 609 605 637 630
1 0.734925 1252 434 1302 466
2 0.733886 1283 115 1327 146
3 0.733801 635 631 682 657
3 0.732341 610 425 637 451
3 0.731026 610 660 638 684
1 0.718617 951 488 1010 517
1 0.718254 1303 396 1338 431
1 0.713701 1264 602 1316 640
1 0.711951 1251 466 1303 501
3 0.710079 1087 91 1139 121
1 0.709393 1304 431 1340 465
1 0.708622 951 518 1011 548
1 0.707878 950 290 1008 321
1 0.692685 950 226 1008 257
3 0.692573 637 658 684 680
1 0.690916 951 454 1009 483
1 0.686288 1077 313 1142 342
1 0.68447 850 331 888 361
1 0.682722 1252 531 1308 569
2 0.682557 896 765 955 800
1 0.681108 1210 437 1254 468
1 0.679297 848 528 882 557
1 0.677907 956 194 1010 225
3 0.676878 535 667 565 690
1 0.675919 951 420 1007 451
1 0.672726 1147 507 1185 536
1 0.671011 911 327 950 358
3 0.666107 858 82 892 113
1 0.664829 1251 500 1305 531
1 0.661611 950 323 1008 353
2 0.655702 1299 298 1335 330
1 0.655603 1152 574 1189 606
3 0.65393 1083 59 1139 91
3 0.653616 610 457 636 479
1 0.64964 1081 577 1122 610
3 0.649065 1075 93 1126 122
1 0.648412 851 299 887 331
2 0.64529 1163 752 1204 785
3 0.644966 1279 50 1323 84
3 0.644281 569 637 609 660
3 0.642863 892 80 947 109
1 0.642818 913 294 950 324
2 0.64185 888 173 942 201
3 0.641139 564 661 610 687
1 0.64055 915 458 951 487
1 0.638733 1308 531 1345 568
2 0.638729 1300 330 1336 364
3 0.638126 1281 84 1324 115
3 0.633303 577 531 609 556
3 0.631577 577 558 608 581
1 0.630667 1312 566 1348 603
3 0.628703 438 601 481 624
3 0.625223 1016 65 1076 96
3 0.619622 1014 98 1076 127
1 0.618806 882 526 920 556
3 0.614447 1252 366 1301 398
3 0.608867 535 692 565 718
2 0.608586 824 176 855 205
1 0.600567 1229 641 1272 676
2 0.598881 894 731 953 764
1 0.597738 949 232 1007 262
1 0.596986 1155 644 1192 677
3 0.596498 481 571 524 593
3 0.595718 826 115 859 143
1 0.5955 917 493 951 522
3 0.594891 1076 60 1121 92
1 0.594705 1011 514 1048 545
2 0.594114 2652 1020 2686 1082
1 0.59026 1008 417 1042 448
3 0.587349 483 592 533 615
2 0.586775 1243 115 1284 145
1 0.585159 1009 252 1076 282
1 0.584364 1306 498 1343 532
2 0.582496 1137 150 1179 182
1 0.580726 1010 487 1045 515
3 0.580712 1324 50 1354 83
1 0.580706 1083 247 1144 277
1 0.579935 1009 451 1043 480
3 0.579214 538 563 571 588
3 0.578894 481 595 520 621
1 0.578132 1041 416 1079 446
3 0.577406 495 569 538 591
2 0.571094 956 762 995 799
2 0.5706 346 593 367 613
1 0.569914 1252 399 1302 435
1 0.565234 1269 639 1319 676
2 0.56484 892 699 953 731
2 0.564447 2527 1076 2553 1132
2 0.56386 849 700 892 730
3 0.563761 481 496 518 520
1 0.563407 1196 505 1251 535
3 0.561575 485 649 525 671
3 0.56098 1289 175 1329 206
1 0.560237 1221 571 1261 604
1 0.559648 1008 291 1045 319
1 0.559587 882 459 917 489
1 0.558444 1250 299 1298 331
3 0.556539 492 447 522 469
1 0.555276 1083 648 1121 682
1 0.555228 1250 270 1297 299
1 0.552509 848 462 883 490
1 0.551474 1012 317 1077 346
1 0.549196 1166 302 1212 332
3 0.548874 1325 83 1355 116
1 0.548611 1215 370 1255 401
3 0.547282 857 113 892 142
2 0.54461 1206 713 1272 747
1 0.54207 1316 601 1351 639
3 0.541102 1346 463 1380 499
2 0.539896 1161 785 1203 817
1 0.538859 1320 637 1354 676
2 0.538758 1340 330 1379 362
2 0.538217 2482 1087 2516 1154
3 0.537509 441 525 480 546
3 0.536948 1345 430 1380 463
2 0.535704 346 636 368 656
1 0.534712 849 559 883 589
1 0.534071 849 494 883 521
3 0.532698 860 768 896 801
1 0.531507 887 329 923 359
3 0.531164 1293 204 1333 234
2 0.529793 860 802 896 843
1 0.528062 1078 382 1113 411
1 0.527308 950 257 1008 287
2 0.526934 1012 582 1050 616
3 0.526588 481 523 522 545
1 0.525937 1009 319 1041 345
1 0.524858 1043 448 1079 479
2 0.524535 1166 715 1206 749
2 0.521342 958 798 998 837
2 0.5208 684 445 713 468
3 0.519972 1346 498 1378 534
1 0.518943 885 233 925 265
3 0.518088 447 727 483 749
2 0.516084 28 802 66 825
1 0.515202 1213 334 1253 364
1 0.514425 1041 383 1079 412
3 0.514331 440 626 482 648
1 0.513006 917 524 950 554
1 0.512959 1178 439 1221 467
1 0.510596 1167 334 1215 363
3 0.509928 579 504 608 526
1 0.509575 914 426 951 453
1 0.507262 1076 286 1124 316
3 0.50554 635 581 680 606
2 0.502466 348 657 370 679
3 0.500487 483 519 523 539
