2 0.916509 522 1054 695 1163
2 0.901057 1280 1014 1579 1138
2 0.900871 1584 995 1762 1117
2 0.894334 689 1052 974 1161
2 0.892766 1772 963 2018 1093
2 0.888012 978 1040 1275 1158
2 0.88417 1586 1114 1760 1223
2 0.874593 2024 955 2099 1061
2 0.864455 1284 1137 1578 1232
2 0.861556 984 1158 1279 1269
2 0.852531 703 1164 979 1266
2 0.841782 2022 1057 2109 1158
2 0.836928 537 1160 707 1262
2 0.810533 1772 1078 2018 1194
3 0.769246 483 559 539 584
3 0.768564 541 557 579 583
3 0.747717 541 530 580 555
1 0.730682 1238 176 1288 203
3 0.71294 487 536 539 558
1 0.671177 1235 110 1289 138
3 0.65112 485 586 537 610
2 0.645424 1174 502 1213 528
1 0.609537 915 322 949 348
1 0.606742 1008 219 1041 247
2 0.606201 884 392 916 420
3 0.604225 540 587 579 615
1 0.603685 1238 237 1276 264
3 0.601045 539 583 580 608
1 0.595079 915 296 950 322
3 0.586965 487 638 536 661
3 0.58402 581 599 635 625
3 0.583236 581 497 635 522
3 0.583107 487 514 538 536
3 0.580007 498 460 539 484
1 0.578536 1162 178 1220 205
3 0.578043 486 663 535 689
2 0.570093 1213 501 1252 528
3 0.566705 580 524 633 548
1 0.561345 891 173 924 199
1 0.555032 1010 188 1043 217
3 0.55487 423 669 478 693
3 0.551891 538 635 571 659
3 0.55154 437 569 479 592
1 0.540714 561 760 624 787
1 0.538917 886 300 918 325
1 0.533006 950 294 1001 320
1 0.529905 664 647 713 676
1 0.525471 1010 159 1045 187
2 0.52007 891 764 927 798
3 0.516575 433 593 479 620
1 0.51508 1243 52 1290 79
1 0.512822 1087 180 1137 207
3 0.51126 633 597 658 623
2 0.510552 42 771 66 798
1 0.502735 1004 297 1038 320
