2 0.910018 978 1043 1274 1164
2 0.909339 1771 968 2018 1095
2 0.906846 1586 1002 1761 1120
2 0.899141 1283 1019 1580 1139
2 0.898827 690 1054 974 1168
2 0.891888 1588 1116 1761 1225
2 0.885836 522 1056 694 1163
2 0.879094 701 1165 982 1275
2 0.87578 2025 957 2100 1062
2 0.858988 1288 1134 1583 1248
2 0.856745 534 1162 706 1268
2 0.847784 2022 1059 2108 1160
2 0.845126 1772 1080 2015 1214
2 0.835267 982 1162 1281 1269
2 0.770108 951 105 1011 133
1 0.763174 1231 533 1306 570
1 0.759994 1145 306 1219 335
1 0.75887 1235 569 1310 603
1 0.752063 1141 242 1215 271
3 0.750895 607 501 635 524
3 0.747708 633 499 682 522
1 0.74182 1007 220 1047 252
1 0.737908 1308 498 1342 532
3 0.736658 608 525 635 552
2 0.7333 29 667 65 694
3 0.724756 633 523 683 545
1 0.724145 1150 572 1189 605
2 0.718629 889 110 922 138
3 0.715709 633 603 681 627
2 0.715277 917 201 952 230
2 0.711337 30 694 66 718
1 0.706356 1148 507 1187 537
2 0.706158 886 202 919 232
2 0.705781 885 173 916 201
3 0.702913 538 560 577 587
1 0.700408 1239 604 1311 640
1 0.69881 1081 576 1119 608
1 0.698343 1079 510 1117 540
1 0.698202 1311 531 1344 567
1 0.69593 1314 566 1347 603
2 0.687372 1009 98 1046 125
3 0.686716 635 630 681 656
3 0.683458 539 535 578 558
3 0.682261 608 427 635 452
3 0.672862 608 634 637 658
3 0.664979 609 660 638 684
1 0.66315 1219 304 1299 333
1 0.657783 1224 437 1300 468
3 0.651556 608 457 635 479
2 0.651219 848 664 886 697
1 0.648927 912 297 949 326
2 0.646308 1104 88 1138 118
1 0.645544 1045 216 1107 248
1 0.642161 1146 440 1190 468
1 0.641691 1306 464 1341 498
2 0.63867 849 633 885 663
1 0.637337 1012 579 1051 613
2 0.631052 861 802 896 844
2 0.628461 1269 745 1316 782
2 0.623712 846 704 885 732
1 0.623169 1316 602 1350 639
2 0.623064 1136 150 1186 179
3 0.622641 633 571 684 596
1 0.622188 1216 239 1291 270
3 0.620672 682 493 712 518
2 0.620517 896 801 930 843
3 0.618954 636 658 678 681
2 0.618547 885 630 921 661
3 0.617557 505 566 541 589
1 0.614068 916 524 949 551
2 0.613324 1136 118 1180 149
3 0.612548 608 559 635 582
1 0.611241 1319 637 1353 675
2 0.60917 1135 87 1177 116
1 0.608784 885 298 916 328
1 0.60773 1247 639 1313 675
3 0.604238 580 558 609 582
3 0.59887 683 518 713 542
2 0.598612 67 535 94 560
1 0.59735 1188 573 1234 604
1 0.594834 1109 436 1146 463
1 0.594774 1229 502 1304 533
2 0.594491 67 563 93 587
3 0.59439 567 661 610 687
3 0.593892 580 531 610 556
2 0.591064 1286 111 1326 144
1 0.588558 848 527 882 555
2 0.586932 37 775 66 803
1 0.57937 948 523 980 549
3 0.57926 1162 786 1200 825
2 0.57813 1009 67 1046 95
1 0.576721 1305 428 1340 463
1 0.576285 882 525 918 553
2 0.574822 1044 91 1105 121
1 0.572615 1013 314 1075 345
3 0.572213 609 604 636 627
1 0.570371 1154 642 1191 674
1 0.569509 948 297 1001 325
3 0.568748 483 446 519 468
1 0.564612 1104 213 1142 243
1 0.563705 1011 514 1049 544
2 0.562554 838 733 862 769
3 0.56231 634 579 682 604
3 0.562249 537 588 570 611
2 0.55749 1103 151 1140 182
3 0.557417 581 503 608 526
3 0.553029 632 469 674 492
1 0.551673 1105 245 1142 275
3 0.548643 478 570 508 592
1 0.547961 947 323 994 352
1 0.547453 978 550 1012 582
2 0.543125 31 640 64 668
2 0.541887 848 593 884 624
3 0.539093 576 637 610 660
2 0.538735 1205 176 1280 205
3 0.537536 509 538 540 560
3 0.53588 477 593 506 619
3 0.533084 579 431 609 455
2 0.532599 883 591 921 624
3 0.531266 541 515 580 535
2 0.531127 1286 81 1325 113
2 0.530561 884 356 916 388
3 0.527442 499 591 538 612
2 0.526093 1220 711 1264 745
1 0.52544 1014 650 1052 686
2 0.525142 886 662 923 696
1 0.522067 1297 235 1334 268
3 0.520794 547 586 582 607
3 0.520672 1160 751 1200 785
2 0.516135 1139 179 1200 208
1 0.515834 1299 266 1336 297
2 0.510855 2321 1033 2347 1077
1 0.510581 1013 615 1051 651
3 0.508127 536 639 566 664
3 0.507717 684 574 717 598
3 0.507122 683 469 712 492
1 0.505955 1096 310 1144 340
3 0.50167 564 689 610 713
3 0.500819 503 670 541 692
