2 0.895851 1585 996 1761 1116
2 0.894341 1587 1114 1762 1224
2 0.893475 521 1053 694 1163
2 0.890886 977 1040 1274 1163
2 0.889241 1772 965 2018 1091
2 0.886295 690 1050 972 1163
2 0.886219 1278 1015 1580 1136
2 0.869298 2024 954 2101 1060
2 0.846087 536 1160 706 1249
2 0.837902 985 1159 1279 1256
2 0.828676 701 1162 980 1268
2 0.805162 2022 1058 2113 1153
2 0.789286 1773 1078 2017 1200
2 0.741601 1286 1135 1581 1235
3 0.685832 584 603 637 627
2 0.67449 918 226 952 254
3 0.640254 495 560 539 585
2 0.6302 888 230 919 257
2 0.628542 951 223 1002 250
2 0.612913 919 198 951 226
2 0.609081 979 130 1009 153
2 0.602092 1010 93 1044 118
3 0.600187 634 571 662 596
3 0.597424 635 600 662 624
2 0.583518 888 174 920 199
2 0.577345 890 108 921 132
3 0.564786 496 537 538 559
2 0.56111 104 415 132 453
2 0.559933 981 96 1011 118
1 0.550294 710 727 753 754
2 0.544288 101 456 127 486
3 0.541745 578 629 638 655
2 0.540059 886 258 917 285
3 0.539446 539 558 572 581
3 0.535085 632 493 661 519
3 0.534996 632 519 662 544
2 0.53409 1009 126 1044 153
2 0.525382 1007 217 1041 245
3 0.519966 605 498 636 521
2 0.518256 957 220 1006 248
3 0.516953 537 637 567 659
1 0.51656 706 700 752 726
3 0.514491 493 588 539 612
3 0.510908 601 523 634 546
3 0.509749 489 516 539 537
