2 0.910213 519 1050 692 1162
2 0.908757 1279 1014 1580 1138
2 0.894878 697 1047 974 1162
2 0.893452 980 1040 1274 1161
2 0.892476 1585 997 1763 1117
2 0.888465 1773 963 2020 1091
2 0.872497 2026 952 2099 1059
2 0.863166 1772 1079 2018 1205
2 0.863114 1589 1114 1761 1219
2 0.861609 703 1164 981 1263
2 0.860096 531 1159 705 1261
2 0.856133 1281 1133 1579 1247
3 0.843505 1014 91 1073 120
3 0.834358 1013 123 1073 152
2 0.830479 984 1157 1280 1263
2 0.823997 2024 1058 2104 1160
3 0.820812 1013 154 1074 184
3 0.816764 1076 120 1108 148
3 0.810464 1106 85 1173 114
3 0.809922 1016 62 1073 90
3 0.806464 1106 55 1173 84
3 0.803773 1075 88 1107 117
3 0.797086 951 128 1010 157
3 0.795627 951 99 1012 127
3 0.780929 1076 150 1109 179
3 0.780298 1107 117 1174 146
3 0.778178 1074 59 1106 87
3 0.771665 952 158 1009 188
3 0.746987 1280 47 1324 79
3 0.743809 890 107 932 136
3 0.724863 499 560 538 585
3 0.704122 581 601 636 626
3 0.700431 1176 51 1247 82
3 0.695794 951 67 1014 99
3 0.682722 539 557 578 581
3 0.679538 580 627 637 654
3 0.674627 633 493 672 519
3 0.668309 634 600 669 624
3 0.666171 499 537 537 558
3 0.656779 633 570 669 597
3 0.646537 539 531 577 555
3 0.644201 1109 147 1173 176
2 0.643904 1119 785 1159 823
3 0.641764 632 519 670 544
3 0.639558 1176 82 1243 113
3 0.636891 1284 171 1326 201
3 0.629928 1175 47 1278 80
3 0.628213 1241 49 1278 80
3 0.623972 583 498 635 522
2 0.615758 42 738 66 771
3 0.614792 951 165 1008 192
2 0.612705 1088 787 1122 821
3 0.609576 478 564 504 588
3 0.60823 895 135 949 166
3 0.6062 580 523 634 546
1 0.602117 1294 232 1335 265
3 0.600822 828 111 855 139
3 0.600381 1013 181 1074 208
1 0.591645 1102 309 1139 336
1 0.589212 1101 242 1139 270
2 0.585055 891 795 927 835
1 0.581794 1202 236 1265 266
1 0.580881 954 248 1007 273
3 0.580664 1177 113 1241 142
3 0.579431 504 435 536 459
1 0.576419 1296 265 1337 296
3 0.576026 683 516 744 541
3 0.575655 501 461 534 486
3 0.572676 635 625 668 651
2 0.568583 1089 754 1124 785
2 0.562479 1121 753 1159 784
1 0.560046 1035 246 1084 273
3 0.558686 887 168 923 196
3 0.558264 499 587 537 611
1 0.553783 1205 303 1255 331
1 0.549137 68 666 94 691
3 0.539193 502 639 535 661
3 0.534741 1179 111 1280 141
1 0.530369 70 589 97 616
1 0.527139 70 565 97 588
2 0.525119 1051 757 1090 786
3 0.521897 498 665 531 689
3 0.521061 688 699 750 725
3 0.520846 1244 79 1280 109
3 0.51743 537 583 580 607
3 0.509782 580 525 632 552
3 0.507613 441 695 469 720
3 0.507557 1293 199 1334 232
3 0.505877 532 661 568 685
2 0.504324 41 772 65 806
1 0.503399 565 760 620 786
2 0.5022 1281 110 1326 140
3 0.501907 1325 48 1355 79
