2 0.90861 521 1053 695 1164
2 0.900993 1281 1014 1579 1137
2 0.894834 1772 964 2016 1091
2 0.889499 1585 996 1763 1116
2 0.888581 694 1049 972 1160
2 0.886948 975 1040 1274 1156
2 0.885844 2024 953 2098 1060
2 0.854388 1586 1112 1762 1216
2 0.84618 533 1159 704 1249
2 0.843637 2020 1056 2103 1158
2 0.822555 701 1164 977 1270
2 0.819578 982 1157 1280 1254
2 0.815316 1286 1137 1580 1225
2 0.788551 1772 1074 2016 1191
3 0.773912 496 560 538 585
3 0.735953 539 557 579 582
1 0.731936 1233 110 1289 140
3 0.727869 582 601 635 626
1 0.71333 1233 51 1289 79
1 0.702522 1237 175 1292 204
3 0.690849 584 498 635 523
3 0.689525 498 536 537 559
3 0.670613 634 599 666 624
3 0.66855 580 523 634 547
3 0.668267 581 627 636 654
1 0.664483 1174 52 1234 80
3 0.649451 539 531 579 555
3 0.643892 634 493 664 519
3 0.638804 633 570 664 597
3 0.623353 632 520 663 545
3 0.623015 505 435 537 459
3 0.613454 539 636 575 659
3 0.606237 503 462 537 486
3 0.604339 488 639 538 663
3 0.602913 484 665 539 690
3 0.599139 636 624 668 651
3 0.594439 581 526 633 552
1 0.591903 1167 113 1225 142
3 0.590494 491 586 537 611
3 0.585846 538 581 580 607
1 0.584361 1239 238 1295 265
3 0.575329 678 516 745 541
3 0.570968 443 670 476 695
3 0.551847 538 661 570 686
2 0.544231 893 796 929 841
2 0.543203 72 453 100 484
1 0.542134 1172 80 1234 109
1 0.534026 1233 80 1290 108
1 0.532564 1009 62 1073 91
3 0.531021 501 490 536 512
2 0.5298 916 450 954 481
3 0.529575 496 515 537 536
3 0.522106 633 467 665 492
3 0.517038 581 556 635 583
1 0.51538 961 104 1006 131
3 0.512467 443 695 472 721
2 0.508125 68 537 96 563
