2 0.915248 1770 967 2018 1096
2 0.914862 688 1054 977 1167
2 0.909378 1587 1001 1762 1121
2 0.903492 982 1042 1276 1163
2 0.897875 703 1165 983 1280
2 0.896737 1281 1019 1580 1147
2 0.88934 1589 1115 1762 1225
2 0.885415 1289 1136 1582 1249
2 0.882494 2024 955 2095 1063
2 0.877156 984 1162 1284 1279
2 0.86563 519 1055 698 1165
2 0.859202 1773 1078 2015 1214
2 0.855069 527 1162 712 1274
3 0.811581 608 527 636 554
2 0.807123 898 802 958 843
3 0.791806 1015 65 1076 97
3 0.791439 1014 98 1075 125
3 0.789795 1077 61 1138 92
3 0.786812 1076 93 1139 121
3 0.779128 1242 85 1279 115
3 0.778742 1240 52 1278 84
2 0.777438 2022 1058 2109 1168
3 0.769172 608 503 636 525
3 0.761909 951 105 1014 134
3 0.759261 1139 58 1175 89
1 0.744558 1079 313 1144 343
3 0.741059 1138 90 1175 119
1 0.737907 1211 303 1252 333
3 0.73655 1176 88 1228 117
3 0.735926 610 660 639 685
3 0.732575 609 634 639 658
1 0.729112 1080 510 1121 541
3 0.726166 608 555 636 577
3 0.725836 1278 50 1322 83
3 0.722353 891 113 945 140
1 0.721626 1014 617 1052 652
1 0.721342 1013 583 1050 615
1 0.720289 1268 603 1316 641
1 0.718201 1150 574 1190 606
1 0.713143 1205 242 1250 270
1 0.712573 1011 218 1078 251
1 0.711631 1146 508 1184 538
1 0.710235 1262 568 1314 604
2 0.704979 1281 115 1327 145
1 0.702769 1152 644 1194 679
3 0.699084 610 425 637 451
1 0.698255 1009 315 1078 346
3 0.69601 1280 84 1324 115
3 0.695538 609 605 638 629
2 0.695353 1202 751 1274 786
1 0.683837 1194 641 1272 678
1 0.677327 1197 680 1273 715
3 0.674375 2021 1057 2119 1170
1 0.673622 1080 577 1118 609
1 0.668796 1313 531 1349 569
3 0.665923 634 605 662 629
2 0.665162 1272 748 1311 784
2 0.66493 1244 148 1282 175
3 0.663288 1175 56 1223 87
1 0.657724 1017 652 1055 686
2 0.654916 1138 150 1177 181
1 0.649139 1271 640 1316 678
1 0.64878 951 318 1008 347
3 0.646304 1348 498 1381 534
3 0.644357 1253 367 1301 398
2 0.644147 898 766 957 802
3 0.642792 896 82 951 112
1 0.641636 1155 716 1200 750
3 0.637275 858 84 892 114
1 0.631454 951 291 1007 321
3 0.627784 567 637 609 660
3 0.62692 1351 531 1384 569
3 0.623455 633 525 661 550
3 0.622256 565 661 610 687
3 0.621386 1323 50 1355 83
1 0.620282 848 531 883 557
3 0.618591 577 558 608 580
2 0.615159 1310 746 1351 785
3 0.614426 634 632 661 657
2 0.614302 1301 330 1335 365
3 0.608894 441 601 482 624
3 0.608537 1012 157 1076 187
1 0.603802 1245 434 1302 463
3 0.603105 1346 462 1381 499
2 0.600747 825 177 855 207
1 0.596228 1312 499 1346 533
1 0.596023 951 194 1010 226
1 0.594383 883 527 920 555
3 0.592487 636 658 662 681
1 0.589968 1078 247 1143 276
1 0.589783 1010 253 1078 282
3 0.589178 577 531 608 555
1 0.588147 1011 514 1046 544
1 0.582457 1243 530 1311 569
3 0.579396 489 649 523 671
3 0.578815 442 626 485 647
1 0.575384 917 296 951 325
2 0.574318 959 800 1019 839
1 0.571696 1084 444 1132 475
1 0.566932 950 229 1008 259
1 0.566554 1251 269 1298 299
2 0.566164 885 592 922 624
2 0.565973 24 803 67 826
1 0.564462 1010 449 1046 478
2 0.563428 888 173 930 202
3 0.562068 506 569 537 591
3 0.558453 860 769 898 802
1 0.555673 1049 580 1081 613
3 0.555671 490 592 529 616
1 0.55463 1180 439 1233 466
3 0.553733 536 564 566 589
1 0.553001 1141 440 1179 470
2 0.551602 1176 149 1239 179
3 0.549333 1023 760 1058 796
2 0.549244 860 803 898 844
1 0.546969 886 297 919 327
2 0.545409 1204 787 1276 819
3 0.544644 610 456 636 477
3 0.544249 633 501 660 524
2 0.543069 849 634 887 663
2 0.533705 920 591 953 622
1 0.532797 1093 720 1140 753
2 0.529191 1095 789 1144 820
1 0.526176 1253 301 1299 332
1 0.525854 1020 693 1057 725
3 0.52358 1355 567 1385 604
1 0.521532 960 452 1011 480
3 0.52009 534 666 565 690
2 0.520053 376 957 410 994
1 0.519271 1152 681 1198 716
3 0.511683 1325 83 1356 116
3 0.511471 635 581 666 606
3 0.509607 952 69 1014 100
1 0.505051 909 458 944 486
2 0.501014 887 631 924 661
