2 0.900407 1587 997 1758 1116
2 0.895026 1774 963 2013 1088
2 0.89128 1379 1010 1576 1132
2 0.875978 2023 949 2097 1054
2 0.869746 1590 1111 1760 1224
2 0.858897 689 1054 886 1161
2 0.848268 700 1165 831 1278
2 0.831889 2021 1056 2101 1152
2 0.791911 1773 1077 2012 1199
2 0.769537 26 667 63 695
2 0.728875 29 694 63 720
2 0.716396 1281 1025 1375 1143
3 0.711616 601 630 636 656
3 0.710505 607 603 636 628
3 0.684944 633 601 662 626
3 0.683502 439 572 477 594
3 0.680057 439 597 477 622
3 0.679282 478 592 506 616
3 0.668552 608 524 634 548
3 0.666967 537 558 568 584
2 0.659049 976 128 1009 153
3 0.658889 632 522 661 545
3 0.658143 633 571 662 596
3 0.654757 412 600 439 624
2 0.65364 1384 1135 1577 1226
3 0.649237 413 625 440 647
3 0.63279 607 499 635 523
3 0.62884 607 558 635 581
2 0.628504 34 775 63 811
2 0.613808 33 742 63 775
2 0.61342 974 158 1008 184
2 0.61192 21 639 62 668
2 0.602752 1008 91 1043 117
2 0.602726 1052 1025 1280 1155
3 0.602347 413 523 439 546
3 0.600254 675 568 709 594
3 0.59255 536 534 563 557
2 0.591283 890 109 920 132
3 0.586856 580 528 609 555
3 0.586329 606 656 637 678
2 0.582985 1072 150 1103 178
2 0.577874 1102 148 1138 175
3 0.577349 478 568 507 591
3 0.574892 439 522 477 544
2 0.574685 885 227 920 253
3 0.574243 581 557 608 579
3 0.57417 477 670 507 694
3 0.57149 508 563 538 588
2 0.562145 43 560 68 587
2 0.561286 949 131 976 154
2 0.557464 978 98 1009 120
3 0.557306 538 588 573 612
2 0.555964 1007 124 1042 151
2 0.554116 1072 118 1102 148
3 0.553449 671 596 710 623
3 0.552914 478 493 504 517
3 0.552586 634 626 661 653
2 0.551573 1041 89 1072 114
2 0.541106 1042 122 1072 150
2 0.539336 1169 113 1217 140
3 0.53802 679 517 711 543
3 0.534237 439 497 476 521
2 0.528533 441 467 476 489
3 0.528012 413 572 438 597
3 0.526895 582 634 627 658
2 0.525104 948 162 977 186
3 0.524355 505 590 539 612
2 0.524116 1102 116 1137 146
3 0.523083 582 659 625 681
1 0.52022 131 496 165 518
2 0.512859 1010 65 1043 90
2 0.511653 1293 109 1324 138
1 0.505617 717 701 748 729
2 0.503083 1042 62 1072 88
1 0.501716 719 732 749 759
