2 0.893819 1585 996 1755 1115
2 0.887524 1590 1111 1758 1229
2 0.882203 1279 1014 1578 1136
2 0.868655 982 1039 1274 1158
2 0.859201 702 1165 978 1279
2 0.858383 2023 950 2099 1051
2 0.857673 1774 966 2012 1092
3 0.854321 1075 86 1137 116
3 0.853185 1074 120 1137 149
3 0.853089 1011 91 1073 121
3 0.851876 1011 123 1072 153
2 0.849957 694 1050 976 1160
3 0.848908 1075 56 1137 86
3 0.847736 1011 154 1072 184
2 0.842171 1283 1133 1582 1260
2 0.84189 2022 1054 2102 1154
3 0.830119 1012 61 1073 90
3 0.81821 1074 150 1137 179
3 0.804454 1140 53 1175 83
3 0.803924 1139 84 1175 114
3 0.798976 1139 115 1176 146
2 0.787511 982 1154 1279 1283
3 0.779879 1173 50 1243 81
3 0.777992 1245 49 1279 79
3 0.77016 951 128 1009 157
3 0.767337 952 99 1009 127
3 0.73225 609 602 636 627
1 0.725001 715 700 748 728
3 0.722182 1245 79 1279 108
2 0.718082 1769 1075 2014 1214
3 0.716294 887 107 922 136
3 0.713805 1176 82 1243 113
3 0.703342 1139 146 1177 174
1 0.702206 750 697 790 728
1 0.696464 718 727 750 755
3 0.680626 609 630 637 656
1 0.679779 750 727 791 756
3 0.677072 951 159 1008 189
3 0.669271 1074 178 1137 206
1 0.661786 67 562 96 588
3 0.658928 413 624 440 647
3 0.657568 1010 182 1072 207
3 0.657402 956 68 1010 99
3 0.640183 1280 44 1320 77
2 0.63631 37 774 63 805
3 0.624041 502 589 537 611
3 0.622246 503 563 537 588
3 0.621402 414 599 440 623
3 0.61654 440 596 477 622
3 0.609327 440 571 476 593
1 0.608374 749 667 789 697
3 0.596949 1178 114 1241 142
2 0.59677 579 524 608 554
3 0.594625 415 698 443 721
3 0.588282 539 585 579 612
3 0.579283 610 656 637 679
3 0.578863 827 111 855 139
3 0.577887 638 732 668 758
3 0.577802 414 673 442 698
3 0.572993 635 626 664 653
3 0.570895 479 592 503 614
3 0.564506 580 555 608 580
1 0.563993 1009 243 1072 269
1 0.563872 67 588 97 612
3 0.55827 950 165 1008 193
3 0.554055 539 557 579 584
3 0.552221 633 601 663 626
2 0.548864 529 1167 707 1273
3 0.545339 580 634 609 658
3 0.543743 885 168 921 197
3 0.533792 581 659 609 682
3 0.532786 415 523 439 545
1 0.531119 714 669 747 699
1 0.52799 65 667 96 692
2 0.522304 39 693 65 714
3 0.515129 581 604 607 630
2 0.515097 1282 79 1321 107
3 0.51086 477 567 503 590
3 0.508144 539 637 576 660
1 0.502331 712 459 744 485
2 0.502158 38 742 64 773
