2 0.914352 688 1054 974 1168
2 0.907321 1770 966 2018 1094
2 0.898687 701 1167 983 1276
2 0.893757 1570 1000 1761 1121
2 0.890323 2025 957 2090 1060
2 0.878661 520 1055 697 1167
2 0.878076 984 1163 1235 1278
2 0.877041 1468 1019 1560 1139
2 0.874401 980 1049 1246 1162
2 0.849494 1598 1116 1760 1213
2 0.833036 528 1164 708 1267
2 0.83247 1772 1081 2016 1209
3 0.826587 1242 85 1279 115
2 0.814771 2025 1060 2098 1161
3 0.803984 1241 52 1277 84
3 0.790492 1173 54 1240 85
3 0.783398 1174 86 1242 116
3 0.780676 607 527 636 554
3 0.774647 1136 89 1176 119
3 0.770977 1133 57 1176 89
2 0.768988 897 801 960 844
3 0.765089 1276 50 1320 83
3 0.762481 608 503 635 525
3 0.75947 891 111 952 140
1 0.756759 1080 511 1117 541
3 0.75509 609 427 636 452
3 0.746593 1279 83 1322 115
3 0.743765 892 79 950 109
1 0.739532 1180 241 1251 272
1 0.739354 1081 577 1119 609
1 0.722027 1079 445 1116 475
1 0.720801 1180 302 1252 333
3 0.720162 633 501 668 524
1 0.716823 849 530 884 557
1 0.716095 972 194 1009 225
1 0.712001 1285 146 1327 175
3 0.705218 633 525 672 548
3 0.705022 858 82 892 113
3 0.7035 1321 49 1356 82
3 0.702138 1104 91 1138 121
1 0.701049 1049 579 1082 613
3 0.700276 634 604 674 629
1 0.695003 1077 314 1142 343
1 0.688395 1012 549 1049 581
1 0.687631 1014 582 1051 616
3 0.684169 607 556 635 579
2 0.68279 860 802 895 843
3 0.681788 609 455 636 477
3 0.679597 1323 82 1357 114
1 0.679119 950 294 1006 324
3 0.678737 607 635 638 658
1 0.677142 1153 573 1193 605
3 0.675811 608 660 638 685
3 0.675204 1253 368 1302 398
1 0.669035 948 522 1011 549
3 0.660126 439 600 478 623
1 0.652676 1011 515 1048 545
1 0.651591 1149 507 1185 537
1 0.650551 1008 290 1069 319
3 0.646367 949 106 984 135
1 0.646076 1195 571 1261 603
3 0.645614 566 637 608 660
1 0.645026 887 297 950 329
1 0.642083 950 450 1009 480
3 0.636611 573 431 609 455
3 0.635343 569 531 608 556
3 0.634342 568 558 608 581
1 0.633143 971 225 1009 257
3 0.629177 635 632 669 657
1 0.628987 1078 246 1139 277
1 0.627397 1009 317 1077 347
3 0.625827 1070 93 1108 123
1 0.624978 1083 647 1120 681
3 0.624192 442 626 478 647
1 0.623666 888 326 949 358
3 0.619742 826 115 859 143
1 0.6189 1077 290 1140 318
1 0.616826 1047 546 1081 578
3 0.615927 499 568 537 590
3 0.615448 684 523 715 547
3 0.615287 564 662 609 688
2 0.613379 958 762 1022 798
1 0.611516 949 323 1006 353
1 0.611486 1198 531 1265 571
1 0.610642 950 583 1015 616
2 0.609145 896 766 957 800
1 0.605216 1019 693 1057 724
3 0.602984 1064 61 1108 93
1 0.602215 1154 644 1196 678
3 0.600047 1105 60 1141 91
2 0.599817 959 799 1017 841
2 0.593107 683 446 711 470
3 0.592456 637 658 666 681
1 0.58644 1138 243 1180 272
1 0.585941 1194 603 1254 641
1 0.58569 1021 724 1057 759
1 0.581942 883 527 918 556
1 0.579096 1010 252 1077 282
2 0.576842 888 172 951 202
2 0.57388 824 177 855 207
1 0.571454 849 558 884 586
3 0.570845 685 570 714 597
3 0.568139 1011 98 1045 126
3 0.567872 500 592 538 615
3 0.563923 479 594 507 621
1 0.562326 1395 904 1477 988
1 0.561879 1017 650 1053 684
2 0.561538 1219 713 1272 750
1 0.559184 851 298 887 332
3 0.559173 826 84 859 115
1 0.55824 1079 352 1112 381
3 0.554669 684 575 714 600
3 0.553958 478 570 506 592
1 0.553414 916 524 948 553
3 0.552431 607 604 637 629
3 0.552049 686 600 715 626
3 0.550157 488 649 526 670
1 0.548604 1403 734 1500 823
3 0.54651 537 562 565 588
1 0.545146 851 330 887 361
3 0.544201 1127 754 1163 787
2 0.543117 2485 1088 2517 1153
3 0.542344 1303 331 1332 365
3 0.541378 571 457 608 477
3 0.541329 477 497 504 520
2 0.541159 713 468 745 491
3 0.540521 570 501 607 522
1 0.532825 1251 299 1300 332
1 0.532786 1008 319 1043 346
1 0.52776 890 202 948 230
2 0.526594 1164 717 1218 753
1 0.52621 1081 612 1118 647
1 0.526207 1296 237 1331 269
2 0.518419 1092 790 1127 821
1 0.517126 947 199 979 227
1 0.516922 1146 441 1180 470
3 0.515287 1007 383 1042 413
1 0.515115 1053 650 1085 686
3 0.514818 1104 121 1137 151
3 0.514619 498 467 531 490
1 0.510866 886 231 951 264
1 0.510303 1015 617 1052 652
1 0.509692 1043 457 1079 483
3 0.5094 566 586 605 608
1 0.506966 1078 319 1130 348
1 0.50641 1194 643 1240 680
2 0.506049 2524 1077 2549 1134
3 0.503962 1304 366 1333 397
1 0.503561 899 456 946 482
1 0.503126 1395 818 1492 908
1 0.501188 1137 212 1179 243
3 0.500337 685 495 714 521
