2 0.903973 1586 996 1759 1116
2 0.886157 1285 1013 1580 1134
2 0.885136 1590 1112 1759 1232
2 0.881167 2024 951 2097 1056
2 0.881077 703 1165 979 1274
2 0.879409 980 1162 1278 1281
2 0.87728 1772 966 2013 1091
2 0.861377 2021 1055 2100 1153
2 0.860355 524 1056 694 1165
2 0.853387 1284 1138 1578 1271
2 0.850987 529 1162 709 1266
2 0.840358 1772 1074 2013 1206
2 0.815184 688 1050 971 1165
2 0.798365 974 1039 1274 1160
1 0.782158 1233 79 1289 109
1 0.750257 1234 111 1289 142
1 0.717298 1113 434 1181 468
1 0.715497 953 446 1007 479
1 0.698086 1009 509 1049 542
1 0.697966 1234 50 1288 79
1 0.696144 1072 119 1138 151
2 0.692226 895 799 930 839
2 0.690309 893 764 929 799
1 0.688812 1075 436 1113 470
1 0.681868 1240 174 1292 204
3 0.672208 607 498 639 523
1 0.67051 1007 442 1049 476
2 0.666002 34 693 65 718
3 0.653044 630 602 659 626
3 0.652663 505 564 537 589
1 0.646061 1071 89 1137 119
3 0.645786 609 525 641 552
3 0.644914 632 494 659 521
1 0.643783 1114 468 1179 504
3 0.640783 537 559 572 584
2 0.639354 33 668 64 693
1 0.638968 1183 501 1226 534
1 0.637192 1113 504 1162 536
1 0.636222 957 515 1008 549
1 0.632713 1140 81 1232 111
2 0.629895 843 730 892 765
2 0.627465 1287 45 1323 77
1 0.627033 1116 502 1182 535
2 0.624254 890 696 928 728
1 0.621053 1071 151 1138 182
2 0.620478 891 728 927 764
3 0.617314 579 529 610 555
1 0.617136 1246 567 1296 599
1 0.616323 1163 112 1234 144
1 0.614495 1110 536 1149 572
3 0.610426 438 571 477 594
3 0.60617 607 467 637 490
1 0.605373 1335 200 1371 229
3 0.605226 632 626 660 652
1 0.604193 1138 52 1232 80
3 0.600252 439 597 478 623
3 0.599178 412 599 439 624
1 0.597825 1078 505 1114 538
2 0.59605 1319 705 1356 740
1 0.594797 904 487 954 520
3 0.594005 630 522 659 547
3 0.591439 412 626 439 648
1 0.588333 1138 113 1232 145
2 0.587866 29 774 64 812
3 0.587513 478 593 503 617
3 0.585543 605 629 635 655
1 0.584741 1241 234 1296 265
1 0.583896 1097 243 1141 271
3 0.583584 581 556 610 579
3 0.583311 607 603 635 627
1 0.581873 1170 533 1216 570
3 0.581358 633 468 660 493
3 0.580624 503 591 538 612
1 0.579213 1113 404 1179 436
1 0.576521 1240 530 1293 567
3 0.575456 536 534 566 557
2 0.573955 1231 710 1281 743
2 0.573876 1197 747 1235 782
2 0.571923 841 699 891 729
2 0.569312 32 742 65 775
1 0.569216 1233 499 1289 530
1 0.568284 1331 169 1369 200
1 0.563919 1150 569 1206 603
3 0.559565 506 668 541 691
1 0.554247 1080 538 1115 574
3 0.552839 440 624 476 646
1 0.538989 64 741 94 774
1 0.538454 1008 125 1070 156
1 0.537865 1239 203 1295 233
2 0.536462 66 562 94 588
1 0.535902 967 582 1013 616
2 0.535505 483 445 517 468
1 0.534555 1008 63 1072 93
1 0.533198 952 480 1008 515
2 0.530576 1320 672 1355 707
2 0.530248 924 798 961 838
1 0.528618 1337 230 1374 261
3 0.528237 478 569 505 591
1 0.528015 1181 430 1229 466
1 0.527983 1013 247 1073 275
1 0.526743 1012 577 1047 610
2 0.526547 1017 720 1050 756
1 0.5265 94 564 126 586
3 0.522192 504 638 540 662
2 0.518678 33 639 62 667
1 0.518451 1143 534 1201 571
2 0.516399 1290 79 1323 110
1 0.514723 951 318 1006 348
1 0.514483 64 693 95 717
2 0.51368 42 560 68 586
1 0.513091 950 418 1007 447
3 0.510253 538 638 569 661
3 0.509667 578 502 608 525
1 0.507319 1072 58 1137 89
1 0.506309 1037 315 1077 345
1 0.503355 64 668 93 693
1 0.500187 1310 459 1341 492
