2 0.90769 689 1056 971 1169
2 0.897391 1586 1002 1765 1120
2 0.893703 1277 1021 1583 1145
2 0.887311 1284 1137 1585 1265
2 0.886653 973 1044 1276 1166
2 0.885273 1590 1114 1766 1235
2 0.878917 1773 974 1956 1096
2 0.877281 525 1056 693 1163
3 0.871434 1079 153 1140 184
2 0.870848 2026 955 2091 1063
3 0.868359 1080 122 1140 152
3 0.865658 1013 158 1076 188
3 0.865634 1012 189 1077 219
3 0.865407 1079 185 1142 215
3 0.861225 1014 126 1077 155
3 0.859879 1079 92 1140 120
3 0.858661 1014 97 1077 125
3 0.854685 1143 119 1177 149
2 0.851347 542 1161 704 1256
3 0.848228 1143 88 1177 118
3 0.8475 1080 60 1140 90
3 0.847434 1178 86 1244 116
2 0.847158 1775 1083 1968 1212
3 0.846265 1143 150 1177 181
2 0.843868 699 1164 986 1284
3 0.8428 950 164 1012 193
3 0.837957 1178 54 1243 84
2 0.835026 979 1163 1283 1282
3 0.834777 1143 57 1177 87
3 0.833953 1178 118 1244 147
1 0.832961 949 256 1011 286
2 0.830341 1282 81 1325 114
2 0.830016 2023 1061 2092 1164
3 0.82667 1245 83 1281 114
3 0.824886 949 194 1011 223
3 0.820812 1178 148 1245 179
3 0.818167 1245 52 1281 82
3 0.815399 951 134 1012 165
2 0.813982 1294 298 1337 331
2 0.808869 1295 331 1338 366
2 0.805231 1955 965 2019 1072
3 0.804778 1144 181 1177 211
2 0.802943 1284 113 1326 143
2 0.80163 1292 265 1336 299
2 0.79969 1292 234 1334 266
3 0.797113 1015 64 1077 95
3 0.795234 1253 368 1295 399
3 0.789338 951 103 1012 134
3 0.788541 1246 114 1282 144
3 0.786271 1017 380 1079 411
2 0.785607 1252 331 1294 366
2 0.782096 1287 174 1331 205
3 0.775673 889 110 923 140
2 0.774017 1283 50 1324 82
3 0.773002 1080 376 1147 407
3 0.766819 610 527 637 554
3 0.760078 1254 401 1295 433
3 0.74296 1247 145 1283 176
3 0.739033 1209 370 1252 400
1 0.724403 1017 617 1051 650
2 0.720833 1014 315 1077 346
1 0.717548 1157 643 1193 676
2 0.716802 950 322 1013 352
3 0.716588 610 502 637 526
1 0.714591 1051 615 1089 649
3 0.709332 887 173 919 202
2 0.707043 1286 143 1328 175
1 0.70662 949 223 1011 254
1 0.706531 1187 239 1248 270
3 0.699861 826 174 857 205
3 0.693432 1148 373 1189 404
2 0.686793 1078 311 1147 340
3 0.686197 641 736 692 760
2 0.684622 1954 1069 2020 1181
1 0.681599 1156 573 1190 604
3 0.676809 860 82 894 112
2 0.674551 682 443 711 468
1 0.673217 1154 512 1190 541
3 0.667147 909 202 947 230
1 0.666209 1085 513 1123 543
1 0.658921 1233 603 1276 640
1 0.656005 1237 569 1295 601
1 0.647995 1249 236 1290 267
3 0.647925 1217 402 1253 434
1 0.646833 1235 641 1277 675
2 0.643775 1291 203 1332 234
3 0.64168 1180 178 1247 208
3 0.638013 641 760 692 788
3 0.637451 1012 218 1078 249
1 0.632112 1087 577 1124 608
2 0.632 1238 711 1280 746
1 0.631785 1276 640 1317 675
3 0.6316 916 169 948 200
3 0.630546 611 555 638 580
2 0.624989 1099 788 1162 821
1 0.621823 1190 571 1233 602
1 0.62141 1017 583 1050 616
2 0.62084 1343 331 1381 364
2 0.619824 1342 298 1381 331
3 0.619769 577 638 611 664
2 0.618413 950 353 1014 384
3 0.613914 581 558 610 581
3 0.612165 610 764 641 790
1 0.604292 1049 582 1086 614
3 0.601413 714 595 744 623
1 0.600183 906 261 948 292
3 0.597631 611 738 641 762
1 0.596636 1012 251 1078 283
1 0.595703 1019 652 1053 685
2 0.595091 950 288 1012 321
3 0.594396 951 385 1015 417
2 0.593023 908 292 949 325
2 0.592809 1251 299 1293 329
3 0.586135 574 664 611 688
1 0.585982 1191 603 1232 641
3 0.584096 581 532 609 557
1 0.583187 1020 692 1055 722
3 0.582895 712 704 746 730
3 0.581995 694 729 745 757
1 0.580369 1298 466 1340 500
1 0.580129 1078 246 1144 276
3 0.57947 1342 365 1378 395
1 0.573805 1297 433 1338 465
2 0.572773 1340 265 1378 298
1 0.572602 1211 509 1248 540
3 0.571685 537 668 568 692
1 0.570941 1303 534 1347 568
1 0.56731 1299 502 1343 534
2 0.566056 1163 785 1203 819
1 0.562033 1017 549 1050 581
2 0.557809 1015 352 1079 380
1 0.554971 1250 268 1292 299
1 0.550518 913 457 951 489
2 0.550015 854 296 887 329
2 0.549614 1338 232 1374 265
1 0.547712 1145 242 1181 271
2 0.546549 1280 711 1320 747
3 0.544143 689 705 723 732
1 0.543472 978 551 1017 584
1 0.533775 1265 603 1312 641
1 0.530219 1309 568 1351 605
1 0.529154 744 491 785 516
3 0.523404 612 604 642 632
1 0.521981 1216 436 1253 468
3 0.520637 919 79 953 109
3 0.517156 712 568 743 596
1 0.516718 884 561 917 590
3 0.516245 828 113 859 142
3 0.512755 511 697 535 720
3 0.512289 641 707 691 735
3 0.512008 539 694 566 718
2 0.512007 638 630 675 657
2 0.509331 1013 282 1078 314
1 0.508567 1088 614 1130 646
1 0.507389 1251 469 1294 500
1 0.502068 1149 439 1187 471
