1 0.867431 900 101 935 137
1 0.860841 902 288 943 324
1 0.856976 974 25 1018 59
1 0.854191 898 29 932 63
1 0.852887 1021 23 1068 57
1 0.850949 936 27 971 61
1 0.848971 902 251 941 287
1 0.847407 378 236 416 269
1 0.84683 902 177 938 213
1 0.839105 902 215 939 250
1 0.837663 901 139 937 175
1 0.830109 937 100 973 136
1 0.829491 899 65 934 100
1 0.829268 378 270 417 303
1 0.828465 729 257 776 293
1 0.82764 858 30 895 64
1 0.825873 1659 271 1741 314
1 0.822745 1023 59 1069 93
1 0.821791 936 63 972 98
1 0.821772 1657 238 1741 275
1 0.821166 725 2 773 36
3 0.820778 1025 326 1077 368
1 0.820172 857 0 895 29
1 0.820121 728 220 774 257
1 0.818284 727 72 774 109
1 0.817367 975 62 1019 96
1 0.816777 777 107 818 144
1 0.816601 861 103 897 139
1 0.816129 378 202 415 236
1 0.814711 775 32 818 68
1 0.813951 1025 246 1080 284
1 0.813204 773 0 817 32
2 0.811993 695 335 732 379
1 0.806831 419 270 455 301
1 0.805628 726 36 774 72
1 0.804948 1025 95 1070 133
1 0.804468 378 303 417 335
1 0.803465 686 2 724 41
1 0.801949 776 218 819 254
1 0.801387 819 31 856 66
1 0.801289 1026 173 1076 208
1 0.800783 774 144 818 180
1 0.79964 1025 209 1079 247
1 0.799598 1024 284 1079 323
1 0.79858 976 98 1020 134
1 0.796926 727 109 771 147
1 0.796589 860 66 895 102
1 0.796293 819 0 856 31
1 0.796269 939 138 975 173
1 0.794834 974 0 1018 24
1 0.793224 689 76 724 112
1 0.792573 1082 171 1140 208
1 0.792071 1587 204 1652 241
1 0.791188 414 173 437 206
1 0.790721 775 181 818 218
1 0.790005 1026 134 1073 171
1 0.787992 692 186 725 224
1 0.787984 820 68 856 103
1 0.787561 1584 169 1649 207
1 0.786243 692 223 726 261
1 0.785374 1080 94 1136 133
3 0.784183 693 296 731 334
3 0.784002 731 294 776 332
1 0.782682 728 185 772 221
3 0.782461 1661 312 1741 361
1 0.782027 862 141 898 177
1 0.781928 822 105 857 140
1 0.781658 777 70 818 106
1 0.781482 1590 238 1655 274
1 0.781251 1083 246 1145 287
1 0.78035 940 175 976 211
1 0.780181 654 264 691 298
1 0.779943 687 40 724 76
1 0.778804 977 137 1021 172
1 0.777166 617 268 653 298
1 0.775698 692 260 728 296
1 0.775253 1083 208 1142 246
1 0.774476 427 301 456 331
3 0.773635 657 337 694 379
1 0.771894 727 148 771 183
1 0.771859 1082 134 1139 171
1 0.770182 935 0 971 26
1 0.769283 416 205 441 238
3 0.767632 904 328 945 369
1 0.766993 691 148 725 186
1 0.764909 690 113 725 149
1 0.763763 897 0 931 28
1 0.760854 414 110 435 143
1 0.758607 1077 57 1135 93
1 0.758038 1731 7 1788 41
1 0.757386 333 171 368 204
1 0.754851 419 238 453 270
1 0.753564 1736 74 1792 109
3 0.749584 232 250 284 285
1 0.748888 823 142 858 178
1 0.748784 334 204 370 238
1 0.748368 979 174 1021 209
1 0.748285 1641 2 1692 34
1 0.746975 1021 0 1067 23
1 0.745188 615 85 650 117
3 0.741583 1081 326 1140 367
1 0.740825 235 218 286 252
1 0.736903 435 114 465 149
1 0.732673 379 170 414 203
1 0.72907 863 179 899 215
1 0.728534 1733 40 1789 76
1 0.728241 1584 69 1644 108
1 0.72772 1737 107 1794 142
1 0.727303 620 301 654 337
1 0.725539 1075 22 1133 56
1 0.725325 455 298 481 328
1 0.722356 453 240 475 270
1 0.719845 336 40 373 72
1 0.718807 941 213 977 248
1 0.718722 1828 249 1877 282
3 0.718068 655 299 692 336
1 0.716856 1644 32 1694 67
1 0.716137 945 286 1023 323
1 0.715451 1582 137 1646 174
1 0.714127 651 79 687 115
1 0.711326 1583 103 1645 140
1 0.710786 435 145 464 179
1 0.710779 49 132 79 157
1 0.710332 454 270 478 298
1 0.709009 48 182 74 207
1 0.7086 1693 34 1733 68
1 0.703474 415 141 436 175
1 0.703346 981 210 1022 247
1 0.697961 1648 65 1695 101
1 0.696108 1692 1 1731 35
1 0.691285 1829 281 1875 310
2 0.690728 1355 805 1423 1080
1 0.689725 1741 207 1802 245
3 0.689653 947 327 1023 368
1 0.689584 78 134 107 160
3 0.689513 777 255 820 292
1 0.686834 435 82 466 116
1 0.682237 653 226 690 263
1 0.680656 1591 271 1657 311
1 0.680423 1695 67 1735 104
1 0.679192 1540 179 1584 215
1 0.67533 243 151 286 186
1 0.674938 1657 203 1739 240
1 0.674229 942 249 978 286
1 0.671092 51 107 80 133
1 0.668858 651 145 688 188
1 0.667459 823 179 858 215
1 0.665886 436 176 460 208
1 0.665495 824 217 860 253
3 0.665263 484 271 504 297
1 0.663916 48 157 76 182
1 0.662739 335 5 373 39
1 0.660684 435 56 466 83
1 0.658011 52 84 81 108
1 0.658005 1582 35 1643 73
3 0.657828 76 378 104 403
1 0.656912 49 207 73 231
1 0.656021 615 3 685 45
1 0.655586 336 305 373 340
1 0.652452 1698 101 1735 136
1 0.65095 823 290 901 326
1 0.650728 434 26 467 58
1 0.650342 237 186 285 220
1 0.64941 1580 2 1642 38
1 0.648913 80 109 107 135
1 0.645948 1742 242 1802 277
3 0.639497 1891 35 1919 68
1 0.63884 1828 216 1877 252
1 0.638346 864 216 900 252
3 0.63554 437 361 457 399
1 0.635134 1651 99 1696 134
3 0.634758 486 297 505 326
1 0.633842 1876 254 1907 288
3 0.631816 487 326 505 356
1 0.630022 75 159 107 184
1 0.627012 1877 222 1904 256
1 0.626201 1787 14 1818 50
3 0.62619 231 283 285 317
1 0.622622 652 188 689 228
1 0.619087 824 253 898 289
1 0.61887 414 79 435 112
1 0.617727 1743 174 1801 210
1 0.614014 503 187 525 215
1 0.611912 982 249 1023 285
1 0.611679 1655 168 1738 205
1 0.610614 55 34 81 60
1 0.610568 1878 157 1904 192
1 0.60992 72 183 106 208
1 0.608799 1738 140 1792 175
1 0.606968 943 249 996 286
1 0.606553 1082 286 1144 324
3 0.602304 623 340 656 380
1 0.600628 0 127 23 156
1 0.599485 336 272 372 305
1 0.59569 650 44 686 81
3 0.594714 455 359 476 395
1 0.592292 80 85 106 110
1 0.591233 520 270 544 295
1 0.590034 78 40 104 66
1 0.589776 523 295 546 321
1 0.587082 1547 209 1587 245
1 0.586979 0 179 26 207
3 0.582554 472 153 503 184
1 0.581096 0 154 23 179
1 0.576488 1700 135 1736 170
2 0.57496 1592 308 1658 352
1 0.574835 615 0 667 46
1 0.574485 244 118 285 153
3 0.574121 778 292 820 329
1 0.573394 415 48 435 80
1 0.572931 1797 178 1826 214
3 0.572695 75 354 103 378
3 0.568109 504 325 522 352
3 0.567739 827 330 903 371
1 0.567621 617 228 651 264
1 0.564754 24 129 50 156
1 0.561045 414 20 436 51
1 0.560042 26 81 53 105
1 0.559676 1653 135 1698 169
1 0.559533 1522 147 1583 182
3 0.557553 435 330 457 363
1 0.554249 547 270 575 295
1 0.55421 1829 306 1875 332
1 0.553467 824 254 862 289
1 0.553367 452 209 473 240
1 0.552871 436 207 457 239
3 0.550686 1895 67 1920 99
1 0.549731 1529 209 1587 245
1 0.546235 379 9 415 43
1 0.546099 865 253 901 288
1 0.545881 21 30 56 57
1 0.543948 1878 191 1904 223
1 0.541871 0 309 24 338
1 0.539788 27 180 48 207
1 0.539234 53 58 79 84
3 0.538376 378 335 416 370
1 0.53773 246 26 291 58
1 0.535761 617 192 651 227
1 0.535577 615 45 649 83
3 0.535059 1887 3 1918 37
1 0.533677 0 52 20 78
1 0.533583 546 244 574 270
1 0.53188 1840 52 1872 88
1 0.53127 0 206 28 231
1 0.529966 517 243 543 270
3 0.526431 481 241 503 270
1 0.525798 56 11 83 38
3 0.525454 336 340 374 373
1 0.525081 29 256 49 282
1 0.523189 1841 83 1875 123
1 0.522328 591 268 612 295
1 0.522176 545 268 568 293
1 0.520894 1793 111 1824 146
3 0.520886 456 328 480 359
1 0.520756 1794 144 1825 180
3 0.520028 55 357 76 383
1 0.515 0 257 28 284
1 0.51478 0 28 20 54
3 0.512388 237 349 288 379
1 0.508993 0 78 21 104
1 0.508702 1904 159 1920 193
1 0.505279 1826 182 1878 216
1 0.504374 440 25 470 64
1 0.50411 78 15 104 42
1 0.502817 504 158 527 188
1 0.502737 1792 78 1820 114
1 0.50258 0 231 29 258
1 0.500219 1511 117 1583 152
