1 0.867609 1318 1042 1461 1125
1 0.862556 2013 949 2145 1054
1 0.86048 1181 904 1249 980
1 0.855721 1537 846 1622 936
1 0.850569 1314 961 1456 1046
1 0.85011 898 1211 947 1278
1 0.847513 1632 1099 1733 1199
1 0.846793 1316 880 1455 967
1 0.846511 2000 768 2123 868
1 0.844002 1630 1008 1729 1105
1 0.843648 1832 1172 1949 1268
3 0.839548 985 1280 1105 1375
1 0.838563 2020 1042 2152 1161
1 0.836663 1247 1048 1321 1126
1 0.836484 1634 1196 1736 1295
1 0.832581 1827 1074 1940 1179
1 0.832502 1624 927 1725 1014
1 0.832187 1728 996 1826 1097
1 0.831394 1812 801 1917 895
1 0.831066 2428 873 2539 977
1 0.830572 1818 890 1924 989
1 0.827768 1548 1196 1634 1299
1 0.827667 1613 759 1715 846
1 0.826608 1734 1090 1828 1194
1 0.825142 1108 1063 1182 1136
1 0.824887 1723 906 1823 1003
1 0.824671 1244 894 1320 975
1 0.824026 2439 972 2552 1081
1 0.823894 1619 844 1720 930
1 0.821988 1548 1105 1633 1196
1 0.821753 1320 800 1458 889
1 0.821705 900 1142 951 1209
1 0.821008 1440 306 1514 366
1 0.820678 1973 594 2093 687
1 0.82022 1919 884 2012 980
1 0.820023 1460 1029 1549 1117
1 0.818819 1247 1126 1321 1207
1 0.817748 1540 935 1626 1023
1 0.817718 1441 366 1521 430
1 0.817301 1537 767 1615 851
1 0.817154 1606 681 1709 761
1 0.817117 1318 1122 1464 1208
1 0.816689 1737 1183 1830 1277
1 0.815361 1825 980 1932 1082
1 0.814962 2415 780 2529 880
1 0.814809 1106 1135 1181 1206
1 0.814413 1107 987 1182 1065
1 0.814196 1545 1019 1632 1109
1 0.813976 1181 975 1249 1056
1 0.812815 1462 1111 1551 1201
1 0.812384 1444 430 1526 493
1 0.812314 2238 911 2355 1019
1 0.812103 1530 615 1603 697
1 0.81192 959 878 1009 945
1 0.811383 1244 970 1319 1051
1 0.81091 1535 690 1609 771
1 0.810418 1989 681 2108 777
1 0.810237 1322 721 1458 809
1 0.810107 2006 857 2137 957
1 0.80843 1181 1052 1250 1129
1 0.80582 2144 942 2242 1041
1 0.80441 1320 650 1453 732
1 0.804339 1248 818 1324 900
1 0.803144 903 1079 952 1142
1 0.802176 1179 1127 1250 1205
1 0.801219 1778 470 1962 553
1 0.800156 1910 797 2008 892
1 0.799699 904 1011 951 1079
1 0.799692 1943 1167 2031 1266
1 0.799228 1448 635 1535 716
1 0.796638 1806 710 1908 804
1 0.796508 1251 746 1326 825
1 0.795715 2131 839 2234 947
1 0.795412 1461 1199 1550 1302
1 0.794493 2148 1033 2248 1146
1 0.79306 1458 943 1544 1034
1 0.792829 2227 815 2341 918
1 0.792801 2209 724 2326 823
1 0.79227 1046 1069 1109 1139
1 0.792198 1454 711 1539 790
1 0.791707 1598 600 1703 685
1 0.790311 1458 780 1542 865
1 0.788992 2244 1012 2364 1133
1 0.788295 1112 848 1184 923
1 0.787778 1193 563 1258 634
1 0.786509 1504 181 1570 237
1 0.785508 1114 782 1186 852
1 0.784582 1114 712 1189 785
1 0.783879 1191 631 1252 703
1 0.782097 1323 454 1448 519
1 0.779443 2405 337 2556 425
1 0.779203 990 1209 1104 1282
1 0.778937 2402 691 2507 788
1 0.77774 2199 639 2311 730
1 0.777064 947 1139 999 1211
1 0.776365 1441 246 1509 306
1 0.776075 1042 997 1110 1071
1 0.775029 1503 132 1566 185
1 0.774897 1182 831 1252 909
1 0.774465 1446 559 1531 638
1 0.771396 1787 546 1972 635
1 0.771057 1248 609 1320 683
1 0.770269 1250 678 1324 751
1 0.769005 964 815 1012 883
1 0.767896 1318 579 1449 659
1 0.766372 906 950 955 1010
1 0.766132 1458 859 1543 944
1 0.765978 1045 929 1112 999
1 0.765778 1902 706 1998 802
1 0.765358 966 759 1013 821
1 0.763564 2104 670 2213 759
1 0.762753 1043 1139 1108 1207
1 0.762484 1546 1298 1634 1400
1 0.761859 2380 264 2532 338
1 0.760147 1118 646 1192 716
1 0.759774 2088 579 2200 676
1 0.759666 2116 752 2221 848
1 0.758722 931 650 980 709
1 0.757685 2354 200 2504 267
1 0.757514 1936 1065 2027 1174
1 0.757311 949 1076 1000 1141
1 0.754498 1036 451 1084 502
1 0.753153 1510 291 1576 355
1 0.752471 1952 440 2065 520
1 0.750978 1964 511 2081 601
1 0.75011 1259 317 1319 378
1 0.748602 948 1005 999 1077
1 0.748577 1076 493 1131 552
1 0.74852 943 1210 995 1281
1 0.747415 2151 95 2317 164
1 0.747059 2316 715 2417 812
1 0.746413 1190 699 1254 767
1 0.743563 1172 1208 1243 1286
1 0.743396 1254 542 1323 612
1 0.741584 967 696 1016 761
1 0.741183 1051 861 1114 931
1 0.74055 995 1073 1049 1140
1 0.739491 1258 482 1325 547
1 0.738905 1903 234 2012 303
1 0.737281 1507 235 1575 293
1 0.736202 1718 827 1818 915
1 0.735629 1060 669 1122 733
1 0.734787 2028 1149 2150 1257
1 0.734185 1516 353 1581 414
1 0.733495 1323 392 1445 455
1 0.729864 2325 140 2477 206
1 0.729857 1262 269 1319 323
1 0.728251 2433 414 2580 498
1 0.726692 2387 598 2494 697
1 0.724434 1712 742 1812 830
1 0.723533 1072 549 1129 609
1 0.723052 1067 607 1126 673
1 0.722304 1894 166 1995 238
1 0.721805 1040 405 1088 453
1 0.7213 1927 972 2018 1073
1 0.720673 920 765 968 827
1 0.717459 1706 660 1805 744
1 0.71552 1922 299 2030 365
1 0.714959 1321 516 1449 586
1 0.713429 2166 470 2271 551
1 0.712637 1128 522 1196 588
1 0.710922 2186 549 2295 641
1 0.710137 999 415 1044 462
1 0.707363 1743 199 1906 277
1 0.7071 918 824 967 889
1 0.706026 1594 528 1698 600
1 0.704552 1443 194 1507 247
1 0.702454 1090 335 1146 391
1 0.701848 923 707 971 767
1 0.699109 912 887 963 952
1 0.697989 987 477 1034 527
3 0.69661 1445 492 1530 559
1 0.69062 958 442 1001 487
1 0.690469 2058 426 2163 507
1 0.689571 1796 629 1980 717
1 0.689538 1024 799 1116 865
1 0.688905 2333 804 2425 903
1 0.688373 1772 393 1946 471
1 0.687404 1318 225 1445 284
1 0.685442 960 394 1008 445
1 0.682614 1078 442 1135 492
1 0.68154 1932 361 2048 441
1 0.680777 951 942 1001 1005
1 0.6806 1796 629 1907 717
1 0.678214 1240 1209 1316 1295
1 0.678016 2564 171 2685 239
1 0.67651 1187 760 1255 837
1 0.676211 1698 568 1796 656
1 0.674307 1527 541 1600 618
1 0.67311 2074 502 2179 588
1 0.670829 1005 369 1047 419
1 0.666951 1047 734 1117 802
1 0.66589 2461 493 2601 571
2 0.663861 1957 1324 2018 1385
1 0.66386 2481 568 2620 661
1 0.659805 1045 357 1092 409
1 0.657209 2303 630 2399 725
1 0.657206 1195 502 1260 571
1 0.648645 1665 225 1751 301
1 0.647593 1100 1209 1172 1282
1 0.645906 1759 342 1847 410
1 0.645761 975 631 1025 699
1 0.641422 995 999 1050 1073
1 0.639701 982 527 1030 582
1 0.637826 995 932 1058 998
1 0.636146 2499 656 2653 755
1 0.631372 1015 996 1109 1071
2 0.631284 1843 1330 1957 1387
1 0.631218 993 1139 1070 1209
1 0.628125 2358 992 2445 1094
1 0.627957 937 596 982 657
1 0.627736 1322 333 1442 393
1 0.62559 1025 558 1076 619
1 0.623725 2240 375 2341 465
1 0.622614 1144 309 1205 362
1 0.619637 1130 466 1199 528
1 0.610861 2175 161 2340 228
1 0.610369 1021 613 1072 674
1 0.608976 2446 1080 2556 1182
1 0.602576 941 541 984 598
1 0.599576 2528 108 2681 176
1 0.594372 982 576 1028 639
1 0.589443 1031 498 1080 552
1 0.588193 1110 918 1182 991
1 0.587892 2520 748 2669 842
1 0.587292 1350 1205 1461 1300
1 0.586498 1459 1299 1547 1390
1 0.585052 2129 323 2225 393
1 0.583877 1084 388 1142 440
1 0.583504 1752 275 1840 345
1 0.579413 947 489 991 539
1 0.578507 2093 189 2186 257
1 0.578462 2348 892 2435 993
1 0.572155 2577 838 2681 938
1 0.567966 2148 388 2251 468
1 0.566537 1202 454 1258 515
1 0.565299 1126 579 1194 651
1 0.564172 995 432 1041 482
1 0.563188 2593 236 2683 308
1 0.560298 2041 349 2143 428
1 0.556571 2261 460 2360 548
1 0.552525 2224 306 2375 380
1 0.551026 1444 148 1505 199
1 0.548797 1265 226 1320 276
1 0.546046 2023 271 2128 351
1 0.541849 1003 864 1058 937
1 0.540183 1014 670 1063 735
1 0.529773 2221 291 2394 369
3 0.529613 941 1280 993 1364
1 0.525994 1591 463 1693 530
1 0.525613 2202 221 2364 289
1 0.524796 1838 1263 1955 1340
1 0.521172 2371 514 2469 604
1 0.520134 969 351 1014 398
3 0.518952 1200 340 1259 400
1 0.506883 2081 132 2163 192
1 0.504814 1211 238 1267 290
