1 0.870316 902 1211 951 1281
1 0.86333 2013 954 2143 1060
1 0.859073 2000 770 2125 868
1 0.85268 1828 1078 1942 1181
1 0.850415 1939 1073 2029 1176
1 0.847599 1631 1020 1734 1115
1 0.84737 1826 983 1937 1086
1 0.847101 1814 807 1922 903
1 0.845969 1807 716 1912 811
1 0.845526 1634 1108 1735 1203
1 0.84442 1732 1001 1827 1102
1 0.843968 2022 1051 2147 1164
1 0.843661 1450 639 1538 719
1 0.84347 1831 1175 1946 1272
1 0.843293 2438 973 2548 1085
1 0.839479 1736 1096 1828 1198
1 0.837492 1325 740 1398 820
1 0.834872 1180 1138 1252 1212
1 0.8341 2431 877 2540 979
1 0.832391 1391 1211 1464 1302
1 0.83093 1250 1135 1327 1213
3 0.829116 995 1287 1106 1378
1 0.82811 1324 811 1398 895
1 0.827939 1800 638 1905 722
1 0.825603 1819 896 1931 991
1 0.824059 1249 902 1327 981
1 0.82214 1321 891 1394 975
1 0.821383 1183 913 1253 988
1 0.819051 1248 978 1327 1059
1 0.818529 1720 822 1819 919
1 0.818489 2441 1072 2551 1179
1 0.81679 1445 430 1528 500
1 0.816726 1459 955 1547 1041
1 0.815734 1182 985 1252 1063
1 0.815073 1254 824 1329 907
1 0.814913 1724 912 1822 1005
1 0.814629 1182 1062 1253 1138
1 0.81451 1550 1028 1632 1118
1 0.814244 1456 870 1545 959
1 0.813714 1944 1170 2037 1266
1 0.813584 1250 1058 1330 1135
1 0.81356 1389 884 1458 968
1 0.812936 2224 822 2343 925
1 0.812728 1107 1136 1180 1207
1 0.810184 1933 977 2024 1078
1 0.809455 1391 964 1461 1052
1 0.809218 1109 994 1181 1066
1 0.809167 1114 853 1187 927
1 0.807767 1462 1036 1552 1122
1 0.807438 1553 1115 1634 1202
1 0.806463 1455 717 1542 799
1 0.80598 2033 1154 2156 1254
1 0.805584 1623 936 1729 1025
1 0.80531 2198 641 2314 733
1 0.804281 1924 890 2013 986
1 0.804025 1108 1067 1182 1137
1 0.803449 1456 791 1544 877
1 0.802206 2240 1014 2361 1129
1 0.799771 1320 971 1396 1056
1 0.796515 1120 720 1191 790
1 0.796252 948 1212 999 1282
1 0.795402 2210 728 2330 829
1 0.795266 2235 918 2353 1020
1 0.793886 1464 1119 1555 1205
1 0.792451 1918 801 2010 893
1 0.791764 1541 859 1623 945
1 0.791462 2418 784 2526 883
1 0.790246 1386 394 1445 457
1 0.789406 1977 598 2096 688
1 0.789154 1118 788 1189 858
1 0.787893 1544 944 1627 1032
1 0.787533 1711 739 1814 824
1 0.786411 1389 455 1447 522
1 0.785855 1385 334 1442 400
1 0.785821 1509 237 1578 295
1 0.785818 2005 859 2138 965
1 0.783743 2140 942 2238 1048
1 0.783449 1621 854 1724 942
1 0.781329 2134 848 2233 951
1 0.780457 1794 557 1894 642
1 0.780204 1618 759 1716 855
1 0.778948 1533 623 1612 702
1 0.778081 903 1147 954 1209
1 0.777033 1991 680 2110 780
1 0.773075 1395 1048 1462 1130
1 0.772951 1261 489 1325 558
1 0.772243 1775 413 1867 486
1 0.771725 1952 443 2067 524
3 0.770238 944 1284 997 1359
1 0.769861 1325 1052 1399 1133
1 0.769668 1391 804 1459 887
1 0.768487 1255 615 1324 691
1 0.76779 2405 339 2561 424
1 0.765681 1538 696 1618 770
1 0.764952 1047 1070 1109 1137
1 0.764488 1692 517 1792 585
1 0.762664 1706 666 1806 746
1 0.762171 1764 345 1856 417
1 0.760113 1262 323 1325 380
1 0.759396 1395 1128 1465 1210
1 0.759102 1443 365 1522 435
1 0.758368 1321 1131 1396 1212
1 0.754879 1541 767 1623 859
1 0.753714 1463 1206 1550 1300
1 0.753264 923 767 971 830
1 0.752517 2182 552 2295 647
1 0.751837 1686 435 1784 516
1 0.750438 1314 1215 1393 1301
1 0.75018 1700 580 1799 663
1 0.749433 1446 564 1533 645
1 0.749388 904 1080 955 1141
1 0.747331 1103 1214 1170 1285
1 0.744848 1256 752 1330 829
1 0.74423 2357 997 2443 1105
1 0.744049 952 1007 1002 1077
1 0.743602 1186 835 1257 918
1 0.742956 2382 270 2529 343
1 0.741816 1255 683 1327 757
1 0.739882 1612 675 1710 761
1 0.739464 1587 338 1676 396
1 0.739315 1965 517 2084 607
1 0.73921 953 1143 1002 1209
1 0.737922 1123 650 1193 723
1 0.737642 1755 278 1843 348
1 0.736511 2143 1037 2238 1152
1 0.736248 2434 414 2581 495
3 0.736036 1445 496 1531 570
1 0.73466 1261 371 1324 437
1 0.733582 1392 728 1458 811
1 0.732141 1511 293 1582 351
1 0.730891 1043 1141 1108 1209
1 0.729566 1040 999 1110 1068
1 0.727869 929 708 975 764
1 0.727469 1636 1201 1738 1301
1 0.726006 1387 181 1436 235
1 0.724195 962 877 1012 950
1 0.723203 1322 295 1386 363
1 0.72242 1552 1204 1634 1301
1 0.72042 1508 135 1572 190
1 0.718281 1908 706 2002 806
1 0.717775 905 985 955 1081
1 0.717655 2173 474 2274 554
1 0.715379 2400 691 2502 789
1 0.710796 1257 552 1324 624
1 0.70926 959 445 1004 491
1 0.709025 1043 935 1114 1002
1 0.708001 1064 674 1126 737
3 0.707742 1142 314 1209 371
1 0.70722 1442 307 1516 371
3 0.706797 1204 341 1264 401
1 0.706719 1204 455 1261 519
1 0.705842 992 480 1039 528
1 0.704634 1266 272 1322 328
1 0.704012 913 884 967 956
1 0.703833 1032 499 1132 558
1 0.702971 1324 671 1394 749
1 0.70228 1892 166 1997 241
1 0.701934 1591 395 1683 450
1 0.700267 998 1074 1049 1136
1 0.700108 953 1077 1003 1138
1 0.699232 971 699 1019 760
3 0.698463 902 1282 947 1353
1 0.698151 1241 1216 1315 1291
1 0.695111 968 757 1016 823
1 0.693818 966 817 1015 883
1 0.692901 2386 603 2491 698
1 0.692506 2330 143 2481 212
3 0.692404 1322 540 1388 611
3 0.69208 1320 189 1388 246
1 0.68902 1676 366 1773 434
1 0.688234 1068 610 1129 676
1 0.685841 2304 81 2456 150
1 0.68464 1055 867 1117 940
1 0.684542 1935 366 2047 446
1 0.683976 1740 1192 1830 1284
1 0.683527 1009 378 1052 423
1 0.681958 942 597 991 655
1 0.679788 1749 212 1832 282
1 0.678846 2121 756 2221 857
1 0.678716 979 645 1027 701
1 0.677262 1202 515 1261 579
1 0.676452 1600 530 1702 611
1 0.674826 1531 542 1607 626
1 0.67435 2356 208 2504 276
1 0.672433 919 827 969 889
1 0.667133 2106 666 2208 764
1 0.66681 1592 453 1691 530
1 0.666506 954 948 1003 1014
3 0.666017 1390 653 1453 733
1 0.663588 936 652 983 710
1 0.662373 1508 186 1575 240
1 0.66231 1193 635 1257 711
1 0.659769 1518 348 1590 421
1 0.658559 1005 419 1049 471
1 0.658491 1033 555 1131 613
1 0.658449 1000 431 1047 486
1 0.656177 1058 736 1121 809
1 0.652938 2130 328 2230 395
1 0.649698 2347 896 2437 1001
1 0.649378 1667 229 1757 297
1 0.64384 1128 583 1198 652
1 0.639287 1131 530 1200 586
1 0.635261 963 397 1011 448
1 0.63464 1605 605 1706 676
1 0.634068 2526 755 2671 855
1 0.633139 972 354 1018 396
1 0.631709 2500 659 2655 769
1 0.624772 1530 486 1597 546
1 0.6232 1111 926 1183 997
3 0.622042 1140 368 1205 424
1 0.621949 2243 381 2388 468
1 0.620274 2320 718 2418 813
1 0.620167 1132 475 1202 533
1 0.618871 1058 802 1120 873
1 0.617135 945 549 989 600
1 0.614867 2495 58 2657 121
3 0.610689 1322 607 1390 678
1 0.609835 1899 629 1986 716
1 0.608879 1524 419 1592 483
1 0.608824 2157 393 2253 477
1 0.607031 2367 1092 2443 1190
1 0.606995 1922 301 2029 368
1 0.603515 1784 482 1880 561
3 0.601652 1390 1303 1463 1395
1 0.596127 997 1141 1063 1210
1 0.595584 1989 140 2122 221
1 0.595386 1435 145 1509 207
1 0.594059 1385 224 1438 284
3 0.593963 1386 585 1447 658
1 0.593939 2095 192 2200 259
1 0.593102 1907 240 2014 305
1 0.590721 2457 494 2600 582
1 0.586074 2538 848 2684 952
1 0.585283 2560 176 2685 246
3 0.584704 1323 354 1387 418
1 0.582551 2305 626 2400 731
1 0.58228 1039 444 1133 502
1 0.581075 2154 116 2243 187
2 0.57697 1239 1291 1313 1367
1 0.576519 2370 519 2462 607
3 0.575865 1207 290 1261 346
1 0.574367 1001 999 1111 1070
3 0.571002 1105 1283 1163 1381
1 0.568581 1135 414 1203 480
3 0.567855 1190 705 1256 781
1 0.563867 1386 277 1439 339
1 0.561598 2113 260 2216 330
1 0.561582 2484 577 2623 674
1 0.55979 995 1213 1105 1285
1 0.559739 989 521 1033 579
2 0.559276 1839 1268 1955 1384
1 0.55742 1046 400 1140 452
1 0.55638 907 953 958 1053
1 0.555929 1439 252 1512 315
1 0.539471 2093 581 2198 672
1 0.538334 1320 239 1386 304
1 0.53744 1323 414 1388 481
1 0.536944 988 587 1029 646
1 0.536228 1581 276 1669 337
1 0.533507 988 539 1030 589
3 0.52397 1261 427 1324 494
3 0.523178 558 1241 634 1282
1 0.519638 1669 297 1763 361
1 0.516658 1172 1216 1243 1287
3 0.514811 2448 1175 2541 1262
1 0.513528 2335 804 2429 905
1 0.511822 2245 1112 2367 1202
1 0.511273 1324 472 1389 541
1 0.510483 1017 682 1065 741
1 0.50883 2529 117 2679 182
1 0.508681 2241 283 2390 367
3 0.504355 1205 398 1262 457
