1 0.854873 1634 1107 1736 1202
1 0.84769 2443 975 2549 1081
1 0.845355 1735 1096 1835 1196
1 0.841045 2015 956 2145 1061
1 0.839355 2025 1050 2148 1162
1 0.839189 1809 714 1914 810
1 0.835818 1834 1080 1942 1182
1 0.833538 1108 1133 1181 1206
1 0.833512 2003 770 2126 870
1 0.830718 1827 983 1937 1088
1 0.829506 1260 372 1325 438
1 0.828444 1320 892 1393 976
1 0.826949 1251 1056 1329 1133
1 0.826719 1323 672 1395 748
1 0.826683 1732 1001 1831 1101
1 0.825603 1820 895 1928 991
1 0.825515 1636 1199 1740 1307
1 0.825111 1802 638 1906 720
1 0.824215 1630 1020 1734 1112
1 0.824092 1181 1134 1253 1213
1 0.823042 1545 948 1626 1035
1 0.822954 1445 430 1530 495
1 0.822322 1456 872 1545 962
1 0.822271 1931 976 2025 1081
1 0.821653 1443 369 1525 434
1 0.821239 2032 1153 2149 1261
1 0.821179 1815 806 1921 899
1 0.820994 1109 993 1183 1066
1 0.820612 1458 956 1548 1042
1 0.820514 1324 741 1398 822
1 0.819883 1393 1047 1460 1126
1 0.819359 1542 860 1623 954
1 0.818798 1253 826 1327 912
1 0.816073 2436 874 2538 981
1 0.815889 1389 887 1456 970
1 0.815551 1183 1060 1254 1134
1 0.815358 1248 904 1324 984
1 0.815308 1246 1215 1321 1294
1 0.814534 1248 980 1325 1058
1 0.814305 1185 915 1252 990
1 0.814083 1102 1209 1176 1287
1 0.813226 1251 1131 1328 1215
1 0.812086 1108 1065 1183 1133
1 0.812014 1256 753 1328 832
1 0.811662 1511 238 1582 295
1 0.810189 1534 623 1608 706
1 0.809685 1320 971 1394 1054
1 0.809443 1938 1075 2029 1177
1 0.809208 1551 1029 1632 1113
1 0.806093 1322 814 1397 896
1 0.806006 1457 795 1542 881
1 0.80545 1460 1037 1553 1122
1 0.805448 1255 616 1324 692
1 0.804709 1184 987 1251 1062
1 0.80445 1389 964 1458 1051
1 0.802943 1442 308 1519 373
1 0.802492 1111 927 1183 996
1 0.799534 1531 546 1603 627
1 0.799051 1623 941 1728 1027
1 0.798478 1115 859 1186 928
1 0.798105 1457 717 1540 801
1 0.797319 1994 680 2112 783
1 0.797028 1323 1050 1397 1130
1 0.796328 1176 1214 1248 1288
1 0.795386 1447 564 1534 646
1 0.795092 1392 804 1458 888
1 0.794137 1910 703 2005 805
1 0.793383 1725 912 1825 1007
1 0.791319 2206 638 2312 736
1 0.789786 1324 354 1388 418
1 0.789244 2248 1013 2359 1124
1 0.788217 1792 557 1898 642
1 0.786678 1187 838 1257 920
1 0.784421 2219 724 2330 827
1 0.78316 1737 1189 1838 1282
1 0.780952 1438 253 1514 313
1 0.780489 1120 718 1190 793
1 0.780406 1836 1176 1944 1274
1 0.778969 1922 891 2016 985
1 0.778899 2120 754 2229 852
1 0.778091 2134 845 2238 954
1 0.778076 1324 1129 1398 1213
1 0.777027 1621 851 1725 944
1 0.776139 1387 337 1441 399
1 0.773276 2423 780 2526 884
1 0.771502 2108 665 2219 764
1 0.771341 1720 824 1821 917
1 0.770862 2350 903 2440 1013
1 0.770796 1033 495 1132 558
1 0.770441 1130 529 1198 588
1 0.770377 1510 135 1574 188
1 0.77016 1527 420 1595 484
1 0.769621 1030 553 1130 617
1 0.768666 1939 1168 2034 1271
1 0.767876 1453 642 1537 721
1 0.767594 1260 552 1325 622
1 0.767543 963 877 1013 951
1 0.766704 2444 1117 2550 1186
1 0.766309 1539 699 1613 775
1 0.766264 1395 1125 1460 1207
1 0.765522 1255 684 1325 758
1 0.764081 1391 456 1447 522
1 0.763301 1323 294 1389 357
1 0.762618 2438 411 2584 500
1 0.762432 1917 800 2012 894
1 0.762164 1387 278 1439 340
1 0.761107 1118 790 1188 862
1 0.761009 1964 516 2081 606
1 0.758931 1461 1118 1554 1200
1 0.758796 1188 772 1259 844
1 0.756796 1260 431 1327 495
1 0.755852 2359 207 2505 277
1 0.754868 1595 464 1695 539
1 0.753623 1193 636 1258 711
1 0.753152 2336 804 2432 912
1 0.750714 2501 658 2655 764
1 0.750549 927 710 973 768
1 0.749353 1327 472 1392 540
1 0.7482 1979 599 2096 690
1 0.74817 967 818 1016 884
1 0.747423 2359 1104 2446 1199
1 0.745857 2310 78 2454 151
1 0.745709 1715 752 1814 831
1 0.745541 1514 295 1584 359
1 0.74508 2010 858 2138 966
1 0.744432 1046 1134 1109 1205
1 0.744111 1322 603 1392 678
1 0.742718 1530 480 1599 547
1 0.741199 1014 804 1120 876
1 0.740299 1047 1068 1111 1134
1 0.73946 2391 605 2490 698
1 0.739129 1667 241 1758 303
3 0.739027 1324 538 1390 609
1 0.738424 2320 712 2423 813
1 0.737228 2412 342 2559 422
1 0.735558 1555 1108 1634 1199
1 0.735444 1953 443 2063 524
1 0.734092 1708 668 1810 756
1 0.732083 2444 1072 2552 1132
1 0.731252 1318 1213 1419 1307
1 0.730936 2355 1006 2446 1110
1 0.727722 1393 727 1458 812
1 0.727447 1541 776 1619 863
1 0.725894 921 770 970 830
3 0.724564 2444 1179 2543 1264
1 0.723947 1043 998 1111 1068
1 0.723849 1394 1212 1461 1309
1 0.7234 1123 653 1193 722
1 0.719789 2231 815 2344 925
1 0.715184 1198 570 1261 640
1 0.713883 1016 736 1122 809
1 0.713437 1748 199 1911 273
1 0.712668 1598 536 1702 610
1 0.711168 991 477 1042 529
1 0.710853 1617 766 1718 855
1 0.707948 1464 1205 1634 1310
1 0.706222 1436 146 1510 208
1 0.703399 1435 200 1512 260
1 0.701446 2334 143 2482 211
1 0.70135 1584 289 1672 339
1 0.701305 2408 691 2504 791
1 0.70047 1901 629 1989 713
1 0.700242 1025 613 1128 682
1 0.699118 1009 869 1118 943
1 0.699009 1701 578 1801 664
1 0.698595 1520 359 1590 422
1 0.697729 1003 419 1051 477
1 0.694071 2254 1116 2359 1217
3 0.692523 1203 344 1257 403
1 0.691693 941 596 989 654
1 0.688889 915 882 968 955
1 0.688461 1896 168 1998 242
1 0.688366 1261 490 1327 554
1 0.688364 2485 576 2626 665
1 0.684655 969 752 1017 823
1 0.683394 959 442 1004 490
1 0.682937 2382 271 2532 351
1 0.679951 1009 373 1052 423
1 0.67323 919 827 969 888
1 0.671132 1127 584 1195 653
1 0.668535 2565 176 2686 245
1 0.667987 1756 274 1924 346
1 0.667234 1392 655 1456 733
1 0.665587 1019 678 1124 739
1 0.664184 934 650 983 712
1 0.663668 2445 1073 2553 1176
3 0.662306 1205 295 1253 347
1 0.661419 1049 401 1143 454
1 0.661267 1588 335 1679 393
3 0.657423 1319 191 1391 245
1 0.655069 2311 633 2401 722
1 0.654309 1670 301 1764 364
1 0.653936 971 697 1020 758
1 0.652909 1510 184 1578 241
1 0.652249 1041 446 1137 499
1 0.649472 1783 477 1883 562
3 0.646247 1635 1302 1740 1394
1 0.646136 1590 390 1684 439
1 0.642242 1026 935 1114 1002
1 0.642177 1603 607 1706 684
1 0.639435 955 947 1003 1010
1 0.631634 1691 511 1790 579
1 0.629355 900 1208 996 1287
1 0.628887 1677 365 1773 432
3 0.625336 1390 520 1449 590
1 0.625317 1387 226 1437 285
3 0.624167 1389 584 1451 660
1 0.623704 2241 914 2353 1019
1 0.6212 1389 181 1435 235
1 0.617016 2191 552 2293 649
1 0.614925 1991 141 2164 220
1 0.613096 2521 754 2675 855
1 0.611684 1764 341 1864 413
1 0.609236 1326 413 1390 479
1 0.607476 1547 1309 1632 1388
1 0.606932 978 643 1028 701
1 0.60654 2533 114 2682 180
1 0.604225 1136 414 1202 478
1 0.602093 966 389 1013 443
2 0.593535 2372 1430 2463 1520
1 0.590972 2352 447 2442 530
1 0.589699 2372 525 2462 612
1 0.586357 1200 510 1260 576
1 0.585599 1149 264 1212 315
1 0.583276 1191 705 1257 781
1 0.581532 1131 474 1200 533
1 0.581194 987 527 1036 585
2 0.576782 2039 1328 2127 1383
1 0.572452 1389 393 1444 457
3 0.571393 1447 493 1533 567
1 0.570099 2461 495 2609 587
2 0.569261 2037 1262 2127 1331
1 0.565961 2243 378 2339 466
1 0.561595 2175 469 2270 558
1 0.56061 1764 338 1925 410
1 0.558206 2145 948 2243 1045
1 0.557695 1908 237 2012 305
1 0.55557 986 584 1030 646
1 0.555209 2335 365 2423 457
1 0.550915 944 544 989 600
3 0.549984 1258 271 1320 328
1 0.540885 2541 844 2685 948
1 0.539483 1142 366 1204 422
1 0.533594 2443 67 2522 132
1 0.533404 2133 325 2228 398
3 0.530539 1204 399 1259 460
1 0.524532 1007 996 1112 1070
1 0.524199 2233 98 2320 173
1 0.523992 951 488 994 540
1 0.523713 1922 303 2033 370
3 0.523467 1103 1286 1173 1371
1 0.522994 2504 53 2658 120
1 0.521608 919 1075 1001 1139
1 0.517989 2266 457 2357 546
1 0.516545 2157 114 2244 183
1 0.514016 904 1140 997 1208
1 0.513627 1030 1207 1105 1287
3 0.512781 1318 243 1388 302
1 0.509839 2201 165 2340 233
