1 0.865117 1537 847 1623 936
1 0.859953 1540 936 1626 1020
1 0.856744 2014 949 2146 1054
1 0.849224 900 1210 947 1278
1 0.844907 1812 804 1917 895
1 0.844726 1819 980 1933 1083
1 0.843866 1320 1205 1462 1301
1 0.841622 1321 1118 1464 1206
1 0.84015 1821 1074 1941 1180
1 0.839136 1633 1099 1734 1199
1 0.837701 1464 1109 1550 1199
1 0.837363 1826 1172 1950 1268
1 0.835871 2022 1043 2155 1162
1 0.834752 1778 470 1962 554
1 0.833561 1631 1006 1731 1104
1 0.833063 1537 765 1619 852
1 0.832478 1545 1020 1631 1106
1 0.831078 2425 874 2538 976
1 0.830625 1547 1104 1632 1195
1 0.830573 1816 891 1924 988
1 0.829355 1622 844 1722 930
1 0.829161 2006 857 2137 959
1 0.828317 1625 926 1727 1012
1 0.827258 1919 885 2013 978
1 0.825469 2238 909 2356 1017
1 0.824467 1806 712 1908 807
1 0.823465 1729 996 1822 1097
1 0.821289 1615 751 1716 847
1 0.819972 1461 780 1542 862
1 0.819665 1936 1064 2028 1174
1 0.819611 1726 910 1819 1001
1 0.819469 1463 1027 1548 1116
1 0.817996 1108 992 1182 1067
1 0.817383 2000 768 2124 866
1 0.817145 1770 399 1945 477
1 0.817133 1713 736 1813 831
1 0.817128 1321 1042 1464 1125
1 0.814506 1109 921 1183 995
1 0.813567 901 1143 950 1207
1 0.81351 2412 778 2527 879
1 0.811753 1461 857 1542 945
1 0.811644 1251 1125 1321 1205
1 0.809553 1706 649 1803 740
1 0.80955 1975 597 2093 686
1 0.809171 1534 690 1612 769
1 0.808591 1444 427 1526 492
1 0.808581 1463 1199 1548 1302
1 0.808554 1989 680 2109 777
1 0.808502 1112 847 1186 925
1 0.808357 1108 1067 1183 1136
1 0.807947 1440 307 1515 367
1 0.807866 1927 972 2019 1070
1 0.807623 1106 1136 1182 1207
1 0.807577 996 1003 1050 1074
1 0.806836 1046 1139 1106 1207
1 0.805074 1548 1196 1631 1294
1 0.805 1458 710 1540 789
1 0.80437 1911 799 2008 891
1 0.804165 1046 1000 1108 1071
1 0.803934 1734 1089 1824 1194
1 0.803909 2242 1011 2367 1128
1 0.803109 1184 911 1248 987
1 0.802715 1451 635 1535 716
1 0.801318 932 645 980 706
1 0.800728 2210 723 2328 822
1 0.80057 1047 1071 1108 1139
1 0.799907 2435 972 2548 1076
1 0.797172 1185 1058 1252 1129
1 0.797083 1944 1167 2038 1266
1 0.796492 2226 815 2342 917
1 0.794843 1442 367 1521 428
1 0.794835 1786 548 1972 636
1 0.794523 1608 679 1709 757
1 0.792081 1251 1053 1322 1126
1 0.790409 1322 448 1450 516
1 0.789634 959 879 1008 945
1 0.789101 1049 930 1111 1000
1 0.788889 1185 838 1250 915
1 0.78862 2401 690 2505 785
1 0.788598 1530 615 1605 696
1 0.787631 996 1074 1050 1140
1 0.78733 1101 1209 1172 1280
1 0.787278 2145 940 2241 1038
1 0.786015 1318 389 1447 451
1 0.785696 1507 235 1575 294
1 0.785211 1720 828 1816 919
1 0.785137 965 757 1013 821
1 0.784855 2405 338 2555 421
1 0.782652 1183 1128 1252 1206
1 0.782489 1186 766 1253 843
1 0.780637 1633 1196 1736 1291
1 0.779127 947 1139 999 1210
1 0.77891 2380 267 2533 338
1 0.777411 948 1003 1000 1076
1 0.776912 2443 1071 2557 1179
1 0.774938 1516 353 1582 412
1 0.774699 1114 711 1191 786
1 0.772719 1962 513 2079 604
1 0.772008 2152 1030 2248 1143
1 0.771345 1504 181 1571 237
1 0.771185 995 1141 1050 1207
1 0.769333 1184 985 1251 1059
1 0.768914 2199 636 2313 729
1 0.767821 1054 862 1114 933
1 0.767062 967 694 1017 760
1 0.765347 1441 245 1510 307
1 0.762999 1760 334 1931 404
1 0.762972 1322 515 1449 585
1 0.762893 948 1076 1001 1140
1 0.761426 1903 705 1999 803
1 0.76026 1243 1209 1318 1292
1 0.759216 2431 412 2579 498
1 0.759053 1320 956 1462 1049
1 0.759044 1737 1183 1825 1266
1 0.757816 1318 331 1445 393
1 0.756662 2131 838 2235 946
1 0.756439 1066 607 1125 673
1 0.75504 1114 780 1188 852
3 0.755015 945 1279 992 1352
1 0.754494 1952 440 2063 519
1 0.754088 1062 669 1122 732
1 0.752876 1510 291 1577 354
1 0.75056 1260 373 1319 436
1 0.748477 1601 603 1705 685
1 0.74842 944 1210 995 1280
1 0.747937 1248 817 1320 899
1 0.747652 1580 325 1677 398
1 0.746267 1173 1209 1245 1283
1 0.745722 1505 133 1566 186
1 0.74493 1251 751 1322 826
1 0.742736 903 1079 952 1142
1 0.740786 905 1003 952 1078
3 0.740738 2447 1173 2551 1258
1 0.740281 2105 669 2212 753
1 0.739857 1038 1209 1102 1280
1 0.739745 964 815 1011 883
1 0.736207 2088 581 2201 675
1 0.734389 1058 731 1117 801
1 0.734114 1071 549 1129 608
1 0.734062 2155 93 2313 170
1 0.731168 1745 199 1903 271
1 0.730968 1058 798 1115 864
1 0.730934 2218 286 2391 370
1 0.723765 1445 558 1531 639
1 0.722342 1260 323 1320 377
1 0.721971 1001 415 1044 463
1 0.719434 952 943 1002 1005
1 0.717665 1753 271 1917 341
1 0.716568 2033 1148 2157 1258
1 0.71612 1588 397 1684 464
1 0.715801 1666 228 1752 301
1 0.714718 1444 193 1507 247
1 0.711927 1797 629 1936 723
1 0.704199 1076 492 1131 552
1 0.702576 975 633 1025 698
1 0.701864 2323 139 2480 207
1 0.701225 1460 941 1544 1031
1 0.699327 2118 746 2222 845
1 0.698831 2562 172 2685 239
1 0.696057 1932 362 2046 442
1 0.693749 1522 410 1590 474
1 0.693457 1118 641 1193 716
1 0.692147 1697 565 1794 654
1 0.687577 1317 650 1457 730
1 0.687213 1129 469 1203 529
1 0.687048 960 391 1009 445
1 0.684635 2303 73 2450 146
1 0.683823 924 703 972 762
1 0.682761 2354 203 2506 269
1 0.681462 1035 452 1084 501
1 0.681186 1189 696 1254 774
1 0.676278 998 935 1051 1001
1 0.676176 957 442 1002 488
1 0.672043 1921 298 2031 364
1 0.670079 1192 628 1257 702
1 0.668075 1894 165 1997 237
1 0.665974 1085 339 1147 391
1 0.663323 991 1209 1044 1280
1 0.663283 2185 546 2296 640
1 0.662889 1319 227 1445 282
1 0.662021 1250 978 1319 1056
1 0.661957 1193 562 1260 633
3 0.661827 900 1280 946 1351
1 0.661311 1317 725 1463 805
1 0.660275 1006 372 1047 418
1 0.659828 1670 297 1763 362
1 0.659402 937 595 983 651
1 0.658755 920 761 968 828
1 0.65413 914 886 963 950
1 0.65225 1021 615 1072 677
1 0.649565 1014 675 1065 736
1 0.647642 989 476 1034 522
1 0.6469 1595 529 1698 605
1 0.643365 2241 361 2414 442
1 0.642382 1040 405 1087 453
1 0.64211 908 950 955 1009
1 0.641035 919 825 967 888
1 0.64098 1528 540 1603 619
1 0.640315 2499 652 2655 754
1 0.637703 942 546 986 597
1 0.637425 1675 361 1768 424
1 0.636175 1199 506 1260 570
1 0.633788 2456 493 2599 575
1 0.633676 1003 866 1058 939
1 0.630462 1257 544 1321 609
1 0.629696 1251 673 1321 755
1 0.628275 2317 713 2414 811
1 0.627849 1738 1196 1824 1291
1 0.626044 1259 432 1320 490
1 0.620715 1248 893 1318 980
1 0.619924 1026 556 1076 616
1 0.616136 1009 736 1061 808
1 0.615888 2481 568 2621 660
1 0.61438 2363 990 2444 1094
1 0.613072 2178 167 2338 232
1 0.612515 1319 580 1450 655
1 0.60877 2530 109 2683 175
1 0.606225 1445 147 1506 200
1 0.605534 2058 418 2169 505
1 0.605347 1319 282 1444 338
1 0.605089 1080 441 1134 493
1 0.602919 1371 794 1464 879
1 0.601915 1590 465 1690 533
1 0.600341 1127 523 1198 585
1 0.598132 982 578 1028 640
1 0.597231 1244 1287 1318 1361
1 0.59482 1904 235 2011 303
1 0.594195 1259 488 1323 546
1 0.592512 1251 607 1322 675
1 0.590338 1335 872 1463 962
1 0.589482 1145 306 1209 358
1 0.586895 2199 222 2364 290
1 0.583267 1690 496 1784 570
1 0.58107 2522 745 2669 850
1 0.578666 1804 626 1981 714
1 0.572614 2074 502 2182 590
2 0.567554 2124 1262 2165 1312
1 0.5658 1829 1265 1954 1378
1 0.564917 1124 580 1195 652
2 0.561938 1101 1278 1167 1347
3 0.55883 1445 489 1530 558
1 0.553712 1030 499 1079 557
1 0.548776 1795 630 1900 719
1 0.546494 2613 305 2687 382
1 0.544526 986 525 1032 576
1 0.542213 948 488 993 538
1 0.541855 1684 426 1778 497
2 0.5348 2124 1309 2163 1357
1 0.534577 1132 410 1205 469
1 0.534308 2172 459 2269 548
1 0.527064 2592 237 2681 307
1 0.521689 1009 802 1061 867
1 0.518205 2001 190 2186 261
1 0.514774 2306 630 2397 725
3 0.509529 1633 1293 1736 1382
1 0.509485 1317 801 1414 885
1 0.502256 1388 871 1464 961
1 0.501735 1262 268 1320 324
