1 0.863967 903 1211 951 1280
1 0.860891 1825 985 1939 1087
1 0.859947 1999 772 2126 867
1 0.855091 2012 951 2144 1057
1 0.853371 1634 1107 1738 1205
1 0.84931 1829 1080 1943 1181
1 0.847502 1815 807 1923 903
1 0.846622 1800 637 1903 723
1 0.845499 1631 1021 1734 1114
1 0.844293 1732 1004 1827 1102
1 0.843791 1806 718 1912 810
1 0.842584 1940 1075 2025 1176
1 0.84147 2438 973 2548 1083
1 0.840363 2431 876 2539 978
1 0.838995 1450 638 1539 720
1 0.837961 2020 1049 2147 1164
1 0.83655 1737 1097 1830 1199
1 0.834908 1833 1175 1947 1269
1 0.834439 2032 1154 2152 1254
1 0.832011 1324 739 1399 819
1 0.83077 1182 911 1253 987
1 0.829243 1249 978 1325 1056
1 0.828065 1820 898 1933 992
1 0.827228 1107 1138 1181 1209
1 0.825287 1182 1060 1255 1135
1 0.824977 1251 1056 1328 1134
1 0.824026 1936 978 2019 1080
1 0.824002 1249 899 1325 979
1 0.822509 1320 888 1395 973
1 0.822017 1720 823 1819 919
1 0.819891 1181 1138 1253 1212
1 0.81799 1458 952 1548 1039
1 0.816917 1181 985 1253 1061
1 0.816813 1389 881 1457 966
1 0.816463 1725 913 1823 1005
1 0.81556 1391 962 1460 1049
1 0.815084 1109 992 1182 1065
1 0.813755 1251 1135 1326 1213
1 0.813489 1114 850 1186 924
1 0.81172 1323 811 1399 893
1 0.811691 1109 1065 1183 1138
1 0.809967 1462 1036 1553 1124
1 0.809268 1944 1170 2034 1263
1 0.808467 2241 1014 2365 1126
1 0.808414 1320 969 1396 1054
1 0.806083 2226 820 2345 925
1 0.805596 2418 783 2526 883
1 0.805484 1445 431 1528 500
1 0.805355 2441 1072 2551 1176
1 0.805219 1550 1029 1632 1119
1 0.803879 2134 847 2235 950
1 0.803614 1625 937 1729 1026
1 0.803524 1792 558 1893 641
1 0.803355 1456 869 1546 957
1 0.803304 1455 716 1543 799
1 0.803233 1925 891 2012 989
1 0.802329 1456 790 1545 877
1 0.801724 2234 919 2355 1021
1 0.798948 1119 718 1192 791
1 0.79611 904 1153 953 1209
1 0.795271 1323 1051 1400 1132
1 0.794901 2141 947 2239 1048
1 0.794461 1253 823 1328 903
1 0.790285 1977 598 2097 689
1 0.789376 1510 237 1578 295
1 0.788323 1534 621 1612 702
1 0.787662 1542 859 1623 943
3 0.787345 999 1286 1104 1377
1 0.786472 2200 640 2314 732
1 0.786331 1764 344 1855 416
1 0.786151 1774 410 1868 484
1 0.784551 2212 728 2331 828
1 0.783804 1117 788 1189 855
1 0.783288 1435 198 1511 258
1 0.782378 1260 373 1322 438
1 0.781666 1464 1120 1555 1206
1 0.781381 1712 741 1813 827
1 0.780458 1618 760 1716 854
1 0.778746 1047 1071 1109 1139
1 0.77753 1553 1115 1634 1203
1 0.777091 1390 455 1447 522
1 0.777069 2004 858 2138 964
1 0.776918 1695 517 1791 587
1 0.775984 1918 800 2009 894
1 0.775977 1954 444 2066 525
1 0.775445 1388 394 1444 458
1 0.774555 1622 852 1725 941
1 0.772949 1254 615 1323 690
1 0.77138 1441 308 1517 373
1 0.76851 1706 667 1806 748
1 0.767819 1103 1213 1174 1286
1 0.767348 906 1019 954 1084
1 0.767067 1990 683 2110 781
1 0.76657 1545 942 1627 1032
1 0.766556 1586 336 1676 393
1 0.76451 1395 1048 1463 1131
1 0.762913 1261 491 1323 559
1 0.761209 2408 334 2562 427
1 0.756694 1392 1213 1463 1305
1 0.75622 2381 268 2532 339
1 0.754236 962 880 1012 951
1 0.754106 1047 1143 1108 1210
1 0.753507 1044 999 1111 1070
1 0.752716 951 1014 1003 1080
1 0.752625 948 1212 1000 1281
1 0.751591 1590 393 1684 452
1 0.749507 914 883 967 955
1 0.749283 1702 582 1799 661
1 0.748088 953 1147 1003 1210
1 0.748037 966 819 1016 886
1 0.747288 1386 335 1440 399
1 0.74701 1438 252 1513 314
1 0.746037 1322 1132 1399 1212
1 0.745204 1123 651 1194 722
1 0.744634 924 769 971 829
1 0.744437 1593 453 1693 531
1 0.742956 1446 563 1534 645
1 0.742687 1611 676 1709 762
1 0.740572 1907 704 2000 804
1 0.740304 1755 278 1841 347
1 0.737585 1391 805 1459 885
1 0.736404 2401 691 2503 791
3 0.735902 1261 429 1322 497
3 0.733706 944 1282 999 1362
1 0.732291 2144 1039 2239 1155
1 0.73108 920 827 969 888
1 0.730524 999 1075 1050 1137
1 0.730354 1392 727 1457 812
1 0.728557 1688 435 1783 515
1 0.727725 1512 293 1581 349
1 0.726449 1395 1130 1463 1211
1 0.725242 1539 695 1617 775
1 0.724546 1897 624 1986 717
1 0.723978 1255 752 1327 829
1 0.722123 1264 271 1320 332
1 0.721991 906 1082 954 1144
1 0.721986 1966 518 2082 607
1 0.720195 1313 1216 1393 1303
1 0.719635 1032 497 1132 556
1 0.718395 991 478 1039 531
1 0.714844 952 1077 1003 1141
1 0.714716 1062 672 1126 736
1 0.714422 1258 553 1323 624
1 0.712809 969 757 1016 823
1 0.71198 1261 324 1322 381
1 0.710818 2122 758 2224 855
1 0.70737 1541 771 1623 860
1 0.70735 1875 474 1966 550
3 0.702209 1391 653 1453 732
1 0.701099 1509 135 1571 189
3 0.700593 1322 293 1386 360
1 0.700407 1509 185 1575 240
1 0.700186 908 954 956 1023
1 0.6986 954 949 1004 1016
1 0.698241 2127 328 2229 397
1 0.697977 1185 836 1256 917
1 0.696148 929 710 975 768
1 0.695566 1600 529 1702 608
1 0.693677 1605 604 1706 676
3 0.691617 1206 343 1262 402
1 0.690042 998 1142 1050 1211
3 0.686166 1145 315 1208 370
1 0.684704 1201 515 1261 578
1 0.684624 1204 456 1261 519
1 0.684035 2319 718 2417 810
1 0.683112 2328 144 2480 210
1 0.683067 1323 670 1395 747
1 0.681608 2436 414 2582 498
1 0.681277 2171 472 2269 551
1 0.681008 2183 548 2294 641
1 0.679306 958 443 1003 490
1 0.673263 1532 541 1607 623
1 0.673123 1046 935 1113 1002
1 0.672652 2305 624 2399 731
1 0.671479 1032 553 1131 612
1 0.670837 2348 894 2437 1003
1 0.670808 2560 176 2685 245
3 0.666665 1321 192 1389 249
1 0.666281 999 428 1047 484
1 0.665037 2244 383 2351 466
3 0.663152 1445 495 1532 569
1 0.662778 1008 380 1051 426
1 0.662446 1748 210 1830 282
1 0.658508 1863 400 1951 477
1 0.657526 2361 995 2443 1100
1 0.656918 1443 367 1523 435
1 0.656664 2358 204 2506 274
1 0.656062 1067 609 1130 675
3 0.654058 1390 1307 1462 1396
1 0.652281 2386 603 2492 699
1 0.650759 1895 163 1995 242
1 0.65019 1057 735 1121 811
1 0.649931 1254 683 1326 756
1 0.642813 2304 81 2455 152
2 0.6428 1637 1300 1742 1395
1 0.642593 2336 800 2430 904
3 0.640491 1388 585 1448 658
1 0.638839 972 698 1019 760
1 0.635828 2483 578 2622 673
1 0.634604 1387 180 1436 236
1 0.630858 1193 634 1258 710
3 0.626639 902 1281 948 1355
1 0.625715 2261 459 2358 548
1 0.625592 2293 284 2394 367
1 0.624269 1040 445 1137 500
1 0.623845 1937 366 2046 446
3 0.62351 1141 367 1205 425
1 0.623287 2370 513 2462 610
1 0.623268 2113 259 2215 329
1 0.623083 1464 1206 1553 1305
1 0.619927 1783 481 1882 561
1 0.61346 2463 492 2601 587
1 0.610186 1582 276 1670 335
1 0.604234 2500 661 2654 771
1 0.603835 2154 393 2252 475
1 0.600088 2096 194 2191 260
3 0.599575 1321 540 1390 612
1 0.599179 1242 1217 1314 1291
1 0.592668 1322 414 1389 481
1 0.592666 1743 1193 1832 1269
1 0.590757 1466 1206 1633 1304
1 0.590278 2106 671 2209 765
1 0.589288 2247 1115 2373 1206
1 0.587578 1046 398 1141 452
1 0.583043 1386 277 1438 339
3 0.582924 1208 293 1253 348
3 0.582837 1321 239 1386 304
1 0.581952 1000 1003 1049 1075
1 0.578243 972 353 1018 393
3 0.570017 1322 355 1387 418
1 0.566763 1052 871 1116 941
1 0.565204 1435 144 1509 206
1 0.560447 2227 94 2313 161
1 0.559226 987 527 1033 587
1 0.545804 1055 803 1119 873
1 0.54234 979 643 1027 700
1 0.538864 1634 1202 1744 1301
1 0.532391 1111 922 1183 995
1 0.531007 1923 301 2028 367
1 0.530473 2521 756 2671 860
1 0.529514 941 597 988 655
1 0.523235 945 545 988 600
1 0.521625 2498 57 2654 119
1 0.52151 1666 234 1757 298
1 0.521299 1173 1216 1243 1287
3 0.520093 1103 1284 1169 1371
1 0.519087 963 396 1011 446
1 0.514863 1547 1205 1633 1302
1 0.514454 1132 476 1200 533
3 0.513802 998 1213 1101 1285
1 0.507394 2152 117 2245 185
3 0.507198 1205 399 1260 460
1 0.502655 2286 541 2382 637
1 0.502598 1197 569 1259 642
1 0.500695 1320 604 1392 678
