1 0.87373 1826 983 1938 1089
1 0.866633 1635 1105 1740 1201
1 0.860223 1737 1098 1831 1199
1 0.852181 2015 957 2144 1060
1 0.849208 1830 1080 1942 1188
1 0.846053 1816 807 1923 899
1 0.844063 1999 769 2126 865
1 0.8433 2025 1050 2150 1163
1 0.840918 2032 1151 2153 1260
1 0.840066 1808 716 1914 812
1 0.83962 1634 1020 1734 1111
1 0.838572 1938 1169 2034 1269
1 0.837639 1181 1138 1254 1213
1 0.835729 1733 1000 1829 1103
1 0.83416 1836 1180 1941 1273
1 0.833556 1107 1136 1181 1209
1 0.832949 1801 638 1905 720
2 0.831698 1633 1203 1753 1408
1 0.831288 1389 1213 1462 1305
1 0.830265 1458 951 1551 1043
1 0.829424 1791 556 1896 642
1 0.828924 1933 977 2024 1080
1 0.828454 1252 1136 1328 1215
1 0.828358 1939 1074 2030 1179
1 0.827745 1102 1212 1176 1287
1 0.826953 1624 931 1730 1024
1 0.825471 1821 894 1931 989
1 0.82304 1252 1058 1329 1136
1 0.822167 1721 827 1820 921
1 0.821308 1246 1217 1320 1293
1 0.820188 1108 1066 1184 1136
1 0.820091 2229 819 2345 923
1 0.818328 1535 623 1608 705
3 0.816302 1323 536 1389 609
1 0.815839 1183 988 1252 1063
1 0.815759 1727 913 1824 1009
1 0.815424 1185 915 1252 990
1 0.815092 1319 891 1395 977
1 0.814812 1456 869 1549 960
1 0.814776 1184 1063 1255 1137
1 0.814112 2431 878 2539 982
1 0.814058 1174 1216 1247 1288
1 0.813802 2438 974 2552 1089
1 0.813432 1978 594 2099 689
1 0.813011 1108 992 1183 1066
1 0.812824 1114 857 1187 925
1 0.812711 2206 642 2318 734
1 0.812545 1457 794 1546 878
1 0.81048 1917 803 2010 895
1 0.80987 1990 682 2112 778
1 0.809676 2216 728 2332 828
1 0.809501 2121 752 2225 852
1 0.807823 1390 883 1457 968
1 0.806097 1390 963 1459 1051
1 0.805785 2443 1115 2556 1187
1 0.805654 1247 905 1324 985
1 0.804883 1249 981 1325 1060
1 0.80374 1317 1216 1391 1301
1 0.803148 1455 717 1543 801
1 0.799663 1322 812 1398 895
1 0.799365 1923 894 2015 985
1 0.798848 1324 741 1398 820
3 0.797578 2443 1178 2546 1263
1 0.796901 2417 783 2527 883
1 0.795871 1764 343 1856 413
1 0.795482 1320 972 1395 1055
1 0.793754 1624 847 1727 934
1 0.793523 1324 1051 1398 1133
1 0.79288 1253 826 1326 911
1 0.791163 1460 1036 1555 1124
3 0.790416 1446 495 1532 568
1 0.789792 2106 664 2213 760
1 0.789449 1783 479 1883 562
3 0.788453 1387 582 1449 659
1 0.787327 1046 998 1110 1068
1 0.785351 1963 513 2086 604
1 0.785328 1714 749 1813 833
1 0.783393 1774 409 1869 483
1 0.7826 934 651 983 713
1 0.779987 1120 721 1192 792
1 0.774888 1118 789 1189 861
1 0.774207 1048 934 1112 1001
1 0.774035 1393 1049 1461 1131
1 0.773344 1909 706 2003 807
1 0.772769 1547 857 1624 943
1 0.771949 2384 604 2493 699
1 0.771868 2361 1099 2445 1198
3 0.770301 1389 1306 1461 1411
1 0.77004 2404 691 2507 792
1 0.769541 1324 1133 1397 1214
1 0.768992 1755 277 1843 346
1 0.767965 1553 1027 1631 1113
1 0.766195 1750 211 1834 280
1 0.7656 2135 843 2237 954
1 0.764667 2414 339 2560 423
1 0.764413 2247 1013 2361 1126
1 0.762517 1186 835 1257 920
1 0.762273 2006 856 2138 966
3 0.761447 1387 516 1449 588
1 0.761349 1450 640 1539 721
1 0.761023 1707 665 1808 752
1 0.760535 1047 1132 1108 1207
1 0.760364 1532 545 1604 625
1 0.758742 1509 135 1570 190
1 0.757175 1443 367 1523 435
2 0.75637 1848 1270 1937 1386
1 0.756274 2443 1072 2557 1128
1 0.754205 2142 942 2243 1046
1 0.753324 2438 413 2588 497
1 0.751203 2383 267 2533 343
1 0.74492 2093 578 2204 673
1 0.744833 1447 563 1535 646
1 0.74141 2486 581 2629 677
3 0.741271 1391 653 1453 732
1 0.740315 1064 675 1123 737
1 0.740082 1518 357 1588 422
1 0.737559 2249 1115 2361 1212
1 0.735778 1955 440 2069 521
1 0.734205 2309 80 2457 152
3 0.732792 1201 343 1251 404
3 0.732247 1198 509 1260 577
1 0.732161 1894 159 1996 235
1 0.731741 1068 610 1126 678
1 0.731447 1056 865 1117 937
1 0.731114 1701 577 1800 662
1 0.729554 1539 699 1614 766
1 0.729299 1061 733 1121 806
1 0.72738 1617 762 1719 851
1 0.727031 1254 614 1325 690
3 0.726995 1202 399 1258 462
1 0.726881 927 711 973 763
1 0.726299 968 751 1016 823
2 0.725157 1172 1286 1243 1358
1 0.723986 2189 551 2300 649
1 0.720495 2235 92 2322 167
1 0.719187 2358 207 2507 274
1 0.718925 962 875 1012 950
1 0.717239 1900 629 1988 712
1 0.715839 1392 802 1459 887
1 0.715198 993 476 1040 524
1 0.714948 1599 530 1701 606
1 0.714935 1392 727 1457 811
1 0.713323 1073 550 1129 612
1 0.712468 1515 290 1580 352
1 0.711079 958 441 1004 491
3 0.708792 1202 454 1259 516
1 0.708747 2358 998 2445 1111
1 0.706418 1060 802 1119 870
1 0.704156 1595 456 1695 534
3 0.702456 1324 674 1392 750
1 0.702377 941 594 989 654
1 0.702067 1394 1129 1461 1212
1 0.699978 967 819 1015 880
3 0.693456 1103 1285 1171 1370
1 0.687792 2174 472 2276 555
1 0.687638 1255 754 1327 833
1 0.68749 1384 334 1439 397
1 0.686613 2063 424 2169 509
1 0.68477 2333 146 2484 212
1 0.68363 2323 715 2418 815
1 0.680951 1254 684 1325 760
1 0.67952 1668 239 1757 300
1 0.679094 1603 604 1706 681
1 0.67905 1446 431 1529 498
1 0.67701 1691 499 1791 577
1 0.676114 1461 1118 1555 1203
3 0.675554 1140 309 1204 367
1 0.673754 1324 293 1389 358
3 0.671916 1387 393 1443 456
1 0.671176 1258 373 1325 436
1 0.670398 1512 237 1577 294
1 0.663952 2347 444 2442 521
1 0.662826 2113 255 2217 327
1 0.661993 2157 114 2249 186
1 0.658947 914 883 967 955
1 0.657012 904 1006 955 1082
1 0.656623 1257 548 1324 620
1 0.65506 952 1009 1003 1079
3 0.652702 1196 567 1258 641
1 0.652657 2243 915 2355 1020
1 0.650932 1027 562 1078 625
1 0.649826 1934 362 2049 441
1 0.64956 1076 493 1131 554
1 0.649406 1524 420 1593 483
1 0.648185 1004 423 1050 478
1 0.647614 1543 778 1621 860
1 0.645391 1009 375 1052 428
1 0.645063 2503 663 2654 761
3 0.640243 1202 292 1249 348
1 0.638101 1130 472 1198 533
1 0.637999 1528 479 1596 545
2 0.636234 2125 1313 2177 1381
1 0.634235 2367 515 2465 607
1 0.634202 1325 349 1388 416
1 0.633858 1390 454 1448 520
1 0.632443 1041 1209 1106 1287
1 0.632326 1555 1109 1632 1201
1 0.632297 1006 865 1059 941
1 0.629773 954 948 1004 1012
1 0.629172 971 696 1019 757
1 0.628742 999 1000 1050 1074
1 0.62771 1123 650 1194 722
1 0.627422 2462 491 2614 590
3 0.625863 1254 273 1322 326
1 0.625232 2330 362 2426 450
1 0.61812 2162 391 2256 476
1 0.617875 2080 504 2183 588
1 0.615415 922 765 969 829
2 0.61327 1936 1267 2041 1382
1 0.612006 1031 505 1078 561
2 0.611513 2353 1191 2444 1288
1 0.610458 1548 939 1628 1032
1 0.609242 2520 752 2673 856
1 0.608658 952 1076 1003 1137
1 0.604872 1040 453 1086 508
1 0.604086 987 581 1030 644
1 0.600971 2339 804 2426 907
3 0.600783 2501 53 2656 116
1 0.597331 902 1081 955 1142
3 0.597102 1259 490 1327 556
1 0.594914 998 1073 1051 1137
2 0.592871 1751 1202 1851 1402
1 0.592003 1018 681 1067 740
1 0.590858 1013 740 1063 812
1 0.587437 1678 363 1772 427
1 0.58732 997 1136 1051 1207
1 0.584798 2254 161 2342 221
1 0.583772 978 641 1028 699
1 0.580395 951 489 996 537
1 0.577716 987 543 1031 591
1 0.577586 1924 297 2035 363
1 0.573869 1130 528 1196 585
1 0.573677 989 523 1033 582
1 0.573132 2295 285 2393 367
2 0.569169 2046 1325 2127 1383
1 0.568984 1510 185 1574 240
3 0.567644 1316 1304 1387 1404
1 0.566637 2350 901 2436 1006
1 0.564222 1047 1068 1110 1134
1 0.562127 2246 380 2347 463
1 0.558638 953 1136 1004 1206
3 0.556177 1322 604 1390 679
1 0.556122 1110 923 1184 995
1 0.555956 1908 232 2015 299
1 0.554057 1990 142 2088 220
1 0.550586 1686 430 1782 499
1 0.547689 965 392 1012 443
3 0.546198 1320 190 1392 244
1 0.534834 2224 315 2318 386
1 0.533824 1611 691 1711 766
1 0.531571 1059 443 1133 500
1 0.530506 900 1139 953 1208
1 0.529155 1463 1206 1555 1304
1 0.527075 1194 633 1257 711
1 0.526604 1440 306 1516 373
1 0.526483 2132 325 2230 396
2 0.52397 2256 1204 2357 1295
1 0.521812 1671 299 1763 361
1 0.521263 1324 673 1395 749
1 0.517529 1023 620 1073 685
1 0.512498 2149 1031 2240 1150
3 0.511969 1139 362 1203 422
3 0.509926 1191 706 1256 783
1 0.509166 1390 181 1436 234
1 0.500685 1011 805 1062 871
