1 0.874442 991 1208 1101 1281
1 0.850149 2023 1048 2146 1158
1 0.848186 1814 802 1923 900
1 0.845955 1825 982 1937 1087
1 0.844459 1832 1175 1946 1268
1 0.842863 1819 893 1930 992
1 0.841754 2429 874 2539 977
1 0.839152 1633 1105 1734 1202
1 0.838347 1546 1201 1635 1302
1 0.837246 2439 970 2552 1078
1 0.836264 1735 1093 1828 1196
1 0.835061 2012 949 2143 1057
3 0.830971 991 1278 1101 1344
1 0.830669 1828 1080 1942 1180
1 0.828292 1730 1001 1827 1101
1 0.828215 1458 710 1543 790
1 0.826276 993 1128 1105 1205
1 0.823895 1321 665 1391 742
1 0.821989 1988 678 2113 781
1 0.8206 1807 711 1911 808
1 0.819889 1940 1074 2027 1174
1 0.819015 1461 780 1545 868
1 0.817204 1460 863 1543 952
1 0.817179 1834 1265 1950 1376
1 0.816582 2228 816 2346 921
1 0.816436 1249 749 1324 831
1 0.816325 1447 557 1532 638
1 0.816258 1724 905 1823 1008
1 0.815443 1446 427 1528 493
1 0.813933 1462 1031 1548 1120
1 0.81379 2237 912 2359 1018
1 0.812915 1548 1112 1634 1199
1 0.812509 1546 1023 1631 1116
1 0.812115 1323 464 1393 532
1 0.811644 1463 1116 1549 1200
1 0.810229 1461 947 1544 1037
1 0.809695 1462 1202 1547 1300
1 0.808609 1321 734 1394 816
1 0.808237 1635 1200 1736 1304
1 0.806909 1447 367 1524 429
1 0.806302 1630 1017 1732 1113
1 0.805237 2403 689 2508 788
1 0.804782 2200 637 2317 731
1 0.804018 1790 548 1890 638
1 0.803779 1718 818 1819 910
1 0.802681 1916 800 2006 893
1 0.801297 1323 405 1392 466
1 0.801294 2000 769 2126 865
1 0.80039 900 1210 946 1281
1 0.800326 1546 1301 1634 1389
1 0.799365 2417 781 2528 878
1 0.798729 1799 631 1900 720
1 0.798712 1252 1053 1323 1130
1 0.797265 2242 1015 2368 1127
1 0.796886 1946 1166 2039 1264
1 0.796832 1978 593 2098 687
1 0.796415 1446 309 1519 368
1 0.795628 1248 823 1323 905
1 0.795107 942 1210 994 1281
1 0.794878 1934 977 2019 1081
1 0.793601 1540 767 1622 857
1 0.792471 1452 636 1538 715
1 0.79227 1252 1128 1323 1211
1 0.79181 1924 887 2009 984
1 0.790962 1261 365 1324 430
1 0.787468 1322 808 1394 890
1 0.7874 1245 1211 1322 1291
1 0.787123 1906 706 2001 805
1 0.782787 2359 206 2514 274
1 0.782743 2383 271 2544 341
1 0.782139 1390 798 1465 882
3 0.781846 942 1280 994 1350
1 0.781545 2182 547 2297 640
1 0.779488 2212 725 2330 826
1 0.778024 1893 626 1986 714
1 0.777905 1390 1042 1463 1125
1 0.774684 1533 621 1606 699
1 0.774277 1539 854 1624 941
1 0.774066 1320 1048 1393 1128
1 0.772273 2387 599 2493 694
1 0.771513 1258 485 1326 552
1 0.771506 1707 665 1807 756
1 0.771322 2135 842 2236 949
1 0.769491 1385 271 1450 325
1 0.767913 1389 874 1464 960
1 0.767782 1385 327 1450 381
1 0.767626 1260 426 1325 488
1 0.766412 1322 591 1389 671
1 0.76638 1511 234 1577 288
1 0.764669 1251 611 1324 685
1 0.760963 1390 444 1452 513
1 0.760619 1541 941 1627 1028
1 0.759694 1507 180 1577 236
1 0.759316 1537 693 1615 770
1 0.758829 1713 751 1812 826
1 0.758669 2335 139 2487 210
1 0.758565 2485 578 2634 665
1 0.757279 1322 885 1394 965
1 0.757023 2005 851 2138 962
1 0.756317 1608 675 1710 764
1 0.755731 2033 1151 2150 1255
1 0.754126 1959 440 2066 522
1 0.753576 1391 720 1465 803
1 0.753381 2567 173 2687 243
1 0.753255 2122 754 2224 851
1 0.752468 1003 415 1048 470
1 0.750079 961 387 1010 440
1 0.749803 1109 847 1185 925
1 0.747772 2442 1071 2558 1179
1 0.747499 1099 1208 1170 1283
1 0.744384 2337 802 2428 911
1 0.742536 1389 955 1463 1045
1 0.74144 1885 543 1978 629
1 0.741186 1323 1209 1461 1299
1 0.740678 1783 474 1877 552
1 0.740436 2145 1038 2242 1147
1 0.739375 1323 958 1392 1048
1 0.737171 1873 466 1967 551
1 0.737094 1599 602 1705 679
1 0.736995 2503 658 2658 762
1 0.736417 2141 940 2240 1049
1 0.733757 1250 679 1323 761
1 0.733694 2320 711 2420 811
1 0.733043 2411 340 2562 413
1 0.732918 2440 408 2588 490
1 0.73135 1388 386 1452 447
1 0.728103 932 646 980 707
1 0.725296 2470 492 2611 580
1 0.72399 1323 527 1391 593
1 0.723885 1104 1129 1254 1210
1 0.723063 1183 840 1249 918
1 0.721203 1701 579 1799 664
1 0.720805 1935 363 2049 442
1 0.719448 2535 113 2679 179
1 0.718973 1923 297 2033 368
1 0.718969 1321 344 1390 409
1 0.718225 1896 157 1997 235
1 0.716499 1619 761 1718 852
1 0.715913 947 1131 998 1208
1 0.71589 1738 1190 1830 1278
1 0.715841 1446 491 1531 560
1 0.714677 1186 769 1250 847
1 0.714171 2230 92 2327 165
1 0.713433 2597 240 2687 313
1 0.711361 1623 935 1728 1023
1 0.710251 2519 752 2678 848
1 0.710121 958 438 1003 488
1 0.709013 1386 574 1454 653
1 0.704797 1687 432 1783 512
1 0.704714 1446 192 1510 251
1 0.704022 1008 370 1051 422
1 0.703632 1183 912 1248 988
1 0.703507 2371 520 2471 604
1 0.701644 2503 53 2661 118
1 0.701437 1907 230 2015 301
1 0.700185 901 1128 952 1207
1 0.699843 1169 1209 1247 1286
1 0.699472 997 988 1107 1067
1 0.699388 1244 1287 1322 1362
1 0.699087 1319 1124 1395 1208
1 0.698947 959 879 1008 945
1 0.697332 1117 630 1251 703
1 0.695022 1595 526 1701 607
1 0.693415 1106 921 1183 992
1 0.693137 1968 514 2084 601
1 0.692863 1446 250 1515 309
1 0.692631 1529 539 1601 624
1 0.689546 1388 170 1447 223
1 0.688255 1112 780 1188 852
1 0.686965 1386 218 1449 273
1 0.686633 2315 79 2461 146
1 0.686325 966 753 1014 821
1 0.68608 1262 312 1322 373
1 0.684613 2620 310 2688 387
1 0.684023 999 931 1108 996
1 0.682711 2536 842 2687 946
1 0.682195 2090 580 2197 673
1 0.68201 2250 162 2346 226
1 0.679969 2107 666 2212 755
1 0.678817 1254 550 1324 617
1 0.676468 1951 1259 2046 1341
1 0.675405 1667 221 1757 296
1 0.672856 1248 897 1324 984
1 0.671169 1106 1060 1256 1133
1 0.668669 993 468 1040 517
1 0.66776 950 997 1001 1074
1 0.666973 1052 860 1111 933
1 0.665669 1057 798 1115 864
1 0.662909 1696 511 1793 585
1 0.660972 968 342 1015 391
1 0.659921 968 692 1018 758
1 0.656138 2171 465 2273 550
1 0.652883 1320 235 1387 292
1 0.650822 1763 338 1853 409
1 0.648808 1749 208 1834 279
1 0.648067 1142 355 1211 410
1 0.646823 1320 290 1387 348
1 0.646768 2267 457 2360 541
1 0.645351 1266 263 1320 323
1 0.644955 1393 1121 1463 1204
1 0.644093 1058 735 1116 801
1 0.643407 1774 403 1865 478
3 0.643212 2444 1182 2552 1261
1 0.638704 2042 348 2149 424
1 0.638064 1461 1299 1546 1386
1 0.634177 1677 360 1773 430
1 0.630754 2059 424 2163 505
1 0.62866 1146 304 1217 357
3 0.627926 1739 1299 1829 1381
1 0.626629 949 1073 1000 1133
1 0.62573 1185 984 1251 1063
1 0.62472 924 704 971 763
1 0.621661 920 760 967 826
1 0.620135 1249 968 1325 1058
1 0.616878 2043 1254 2131 1325
1 0.615217 1040 450 1106 503
1 0.614797 1026 550 1127 610
1 0.613405 964 816 1011 881
1 0.613052 1508 131 1573 183
1 0.609261 1622 856 1726 941
1 0.607151 1057 673 1120 738
1 0.604533 1106 987 1183 1064
1 0.603546 1513 287 1578 344
1 0.602611 1518 350 1581 412
1 0.600274 2308 628 2402 716
1 0.599663 1862 396 1951 470
1 0.599519 1180 1061 1257 1133
3 0.595098 902 1280 945 1349
1 0.593213 1590 454 1695 527
1 0.592625 1042 496 1133 552
1 0.590673 2074 501 2186 586
1 0.586531 1028 607 1124 674
1 0.586334 1113 698 1251 781
1 0.585551 904 1006 953 1079
1 0.58263 2236 224 2365 297
1 0.580504 1755 275 1844 344
1 0.576961 2028 274 2129 350
1 0.571237 1010 738 1061 808
1 0.560564 936 593 983 651
1 0.560162 950 488 995 542
1 0.560062 1001 869 1069 936
1 0.556058 996 1067 1107 1130
1 0.555976 902 1078 952 1133
1 0.552692 2323 359 2427 439
1 0.548439 919 824 966 888
1 0.548044 1136 405 1208 459
1 0.547279 1211 337 1263 394
1 0.546676 1323 181 1390 241
1 0.542006 1052 442 1137 496
1 0.538486 915 883 963 951
1 0.534542 953 942 1002 998
1 0.533782 2242 380 2340 465
1 0.533631 1528 475 1592 540
1 0.529195 2349 440 2449 524
1 0.527167 1131 515 1255 575
3 0.526055 1325 1298 1458 1395
1 0.522148 2160 118 2246 183
1 0.513848 1015 677 1062 743
1 0.510675 1387 509 1451 582
1 0.509295 1045 398 1131 450
1 0.507997 2131 319 2230 391
1 0.50688 976 628 1026 695
1 0.506448 1221 281 1266 339
1 0.504094 2153 385 2258 469
1 0.50253 1069 495 1133 551
1 0.500114 1208 392 1261 451
