1 0.866596 2011 948 2144 1054
1 0.846406 1826 1075 1940 1178
1 0.845729 1822 982 1933 1080
1 0.843113 2431 873 2539 978
1 0.842889 1633 1099 1732 1200
1 0.841672 1631 1007 1729 1104
1 0.839884 2020 1044 2148 1163
1 0.835456 1832 1172 1947 1268
1 0.833871 1811 802 1919 895
1 0.830057 1322 667 1393 744
1 0.829233 2414 777 2526 880
1 0.82852 1728 997 1826 1098
1 0.828336 1623 926 1725 1014
1 0.82811 1816 889 1925 988
1 0.828044 1392 723 1453 808
1 0.827321 1723 909 1820 1002
1 0.826585 2235 911 2357 1014
1 0.825689 1806 710 1910 806
1 0.825593 1537 850 1621 943
1 0.825085 1998 769 2125 866
1 0.822634 1549 1198 1632 1298
1 0.822509 2441 972 2548 1076
1 0.819263 1389 651 1450 728
1 0.818741 1615 755 1715 849
1 0.818649 900 1208 947 1281
1 0.816866 1317 889 1394 971
1 0.81572 1390 1207 1460 1295
1 0.815596 1608 681 1709 757
1 0.815172 1733 1094 1827 1197
1 0.815088 2241 1010 2368 1130
1 0.815054 1990 677 2110 776
1 0.814251 1259 368 1323 433
1 0.813908 1258 488 1325 551
1 0.813215 1443 427 1526 495
1 0.812827 1321 1047 1399 1127
1 0.811838 2400 685 2501 783
1 0.810834 1447 637 1534 718
1 0.810803 2003 856 2137 958
1 0.810769 1249 1050 1326 1128
1 0.810572 1316 968 1396 1049
3 0.810243 993 1280 1103 1372
1 0.808925 1323 736 1396 816
1 0.808874 2405 336 2555 418
1 0.807973 1319 1210 1391 1293
1 0.807883 1255 544 1324 619
1 0.806464 1620 845 1720 929
1 0.805888 1456 950 1542 1038
1 0.804586 1974 594 2095 686
1 0.803855 1546 1022 1630 1113
1 0.803836 1320 594 1390 673
1 0.80336 1322 462 1390 531
1 0.803154 1385 389 1445 452
1 0.801709 1321 809 1395 893
1 0.800381 1251 749 1327 827
1 0.800319 1934 1067 2030 1174
1 0.800257 1460 1200 1550 1297
1 0.79953 1941 1166 2045 1264
1 0.798483 1252 609 1323 686
1 0.797926 1531 617 1606 698
1 0.796739 1383 326 1443 391
1 0.796059 1247 1127 1324 1208
1 0.795484 1705 648 1803 738
1 0.795166 1173 1210 1243 1282
1 0.794195 1459 1115 1551 1203
1 0.794045 1248 820 1324 903
1 0.793438 1243 1211 1320 1287
1 0.792743 1108 990 1181 1065
1 0.792299 1919 883 2009 981
1 0.79211 1387 581 1447 658
1 0.792017 1540 938 1624 1029
1 0.791553 1457 1034 1547 1123
1 0.785301 1444 558 1530 641
1 0.78513 2433 411 2579 499
1 0.785074 1391 801 1453 887
1 0.785072 1391 881 1453 966
1 0.785016 1535 692 1612 768
1 0.784706 1321 1127 1398 1208
1 0.784188 1394 1045 1456 1128
1 0.783997 1537 763 1617 856
1 0.783566 1392 960 1455 1046
1 0.783523 1507 234 1575 292
1 0.783475 1445 194 1508 251
1 0.783326 1712 734 1812 829
1 0.782608 1454 785 1540 872
1 0.782323 931 648 980 708
1 0.781798 1912 798 2005 888
1 0.781189 1110 921 1181 994
1 0.780812 2130 845 2234 948
1 0.779462 1549 1105 1632 1198
1 0.779455 1381 271 1446 329
1 0.779287 1380 217 1448 280
1 0.778706 1453 865 1541 955
1 0.778066 1633 1199 1735 1299
1 0.777658 2306 76 2455 146
1 0.776763 1113 849 1183 925
1 0.775254 1115 713 1186 786
1 0.774858 1389 448 1447 515
1 0.773575 1251 679 1326 756
1 0.773456 1453 712 1537 793
1 0.773146 1258 429 1324 491
1 0.77277 1962 511 2083 603
1 0.772589 1114 783 1185 852
1 0.768918 1105 1133 1178 1206
1 0.76819 1045 1068 1109 1135
1 0.767541 1190 632 1253 706
1 0.76734 959 880 1008 947
1 0.767263 1511 289 1577 354
1 0.765767 944 1208 994 1283
1 0.763197 1318 287 1384 348
1 0.762834 1248 974 1323 1053
1 0.762517 1320 343 1386 409
1 0.75758 2224 813 2343 919
1 0.757273 1247 898 1321 977
1 0.756856 2327 141 2476 206
1 0.756517 2199 636 2310 729
1 0.754807 1259 315 1322 376
1 0.754261 1798 631 1902 721
1 0.753929 2209 721 2326 820
1 0.75358 1718 828 1816 919
1 0.752489 1261 265 1320 324
1 0.752394 2381 267 2530 339
1 0.752125 1907 705 1999 803
1 0.751813 1736 1190 1828 1272
1 0.750479 2104 666 2213 762
1 0.746614 1929 975 2022 1075
1 0.746505 1517 352 1582 414
1 0.746264 2478 570 2627 662
1 0.744463 1504 179 1571 237
1 0.742261 1604 601 1705 685
1 0.741187 2141 938 2240 1037
1 0.739202 1441 364 1521 431
1 0.737757 1443 245 1511 307
1 0.736488 1034 452 1082 504
1 0.736424 1383 169 1448 225
1 0.735484 1322 404 1388 468
1 0.735251 1395 1125 1459 1206
1 0.733834 1193 564 1258 637
1 0.732632 1189 700 1252 771
1 0.730891 1836 1266 1953 1372
1 0.729508 2454 492 2603 574
1 0.729223 964 817 1011 885
1 0.727241 1445 145 1507 202
1 0.72445 1100 1209 1173 1282
1 0.72442 935 594 982 653
1 0.723708 1119 646 1190 717
1 0.720917 1044 1134 1107 1205
1 0.720732 1030 997 1108 1069
1 0.720673 912 885 963 953
1 0.720316 2145 1024 2243 1146
1 0.719549 967 692 1017 758
1 0.718443 960 387 1008 441
1 0.717339 1177 1129 1249 1208
1 0.715337 1182 1055 1252 1130
1 0.710938 2492 654 2653 767
1 0.710133 1077 491 1130 554
1 0.709891 1389 511 1447 587
1 0.707367 966 753 1012 823
1 0.707184 946 1131 997 1209
1 0.704474 2353 204 2503 271
1 0.702899 1698 574 1796 655
1 0.701924 2386 597 2488 691
1 0.7016 903 1011 951 1083
1 0.699499 1952 439 2065 520
1 0.699051 948 999 998 1075
1 0.698232 2178 161 2336 226
1 0.698031 1108 1062 1182 1133
1 0.697153 1182 978 1250 1058
1 0.694639 2156 96 2316 162
1 0.693699 899 1129 950 1206
1 0.693179 2117 756 2220 853
1 0.692473 2219 288 2389 372
1 0.690457 2529 111 2675 173
1 0.689282 1505 129 1567 185
1 0.686722 1131 406 1201 467
3 0.685931 946 1282 996 1363
1 0.68544 1143 307 1206 358
1 0.683303 917 825 967 889
1 0.683186 1183 906 1248 982
1 0.681257 2038 1151 2152 1259
1 0.680308 2495 52 2652 114
1 0.67902 1079 438 1132 493
1 0.675399 2561 169 2685 240
1 0.67495 1089 336 1146 392
1 0.673773 2183 542 2297 641
1 0.668875 1000 414 1044 462
1 0.666545 906 949 954 1018
1 0.664821 2076 127 2170 192
1 0.663661 1260 217 1318 280
1 0.663282 955 440 1001 489
1 0.663011 2091 191 2185 257
1 0.662392 1529 540 1601 619
1 0.662216 919 758 967 826
1 0.661994 924 704 970 763
1 0.661889 1000 995 1108 1069
1 0.661866 1184 832 1250 909
1 0.661472 1002 929 1111 999
1 0.657658 1137 355 1204 410
1 0.653692 1039 405 1087 454
1 0.652824 1047 862 1114 934
1 0.652672 1789 540 1897 636
1 0.649543 945 488 991 542
1 0.649525 948 1073 999 1134
1 0.647731 1010 798 1116 866
1 0.646938 991 1209 1104 1283
1 0.644625 1012 734 1117 806
1 0.644361 967 339 1014 391
1 0.643206 2595 236 2687 309
1 0.643007 1202 453 1258 513
1 0.641727 1318 231 1384 292
1 0.639927 1202 396 1259 453
1 0.638969 938 538 985 600
1 0.637398 2364 988 2445 1087
1 0.636312 1005 368 1048 421
2 0.633716 1953 1324 2056 1384
1 0.627079 952 942 1001 1003
1 0.625709 1317 1293 1389 1387
2 0.622589 1951 1260 2054 1327
1 0.620617 1073 549 1127 612
1 0.618852 1058 668 1122 736
1 0.617406 2443 1070 2546 1146
1 0.616166 1203 339 1260 397
1 0.615077 975 622 1026 698
1 0.614011 994 1071 1048 1133
1 0.613624 1758 341 1848 410
1 0.612282 1933 363 2048 443
1 0.61178 1129 463 1199 527
1 0.606784 1243 1285 1317 1371
1 0.598871 1893 158 1995 234
3 0.596963 2445 1190 2523 1252
1 0.59582 2198 223 2357 299
1 0.589288 1899 623 1983 714
1 0.584689 1058 609 1125 675
1 0.578058 2640 46 2688 109
1 0.577408 2373 514 2463 602
3 0.576552 1739 1284 1834 1377
1 0.573891 1924 299 2032 367
1 0.573777 1441 303 1516 369
1 0.570175 1083 386 1139 441
1 0.570106 1026 555 1076 618
1 0.568868 1523 410 1589 475
1 0.568566 1321 524 1391 600
1 0.565693 1192 505 1258 570
1 0.563024 1788 541 1942 637
1 0.56063 1987 144 2083 214
1 0.560105 1041 359 1091 410
1 0.558399 1664 227 1752 297
2 0.55761 1633 1294 1737 1380
1 0.555824 1860 396 1945 471
1 0.555566 1052 735 1118 807
1 0.552727 1173 1278 1242 1355
1 0.552361 1128 522 1196 583
1 0.551707 1029 499 1078 559
1 0.551649 990 474 1033 522
1 0.54652 2089 582 2199 672
1 0.542574 1904 230 2010 301
1 0.541706 2351 892 2439 1000
1 0.540738 1867 466 1959 546
3 0.537248 1387 1295 1459 1393
1 0.534632 1021 611 1102 677
1 0.534501 1744 196 1901 279
1 0.530893 1204 288 1259 345
1 0.528627 1772 403 1860 479
1 0.522643 2202 93 2317 165
1 0.519987 900 1080 953 1186
1 0.517153 2168 460 2274 547
1 0.514182 1782 469 1873 548
3 0.513157 901 1280 946 1352
1 0.511019 2477 6 2629 57
1 0.508703 986 522 1030 580
1 0.503887 1126 577 1194 648
