1 0.846869 2013 948 2143 1055
1 0.84501 1825 982 1939 1084
1 0.843969 2431 874 2537 977
1 0.841842 1826 1171 1946 1265
1 0.839486 901 1206 946 1277
1 0.837691 1814 798 1924 898
1 0.83417 2020 1047 2146 1159
1 0.83123 1827 1075 1943 1177
1 0.825791 1820 890 1932 989
1 0.8234 1636 1103 1736 1203
1 0.82318 1549 1198 1636 1298
1 0.821874 1545 1020 1632 1111
1 0.821648 1249 750 1325 832
1 0.821166 1808 709 1913 805
1 0.820763 1731 997 1826 1098
1 0.820646 1170 1211 1245 1280
1 0.818058 1389 718 1463 806
1 0.818003 1548 1107 1635 1197
1 0.816809 1249 1129 1323 1210
1 0.816033 1110 844 1184 922
1 0.816021 1735 1093 1825 1197
1 0.815275 1182 910 1249 985
1 0.814902 1321 662 1389 739
1 0.814695 1460 784 1542 869
1 0.811425 2235 912 2357 1014
1 0.810638 1247 823 1323 902
1 0.810196 1446 365 1525 428
1 0.810118 1321 728 1392 812
1 0.809022 1451 633 1535 715
1 0.808849 1465 1113 1551 1200
1 0.808791 1107 919 1182 991
1 0.808667 1446 425 1528 492
1 0.807393 1464 1029 1548 1117
1 0.807118 2421 782 2525 881
3 0.806261 943 1277 995 1352
1 0.805677 994 1207 1102 1279
1 0.80498 2204 637 2314 732
1 0.803278 1539 931 1626 1025
1 0.803111 1321 807 1393 891
1 0.802692 1182 839 1249 915
1 0.801767 1445 556 1531 638
1 0.800102 1718 821 1818 917
1 0.799785 1250 1053 1326 1131
1 0.79978 1800 629 1903 719
1 0.799205 1324 342 1389 404
1 0.797804 1723 909 1822 1002
1 0.797015 2238 1010 2371 1127
1 0.796137 1444 305 1519 366
1 0.795341 2437 970 2551 1081
1 0.794591 1990 678 2110 782
1 0.794523 1631 1014 1733 1109
1 0.79364 2227 814 2346 922
1 0.793235 1320 595 1387 669
1 0.792947 1182 1059 1253 1133
1 0.790939 1977 593 2094 687
1 0.790556 1103 1134 1178 1207
1 0.790322 1325 402 1393 463
1 0.789731 1321 526 1390 594
1 0.789229 2215 723 2329 825
1 0.788847 1324 461 1394 529
1 0.786814 1106 988 1182 1064
1 0.785759 1461 862 1542 944
1 0.785239 1713 745 1813 827
1 0.784732 1388 799 1465 882
1 0.781993 943 1207 995 1278
1 0.781926 1177 1132 1251 1210
1 0.780721 1322 1048 1394 1128
1 0.779551 1261 364 1325 425
1 0.77848 1457 707 1540 792
1 0.777473 1185 768 1250 844
1 0.776709 1443 243 1514 306
1 0.776587 1243 1210 1321 1286
1 0.776289 1387 953 1465 1043
1 0.774189 2387 268 2537 339
1 0.774173 1100 1210 1170 1279
1 0.772859 1182 981 1251 1060
1 0.772468 1940 1069 2026 1170
1 0.771688 1249 977 1325 1058
1 0.771653 1105 1063 1181 1136
1 0.771552 2031 1150 2147 1253
1 0.770808 1112 782 1187 850
1 0.770531 1263 312 1324 372
1 0.766732 1708 663 1806 752
1 0.765698 1247 898 1323 973
1 0.765005 1955 436 2065 523
1 0.764613 1793 545 1894 638
1 0.76396 1383 216 1446 276
1 0.762949 1191 631 1253 702
1 0.76251 1386 872 1464 957
1 0.760714 1611 676 1710 764
1 0.759923 1265 263 1322 325
1 0.758398 1506 179 1574 234
1 0.758164 1391 442 1451 512
1 0.75796 1321 882 1391 963
1 0.756462 1251 677 1324 758
1 0.755727 1902 619 1985 710
1 0.754328 1624 930 1727 1019
1 0.753202 1620 760 1716 848
1 0.75247 1113 706 1190 784
1 0.752339 1385 324 1448 378
1 0.751765 1384 576 1452 653
1 0.751301 1822 1262 1952 1383
1 0.750528 2412 337 2557 420
1 0.749306 1943 1164 2035 1262
1 0.748724 1444 191 1510 248
1 0.748283 1966 513 2078 605
1 0.747591 2000 771 2123 863
1 0.746557 961 386 1010 441
1 0.745651 1254 610 1322 684
1 0.745607 1322 959 1390 1048
1 0.745264 2007 849 2138 961
1 0.739739 1581 326 1676 387
1 0.739403 1934 975 2019 1073
1 0.738081 1391 1041 1465 1125
1 0.737974 1538 851 1624 931
1 0.737055 2137 841 2235 950
1 0.735978 1323 289 1387 346
1 0.73539 1445 490 1530 559
1 0.733442 1937 360 2047 441
1 0.733227 1002 414 1048 468
1 0.732939 1119 640 1193 708
1 0.731029 1244 1281 1322 1357
1 0.729577 2119 753 2222 853
1 0.728806 1385 270 1447 326
1 0.726979 1532 616 1606 694
1 0.725889 1908 701 1997 797
1 0.72444 1765 337 1853 408
1 0.724213 2364 205 2514 271
1 0.72192 932 647 981 707
1 0.721187 901 1134 950 1202
1 0.720588 1261 483 1327 548
1 0.717399 1385 166 1446 221
1 0.717047 1443 141 1509 198
1 0.716754 2334 140 2490 209
1 0.715904 1703 578 1798 663
1 0.713146 1621 845 1722 933
1 0.710197 949 993 1001 1074
1 0.706543 967 746 1015 819
1 0.703646 1464 1200 1550 1300
1 0.703204 959 879 1009 942
1 0.702697 1211 284 1265 340
1 0.702115 2406 689 2507 790
1 0.7017 1510 231 1576 286
1 0.70097 1387 646 1457 722
1 0.699625 1388 380 1451 445
1 0.698726 1193 568 1258 636
1 0.697897 1045 1068 1107 1134
1 0.697171 1600 600 1705 681
1 0.696847 1007 370 1051 423
1 0.695081 1916 792 2005 890
1 0.691901 1261 424 1326 484
1 0.691742 1030 550 1128 610
1 0.688794 1775 402 1865 481
1 0.688695 1537 688 1615 767
1 0.686076 1538 772 1622 855
1 0.681742 948 1130 1000 1204
1 0.681265 1925 884 2010 983
1 0.67982 1058 796 1115 857
1 0.678769 2437 411 2582 496
1 0.67749 2502 652 2657 766
1 0.676866 1033 493 1132 552
1 0.676381 2185 546 2294 643
1 0.676224 1784 470 1877 552
1 0.675765 1695 502 1790 583
1 0.675566 957 438 1002 489
1 0.673568 2106 665 2211 763
1 0.671203 1750 209 1835 280
1 0.667641 2307 74 2458 145
1 0.667279 1203 451 1260 510
1 0.667226 1321 1208 1395 1295
1 0.664445 1026 607 1126 674
1 0.66321 2603 241 2683 311
1 0.662046 1386 510 1449 581
1 0.660419 968 340 1014 392
1 0.660181 1053 854 1112 930
1 0.659299 922 753 969 825
1 0.65582 2141 940 2239 1042
1 0.654872 1047 929 1109 993
1 0.65439 1322 1125 1394 1206
1 0.653602 2248 359 2421 448
1 0.652397 1126 576 1195 643
1 0.648287 1668 223 1757 299
1 0.647979 1014 1131 1104 1204
1 0.645208 2174 463 2268 552
1 0.643579 1395 1121 1465 1202
1 0.64329 949 1073 1001 1131
1 0.64077 1268 206 1322 269
1 0.63859 1258 547 1324 617
1 0.63775 1461 942 1543 1032
1 0.635954 953 938 1002 996
3 0.634995 901 1278 946 1349
1 0.633258 1897 157 1996 230
1 0.630804 1506 131 1567 184
1 0.630124 2265 445 2434 538
1 0.629605 1056 735 1116 800
1 0.629164 925 704 973 756
1 0.627477 918 822 966 883
1 0.625781 1044 392 1139 448
1 0.624202 964 813 1012 880
1 0.623138 1137 407 1204 462
1 0.623048 970 692 1020 752
3 0.620899 998 1277 1105 1343
1 0.619088 2441 1071 2553 1180
1 0.617532 1872 461 1963 545
1 0.615334 998 931 1057 992
1 0.614712 904 995 952 1079
1 0.614314 1205 391 1261 451
1 0.613842 1927 297 2032 368
1 0.608671 2061 417 2166 505
1 0.604701 913 877 963 945
1 0.60265 1637 1200 1737 1298
1 0.600169 2159 87 2320 164
1 0.599905 903 1078 951 1131
1 0.595259 2571 171 2686 244
1 0.593656 1134 462 1199 523
1 0.593371 949 490 993 551
1 0.593304 1198 505 1259 573
1 0.590697 2339 802 2429 907
1 0.588809 2625 309 2688 384
1 0.587675 1040 992 1107 1067
1 0.586682 2179 158 2341 224
1 0.586512 1529 535 1601 620
1 0.582916 1189 698 1252 773
1 0.582585 1320 234 1385 293
1 0.581636 1026 671 1121 736
1 0.581275 1131 519 1197 580
3 0.580765 993 1276 1075 1344
1 0.579465 1688 436 1782 506
1 0.574896 2376 520 2464 607
1 0.573657 2520 753 2676 857
1 0.569318 1394 1203 1462 1298
1 0.567852 1041 1130 1105 1204
1 0.567249 2487 574 2627 659
1 0.564585 1596 521 1701 605
1 0.563418 1583 385 1684 450
1 0.556163 1548 1296 1632 1385
3 0.555663 2441 1174 2548 1270
1 0.55407 1207 336 1263 394
1 0.551326 907 948 955 1009
1 0.548285 1740 1192 1826 1273
1 0.542876 2461 492 2614 580
1 0.541795 2144 1030 2239 1148
1 0.53922 1886 535 1973 625
1 0.53332 1038 446 1135 498
1 0.530248 936 592 984 651
1 0.528251 1518 347 1579 411
1 0.526837 1755 273 1842 344
1 0.515713 1009 800 1064 859
1 0.506913 1010 799 1088 859
1 0.503575 1513 283 1576 343
