1 0.857724 1997 771 2124 868
1 0.856895 1825 986 1941 1088
1 0.849006 902 1212 951 1278
1 0.848879 1815 806 1925 901
1 0.845952 1737 1098 1828 1198
1 0.84594 1806 717 1915 809
1 0.844832 2017 1052 2143 1166
1 0.843106 1635 1106 1738 1203
1 0.842278 2431 874 2538 979
1 0.840962 1732 1005 1826 1103
1 0.837738 2439 974 2548 1081
1 0.837736 2009 956 2142 1058
1 0.836948 1820 896 1934 992
1 0.835818 1828 1080 1944 1182
1 0.835497 1800 637 1905 722
1 0.834303 1633 1018 1734 1112
1 0.833207 1833 1176 1948 1267
1 0.833043 1449 638 1537 720
1 0.831496 1182 913 1253 987
1 0.830726 1180 1138 1251 1212
1 0.830697 1444 429 1528 498
1 0.830477 1250 1136 1328 1214
1 0.827926 1248 902 1323 980
1 0.827502 1248 978 1325 1059
1 0.824334 2001 858 2137 965
1 0.822668 2227 823 2345 924
1 0.821753 1107 1137 1181 1208
1 0.820425 1250 1058 1329 1136
1 0.818417 2415 780 2528 880
1 0.817473 1112 855 1184 926
1 0.817068 1318 890 1395 974
1 0.816638 1324 739 1399 819
1 0.815118 1182 1062 1252 1138
1 0.814928 1979 601 2098 688
1 0.814437 1458 953 1547 1041
1 0.812008 1726 914 1824 1009
1 0.810373 1181 983 1251 1062
1 0.808674 1720 821 1819 919
1 0.807813 1391 964 1461 1051
1 0.807523 1109 991 1182 1064
1 0.807144 1549 1027 1631 1117
1 0.806526 2242 1013 2367 1133
1 0.80601 1624 935 1728 1024
1 0.80582 1389 884 1457 968
1 0.804079 1455 869 1545 959
1 0.803584 1322 811 1398 893
1 0.803444 1461 1035 1552 1123
1 0.802966 2382 267 2535 339
1 0.799869 1261 371 1326 435
1 0.7978 1108 1065 1182 1137
1 0.797339 1455 790 1544 876
1 0.796462 2212 729 2330 829
1 0.796086 1320 971 1396 1055
1 0.795413 1453 715 1542 799
1 0.795049 2237 917 2357 1018
1 0.794182 1252 823 1326 906
1 0.793786 1115 788 1188 859
1 0.793334 2141 1036 2242 1159
1 0.793279 1775 409 1867 484
1 0.792506 903 1154 953 1208
1 0.789284 1533 621 1611 702
1 0.788663 1436 197 1511 260
1 0.788378 1541 856 1623 948
1 0.786531 1118 719 1191 790
1 0.78651 2201 643 2314 734
1 0.786191 1387 394 1444 457
3 0.78485 992 1287 1105 1376
1 0.783066 1793 557 1894 641
1 0.78056 1510 237 1580 295
1 0.779097 2411 334 2561 422
1 0.778404 1621 853 1724 940
1 0.777839 1391 1212 1464 1304
1 0.777803 1390 454 1447 521
1 0.776931 2139 942 2241 1046
1 0.774571 2134 846 2236 951
1 0.774337 1438 254 1514 314
1 0.774077 1324 1051 1400 1134
1 0.773919 1385 337 1441 399
1 0.773115 2120 753 2224 855
1 0.773074 1622 765 1717 855
1 0.773053 1712 740 1812 824
1 0.772033 1942 1075 2021 1176
1 0.771127 1103 1214 1174 1283
1 0.769718 1544 943 1626 1032
1 0.769534 1955 443 2066 523
1 0.76897 1445 563 1533 643
1 0.765926 1701 582 1799 663
1 0.764936 1693 513 1793 586
1 0.764695 949 1213 998 1280
1 0.763294 1255 615 1324 688
1 0.763154 2498 664 2656 770
1 0.759909 1706 665 1807 747
1 0.759697 1937 981 2015 1079
1 0.758717 1440 307 1517 371
1 0.757272 1263 322 1325 377
1 0.756835 1260 488 1326 556
1 0.754824 1395 1049 1463 1132
3 0.753655 946 1284 995 1363
1 0.752322 2025 1154 2145 1250
1 0.75189 1255 752 1326 829
1 0.750991 953 1149 1002 1207
1 0.750529 2443 1071 2551 1175
1 0.75035 1442 366 1523 433
1 0.748852 1314 1216 1392 1301
1 0.748846 1184 837 1256 918
3 0.746604 901 1282 948 1356
1 0.746562 1045 1145 1108 1209
1 0.745753 1048 1069 1109 1136
1 0.744997 1765 343 1855 413
1 0.743988 1756 280 1841 346
1 0.741387 1463 1118 1554 1205
1 0.741246 1391 803 1458 888
1 0.741116 966 820 1013 877
1 0.740315 2435 412 2583 498
1 0.738796 1509 135 1571 190
1 0.738237 2183 550 2297 648
3 0.737248 1445 495 1531 567
1 0.737157 1967 516 2084 608
1 0.736585 1614 676 1710 766
1 0.73477 1530 542 1606 625
1 0.733925 2246 1114 2371 1204
1 0.733813 1604 603 1706 678
1 0.73371 1392 727 1456 811
1 0.730666 905 1082 954 1140
1 0.727111 1945 1167 2027 1261
1 0.725955 1899 632 1985 716
1 0.725867 1989 683 2110 780
1 0.725324 1537 694 1618 776
1 0.724969 1323 1132 1396 1213
1 0.724709 2363 516 2464 607
1 0.723817 961 872 1010 949
1 0.722815 1598 529 1702 608
1 0.721507 1035 997 1110 1067
1 0.721221 940 598 990 654
1 0.720467 928 710 975 764
1 0.719087 1265 271 1322 327
1 0.718686 1512 293 1584 353
1 0.718439 1686 431 1784 512
1 0.714595 1665 231 1756 299
1 0.714226 1033 554 1130 613
1 0.713161 906 1019 954 1083
1 0.712173 1551 1114 1633 1201
1 0.710332 1540 772 1624 860
1 0.709842 934 651 983 709
1 0.709518 952 1013 1003 1079
1 0.709377 1258 551 1326 622
3 0.708041 1321 191 1389 245
1 0.707078 1242 1217 1315 1290
1 0.706181 953 1079 1004 1138
1 0.705382 923 774 970 830
3 0.705276 1390 1305 1462 1396
1 0.703575 1046 934 1112 1000
1 0.703176 1395 1129 1463 1210
3 0.702395 996 1214 1102 1284
1 0.699114 2106 668 2210 759
1 0.69908 1325 353 1388 418
1 0.698185 994 476 1041 527
1 0.697126 2459 493 2604 582
1 0.695355 1054 865 1115 936
1 0.693534 1123 652 1193 721
3 0.693154 1105 1283 1170 1375
1 0.693038 2402 691 2506 787
1 0.690708 958 442 1004 491
1 0.686289 1918 800 2001 894
1 0.684349 1255 683 1326 755
1 0.683476 1110 925 1182 994
1 0.680172 2363 992 2445 1103
1 0.67896 2371 1089 2444 1193
1 0.675795 1594 454 1696 533
1 0.674898 1517 356 1590 420
1 0.669415 1893 166 1997 239
1 0.668838 1324 414 1389 481
1 0.668099 1509 185 1576 240
1 0.664438 1000 1075 1049 1136
1 0.66371 1523 420 1593 481
3 0.661191 1204 345 1256 401
1 0.660195 1861 399 1951 473
1 0.659709 1591 390 1684 442
1 0.659361 1055 737 1120 807
1 0.656758 1004 420 1048 476
1 0.654538 1034 497 1132 555
1 0.652798 2153 120 2245 187
1 0.652668 979 645 1027 701
1 0.651138 2129 327 2231 396
1 0.647845 1875 473 1966 551
1 0.646308 2173 473 2273 553
3 0.64598 1174 1284 1239 1356
1 0.645543 1910 708 1998 805
1 0.644616 1056 801 1119 869
1 0.644246 1063 674 1125 737
1 0.642466 969 756 1015 822
1 0.642442 972 698 1019 758
1 0.640757 2564 176 2685 244
1 0.640415 1067 610 1128 676
1 0.639858 1007 867 1058 940
1 0.635177 1935 365 2047 445
1 0.634905 1749 215 1832 283
1 0.633466 1032 611 1127 677
1 0.630344 2307 81 2451 151
3 0.627399 1391 653 1452 731
1 0.627259 966 394 1012 443
1 0.624393 1528 479 1596 542
1 0.622878 954 949 1004 1017
1 0.620567 1134 416 1203 479
1 0.620172 1008 376 1050 426
1 0.619451 1193 635 1258 710
1 0.618392 2528 116 2679 181
1 0.615175 1907 236 2015 303
1 0.613058 1323 670 1395 746
1 0.609714 1675 358 1773 430
1 0.609392 1204 456 1260 517
1 0.609261 997 1143 1049 1210
1 0.608521 1588 335 1677 390
1 0.603647 2362 204 2510 272
1 0.603194 1387 181 1437 235
1 0.602407 1201 514 1260 578
1 0.600098 2094 193 2189 259
1 0.599815 921 828 968 882
1 0.598971 1323 294 1386 357
3 0.592752 555 1241 631 1275
1 0.586571 916 878 967 955
3 0.582946 1189 705 1256 781
3 0.58152 1240 1290 1313 1365
1 0.580017 1464 1206 1551 1303
1 0.577382 2231 95 2315 163
1 0.575724 2324 353 2425 444
1 0.575613 2482 576 2624 671
3 0.570547 1206 294 1246 348
1 0.567684 1003 997 1110 1070
1 0.567147 944 544 991 600
1 0.564266 1469 1205 1633 1302
1 0.563191 1923 300 2031 365
3 0.56165 2619 309 2687 386
3 0.560331 1260 427 1326 492
3 0.558233 1186 772 1259 844
1 0.557634 1846 329 1937 401
1 0.553383 2528 756 2672 844
1 0.552696 2348 443 2441 520
3 0.547143 1142 312 1207 368
1 0.54355 908 955 957 1035
1 0.542433 2244 378 2334 467
1 0.541985 1889 549 1977 637
1 0.535822 1385 278 1438 338
1 0.530823 951 489 996 545
1 0.530732 989 525 1034 583
1 0.529418 1128 583 1197 651
1 0.526395 1592 437 1691 514
1 0.526047 2302 281 2395 364
1 0.525401 1131 530 1199 585
1 0.521454 2183 185 2267 246
1 0.513851 1926 892 2005 988
1 0.513671 2595 840 2686 941
1 0.511979 1324 472 1391 540
1 0.511542 2262 459 2352 547
1 0.509922 1990 145 2081 214
1 0.508144 2114 256 2213 327
1 0.507786 1388 518 1447 589
1 0.506008 1064 494 1132 553
1 0.504717 2155 393 2252 473
