1 0.866629 1637 1108 1738 1202
1 0.855899 2004 771 2127 870
1 0.855277 2008 859 2141 964
1 0.851304 1736 1098 1834 1198
1 0.844622 1828 984 1938 1089
1 0.843523 1833 1080 1941 1184
1 0.839269 1938 1073 2033 1177
1 0.838282 2017 954 2146 1059
1 0.838197 2029 1049 2149 1161
1 0.8377 1634 1016 1735 1112
1 0.837377 1811 712 1913 814
1 0.835174 1940 1169 2035 1273
1 0.834538 1821 896 1933 994
1 0.832941 1181 1140 1252 1214
1 0.828991 1394 1211 1466 1302
1 0.826436 1109 1137 1180 1209
1 0.825983 1835 1177 1943 1274
1 0.825813 2246 1014 2367 1125
1 0.823803 1722 824 1821 922
1 0.82378 1803 634 1904 720
1 0.823636 1733 1001 1831 1104
1 0.822998 1537 616 1608 702
1 0.820244 1393 657 1454 737
1 0.820185 1728 912 1825 1007
1 0.819875 1325 740 1396 821
1 0.819685 1629 933 1731 1021
1 0.818673 1183 1064 1254 1138
1 0.81429 1252 1059 1328 1136
1 0.813659 1185 989 1252 1063
1 0.813622 2431 878 2542 981
1 0.81329 1461 953 1548 1042
1 0.811995 1444 307 1520 371
1 0.809922 1325 1052 1399 1133
1 0.80957 1326 673 1394 747
1 0.809259 1251 1136 1327 1216
1 0.808453 1108 997 1183 1071
1 0.808392 1397 1048 1462 1131
1 0.807853 1113 855 1188 926
1 0.80672 1330 237 1392 299
1 0.805159 1261 371 1327 435
1 0.805081 1450 563 1535 646
1 0.804254 1174 1217 1247 1288
1 0.803794 1392 963 1460 1050
1 0.803476 1457 869 1546 959
1 0.803041 1934 977 2027 1081
1 0.801844 1457 791 1545 879
1 0.8013 1394 731 1455 814
1 0.801241 1260 551 1328 622
1 0.800925 1545 856 1628 950
1 0.800818 1397 1130 1465 1211
1 0.80013 1251 981 1325 1059
1 0.800024 1109 1070 1182 1138
1 0.799225 1448 429 1529 497
1 0.798858 2034 1151 2148 1261
1 0.798218 2233 818 2347 923
1 0.797781 1110 927 1185 998
1 0.797685 1326 604 1395 679
1 0.797669 1321 973 1396 1053
1 0.796162 1320 895 1393 974
1 0.794887 1187 916 1253 991
1 0.793697 1103 1211 1172 1287
1 0.793377 1329 470 1396 539
1 0.793364 1552 1028 1633 1120
1 0.792923 2206 639 2316 737
1 0.792694 1625 846 1726 936
1 0.792256 1250 906 1324 984
1 0.792225 1620 763 1718 850
1 0.79208 2248 1112 2374 1219
1 0.791414 1329 291 1392 356
1 0.790828 1547 944 1631 1034
1 0.789671 1254 684 1328 757
1 0.788489 1464 1038 1554 1125
1 0.787467 1323 816 1396 898
1 0.787079 1441 252 1517 311
1 0.786463 1254 827 1327 910
1 0.785204 2421 784 2526 886
1 0.785198 1393 584 1451 662
1 0.784555 1319 1215 1395 1301
1 0.78357 1246 1217 1322 1292
1 0.78327 2218 725 2330 829
1 0.782893 1253 615 1328 689
1 0.78224 1392 806 1456 891
1 0.782074 1617 684 1714 766
1 0.780801 1328 353 1391 415
1 0.780633 1456 713 1543 799
1 0.779557 1995 683 2113 783
1 0.77883 966 386 1015 441
1 0.777224 1329 410 1393 475
1 0.777182 1690 447 1788 520
1 0.776104 1817 804 1922 902
1 0.775972 1740 1190 1835 1276
1 0.774991 2410 693 2509 792
1 0.774788 1256 754 1329 831
1 0.774185 1390 884 1457 967
1 0.769181 1189 840 1256 919
1 0.768358 1982 603 2100 694
1 0.768006 1390 336 1445 397
1 0.767836 1117 789 1190 858
1 0.765498 1454 638 1538 723
1 0.764065 2149 1029 2246 1146
1 0.763953 1324 1133 1399 1213
1 0.763233 1333 187 1396 244
1 0.758771 1876 469 1968 551
1 0.758123 2311 81 2458 154
1 0.757934 1968 517 2087 610
1 0.757597 1715 742 1815 832
1 0.756248 1916 801 2008 894
1 0.752413 1447 367 1525 433
1 0.752127 1467 1203 1636 1301
1 0.751329 2145 941 2244 1038
1 0.751282 1262 489 1328 554
1 0.750294 1752 215 1834 281
1 0.746188 1925 887 2015 987
1 0.746177 1605 603 1708 686
1 0.746077 1395 455 1449 524
1 0.745683 2243 916 2356 1022
1 0.745099 2504 662 2658 769
1 0.745051 1048 1071 1110 1135
1 0.744563 959 439 1005 492
1 0.74383 2186 553 2295 648
1 0.743029 1768 345 1858 416
1 0.740653 1900 622 1989 716
1 0.739358 2486 580 2633 677
1 0.738819 1669 231 1758 298
1 0.737968 1792 549 1894 640
1 0.737894 1438 199 1513 261
1 0.73621 1196 636 1257 711
2 0.735336 2128 1318 2171 1376
1 0.735312 1390 224 1439 284
1 0.735229 1757 278 1844 349
1 0.733884 1119 714 1193 789
1 0.733806 1047 397 1141 451
1 0.733487 1046 998 1111 1075
1 0.73049 1640 1199 1742 1297
1 0.728292 2442 412 2587 500
1 0.727567 1909 705 2005 808
1 0.72704 2467 497 2610 586
1 0.724526 1124 647 1196 720
1 0.721886 2437 973 2554 1089
1 0.718799 2153 1133 2247 1232
1 0.718305 1781 410 1871 484
1 0.71744 1263 431 1328 492
1 0.713039 1543 772 1623 861
1 0.711945 1393 175 1439 231
1 0.711323 2175 473 2276 559
1 0.710031 1391 276 1442 338
1 0.709975 1034 496 1134 557
1 0.709799 1448 493 1534 568
2 0.709491 1838 1273 1943 1379
1 0.709038 1517 291 1586 349
1 0.708183 1709 678 1811 751
1 0.706872 2394 604 2495 703
1 0.705718 1541 694 1618 778
1 0.705383 1959 446 2070 526
1 0.705134 2416 346 2558 423
1 0.704368 1888 541 1976 632
1 0.699894 1600 529 1703 607
3 0.696127 1394 1303 1465 1403
3 0.69391 1208 339 1261 401
1 0.693287 2391 276 2531 351
1 0.686278 928 705 976 757
1 0.68523 1044 1135 1109 1207
1 0.68273 1039 446 1138 499
1 0.681554 2138 845 2239 952
1 0.681402 1048 933 1113 1002
1 0.681359 2323 715 2418 812
1 0.679344 2521 758 2681 859
1 0.677714 2559 175 2687 246
2 0.677634 1172 1288 1245 1357
1 0.676211 923 754 971 827
1 0.673689 1005 415 1051 473
1 0.672972 2443 1075 2561 1177
1 0.671113 1061 801 1118 865
1 0.666159 1593 462 1696 533
1 0.665663 1942 369 2049 451
1 0.66387 1897 168 1998 243
1 0.658979 973 341 1021 391
1 0.658218 1592 394 1690 459
3 0.657908 1328 535 1394 608
1 0.655987 1011 372 1053 424
1 0.650629 2366 206 2510 279
1 0.649609 1705 601 1804 677
1 0.646559 1928 302 2033 373
1 0.646182 1056 861 1116 932
1 0.644058 2312 620 2403 723
1 0.643585 1698 521 1798 596
1 0.641124 1534 540 1604 620
1 0.640377 935 653 983 710
1 0.63714 1555 1114 1636 1203
1 0.636024 2624 313 2688 393
1 0.635979 1147 307 1213 364
1 0.635944 1201 567 1259 644
1 0.635695 1589 343 1684 399
1 0.635635 2600 241 2687 315
1 0.632421 1191 769 1258 845
1 0.629767 1032 552 1132 614
1 0.628482 970 746 1017 821
1 0.625777 1866 400 1953 476
1 0.613714 1511 180 1578 238
1 0.613569 972 694 1022 754
1 0.611356 1272 217 1328 281
1 0.61085 1465 1119 1554 1206
1 0.610327 1788 480 1881 555
1 0.607884 2245 383 2341 467
1 0.601001 2353 902 2434 995
1 0.599101 1031 670 1125 738
1 0.598285 2034 1209 2138 1273
1 0.594199 2373 513 2468 610
1 0.591663 951 489 994 540
2 0.58911 2043 1326 2130 1381
1 0.583665 1056 734 1120 810
3 0.583506 1316 1300 1393 1402
3 0.583233 1514 236 1583 293
1 0.581574 2338 148 2482 212
1 0.579222 991 477 1042 528
3 0.572944 2506 55 2672 117
1 0.572289 1674 299 1765 371
1 0.570133 1684 371 1778 447
2 0.568688 1942 1272 2037 1343
3 0.564658 1392 394 1448 457
2 0.563413 2039 1274 2129 1328
1 0.56075 2134 324 2229 401
1 0.554277 2538 855 2685 963
1 0.553188 1133 526 1204 586
2 0.552685 1946 1310 2031 1384
1 0.551309 2226 307 2321 391
1 0.550503 2334 364 2421 453
1 0.550189 2124 755 2227 857
1 0.54404 1915 240 2017 307
3 0.53886 1138 412 1207 473
1 0.537356 1025 611 1128 675
1 0.537047 1066 670 1127 737
1 0.535506 960 871 1012 947
1 0.532148 2533 114 2685 179
3 0.531001 1395 519 1450 589
1 0.530531 1526 408 1592 474
1 0.527827 1000 423 1047 487
1 0.525112 1262 320 1328 377
1 0.52463 1036 1209 1105 1286
1 0.522381 966 816 1015 876
1 0.519795 1061 611 1130 675
1 0.517124 987 521 1038 580
1 0.510327 952 1076 1009 1138
1 0.510132 904 1210 1001 1284
1 0.508921 2310 285 2396 373
1 0.507084 1521 349 1588 410
1 0.501436 2286 539 2389 639
