1 0.863879 2012 948 2148 1056
1 0.84919 1321 1041 1462 1125
1 0.8389 901 1205 946 1278
1 0.837576 1815 799 1924 897
1 0.836005 1635 1105 1735 1202
1 0.835792 2019 1048 2151 1160
1 0.83488 1829 1076 1943 1176
1 0.83483 1828 1171 1946 1267
1 0.834121 2231 912 2359 1014
1 0.833789 1826 982 1939 1085
1 0.830428 2438 972 2555 1079
1 0.827895 2429 876 2542 978
1 0.826818 1322 1122 1463 1205
1 0.826706 1807 710 1913 805
1 0.82423 1548 1196 1636 1295
1 0.821064 1820 890 1932 988
1 0.820593 1463 1114 1549 1198
1 0.820158 1260 363 1327 427
1 0.819822 1180 904 1249 981
1 0.819324 1105 1132 1177 1205
1 0.819016 1799 628 1902 718
1 0.818537 1173 1210 1245 1280
1 0.818486 1735 1096 1826 1197
1 0.818175 1107 1062 1180 1133
1 0.818078 1317 961 1459 1046
1 0.816472 1547 1106 1635 1196
1 0.815747 1449 634 1536 716
1 0.81481 2213 726 2336 824
1 0.813645 1630 1015 1732 1109
1 0.813508 1175 1131 1251 1208
1 0.813154 2416 779 2529 880
1 0.808035 1825 1263 1949 1384
1 0.80707 1107 990 1180 1063
1 0.806382 1248 1048 1324 1129
1 0.806169 1322 1206 1461 1296
1 0.805367 1262 307 1325 371
1 0.805021 1180 977 1251 1056
1 0.80368 1179 1054 1254 1130
1 0.80204 1456 784 1543 873
1 0.801103 1109 918 1181 993
1 0.800608 1543 1021 1632 1108
1 0.799867 1461 1031 1546 1118
1 0.799026 1723 910 1824 1002
1 0.798647 1447 555 1532 638
1 0.797437 1719 822 1820 918
1 0.797069 1245 895 1324 977
1 0.795096 1461 1198 1548 1294
1 0.79405 1729 998 1827 1101
1 0.793966 1250 1129 1322 1207
1 0.79352 2224 818 2348 920
1 0.79287 1943 1165 2032 1264
1 0.792131 1623 927 1727 1020
1 0.791194 1244 1210 1321 1284
1 0.790487 1113 780 1187 846
1 0.788362 1443 305 1517 366
1 0.787571 1444 364 1522 429
1 0.78626 1897 624 1987 711
1 0.785724 1246 971 1324 1053
1 0.784141 2202 639 2320 733
1 0.783844 1454 706 1541 791
1 0.782834 959 877 1009 942
1 0.782244 1184 829 1253 909
1 0.781155 1193 628 1255 702
1 0.78071 2234 1010 2370 1126
1 0.777694 1248 815 1328 900
1 0.777427 1254 606 1325 685
1 0.776793 2028 1150 2151 1254
1 0.775882 1989 678 2113 776
1 0.775774 943 1206 995 1279
1 0.773566 1507 179 1575 234
1 0.772177 1111 841 1186 920
3 0.772036 994 1278 1102 1370
1 0.768117 1383 271 1447 327
1 0.76779 2441 1071 2560 1178
1 0.767345 1323 591 1392 666
1 0.766206 1978 592 2098 689
1 0.765554 1442 244 1513 306
1 0.764046 1260 483 1327 549
1 0.763604 1319 880 1461 966
1 0.763515 1619 754 1717 846
1 0.763185 1712 736 1815 829
1 0.763 1907 705 1997 799
1 0.760999 1621 842 1722 930
1 0.759788 1606 670 1710 758
1 0.759215 1738 1191 1827 1288
1 0.758411 1939 1071 2024 1171
1 0.758376 1258 544 1326 615
1 0.758329 1114 705 1192 783
1 0.758194 1383 326 1445 387
1 0.756674 1442 193 1509 249
1 0.75558 1594 520 1699 602
1 0.755267 1254 745 1330 825
1 0.754565 1323 661 1393 742
1 0.754364 1597 599 1705 676
1 0.753858 1133 463 1201 527
1 0.753566 1459 950 1543 1032
1 0.753133 1998 770 2126 864
1 0.752142 2411 338 2554 419
1 0.751953 960 382 1009 442
1 0.751098 1136 407 1205 467
1 0.747179 1957 438 2066 522
1 0.740328 1445 424 1527 495
1 0.74031 1260 423 1327 485
1 0.73896 1792 547 1890 633
1 0.738615 1325 340 1387 403
1 0.736935 1384 167 1446 223
1 0.735701 968 748 1014 818
3 0.734677 944 1279 997 1363
1 0.734566 1388 579 1449 656
1 0.734223 1264 263 1322 322
1 0.73384 1130 522 1199 585
1 0.730592 1325 457 1393 526
1 0.729533 1783 474 1875 552
1 0.727877 1101 1209 1169 1281
1 0.727592 1923 884 2009 981
1 0.725194 2402 688 2506 787
1 0.72467 1383 216 1446 272
1 0.72401 1243 1279 1320 1353
1 0.723392 2387 270 2529 341
1 0.722998 920 755 970 823
1 0.722706 1324 522 1394 594
1 0.722096 1120 646 1194 710
1 0.721187 1533 617 1602 697
1 0.71984 1510 230 1576 286
1 0.719356 1327 398 1389 462
1 0.719334 1002 412 1047 463
1 0.717029 1915 796 2004 888
1 0.716628 1198 562 1258 633
1 0.715981 948 994 1001 1072
1 0.714253 903 966 952 1077
1 0.714192 971 694 1019 756
1 0.713044 965 812 1013 880
1 0.712214 1253 676 1328 755
1 0.71015 1391 447 1448 518
1 0.709979 1006 368 1050 423
1 0.709674 2306 75 2455 146
1 0.709348 923 702 973 759
1 0.706847 946 1132 999 1204
1 0.706755 1391 512 1448 584
1 0.706328 1386 387 1446 452
1 0.704365 1765 340 1853 410
1 0.70372 1638 1197 1735 1297
1 0.70197 900 1137 949 1203
1 0.701494 912 878 964 945
1 0.69968 1203 446 1260 508
1 0.697925 931 646 981 706
1 0.695741 2005 853 2141 959
1 0.688461 1382 801 1459 888
1 0.686846 2362 205 2505 271
1 0.686465 1321 805 1423 890
1 0.686097 2568 170 2685 243
1 0.686011 1046 1068 1108 1132
1 0.684223 2434 412 2579 496
1 0.684153 1707 665 1808 747
1 0.683747 1883 539 1977 630
1 0.682272 1442 145 1509 202
1 0.678635 1538 891 1627 1024
1 0.678522 1587 382 1685 448
1 0.677344 1936 360 2049 443
1 0.676913 1507 132 1571 185
1 0.675494 957 438 1002 487
1 0.673587 1389 718 1456 811
1 0.673205 1174 1277 1244 1348
1 0.67188 1774 402 1863 482
1 0.670341 1870 460 1965 549
1 0.668067 2236 1112 2376 1210
1 0.668057 2336 141 2483 205
1 0.664167 1591 445 1693 523
1 0.663547 916 820 968 885
1 0.661701 1325 731 1395 816
1 0.661226 1529 533 1596 620
1 0.660258 1536 689 1612 774
1 0.659835 991 1207 1104 1280
1 0.657666 1751 211 1834 278
1 0.652193 1320 288 1385 345
1 0.64932 948 1071 1001 1132
1 0.646767 1548 1295 1632 1394
1 0.644135 2173 465 2275 553
1 0.638978 1584 329 1678 385
1 0.638763 902 1076 951 1130
1 0.638344 1126 582 1197 646
1 0.637106 1200 503 1260 568
1 0.634705 2443 1171 2559 1269
1 0.633577 2221 281 2394 369
1 0.632887 2189 547 2298 644
1 0.632439 1212 282 1264 341
1 0.631144 2062 420 2165 505
1 0.628971 1695 494 1790 574
1 0.623891 1524 406 1591 476
1 0.623549 1756 274 1844 346
1 0.618219 2180 160 2345 226
1 0.617715 1538 774 1621 859
1 0.609201 1935 974 2018 1076
1 0.607208 1002 996 1108 1068
1 0.606347 1058 672 1120 736
1 0.605406 1518 343 1582 410
1 0.60345 1045 735 1115 802
1 0.603288 1044 1130 1107 1203
1 0.595917 2601 239 2685 311
1 0.595429 1190 695 1255 769
1 0.594252 1927 294 2034 368
1 0.593309 2157 90 2322 167
1 0.591216 2537 108 2682 175
1 0.589053 1458 864 1543 959
3 0.588373 1207 334 1263 395
1 0.58685 1049 797 1115 858
1 0.583713 1703 609 1802 670
1 0.583459 1036 997 1108 1067
1 0.579674 1445 489 1530 562
1 0.576833 1680 349 1771 428
3 0.575347 1737 1286 1827 1380
1 0.574235 2503 650 2660 758
1 0.571722 1390 648 1452 726
1 0.569202 1701 575 1798 644
1 0.568349 905 946 955 1041
1 0.568165 2365 994 2443 1099
1 0.568029 1513 282 1576 335
3 0.564854 1316 231 1386 298
1 0.564315 968 332 1014 392
1 0.557214 1539 852 1625 989
1 0.547421 942 541 990 594
1 0.546234 948 487 993 541
1 0.540019 1030 671 1118 737
1 0.536361 1050 853 1113 930
1 0.534566 1026 608 1122 674
1 0.533942 951 936 1002 996
1 0.533812 2077 127 2167 192
1 0.533269 2109 674 2211 764
1 0.532905 1003 927 1110 997
1 0.530025 1896 161 1996 236
1 0.527433 994 1133 1105 1206
1 0.52665 1035 927 1110 997
1 0.520651 1967 513 2080 605
1 0.511678 995 463 1040 510
1 0.5055 1036 448 1098 503
1 0.501445 986 574 1031 629
