1 0.878813 1318 1208 1463 1300
1 0.871869 992 1206 1101 1281
1 0.855291 1536 846 1622 941
1 0.854353 1543 1021 1631 1108
1 0.851539 2432 872 2539 977
1 0.849026 1820 983 1936 1083
1 0.84219 2012 946 2143 1052
1 0.838632 1546 1106 1634 1197
1 0.837295 1823 1075 1942 1177
1 0.836348 1634 1101 1732 1202
1 0.834787 2442 971 2553 1079
1 0.83309 901 1208 946 1279
1 0.831661 1826 1172 1948 1267
1 0.831621 2420 776 2529 878
1 0.8311 1538 938 1625 1024
1 0.829694 1806 710 1913 807
1 0.829178 1318 1123 1463 1210
1 0.828974 1811 800 1922 897
1 0.827939 1815 891 1929 991
1 0.826703 1727 1001 1822 1100
1 0.82548 2238 911 2354 1013
1 0.825045 1463 1198 1549 1295
1 0.821891 1244 1129 1319 1210
1 0.821316 2017 1044 2143 1161
1 0.820255 2132 839 2234 944
1 0.818307 1247 1054 1320 1130
1 0.818274 1733 1096 1824 1198
1 0.818216 1447 424 1527 495
1 0.818115 1463 1111 1548 1199
1 0.814743 1110 845 1183 923
1 0.814045 1180 910 1249 988
1 0.812705 2142 1031 2243 1149
1 0.811604 1243 1211 1318 1291
1 0.810482 1632 1010 1729 1106
1 0.808688 1722 910 1818 1004
1 0.808535 1448 635 1532 718
1 0.808346 1458 947 1542 1032
1 0.805489 1993 671 2107 778
1 0.804552 1179 1058 1249 1133
1 0.801445 1248 818 1322 904
1 0.798199 994 1131 1105 1204
1 0.798128 1620 842 1720 931
1 0.798095 1613 750 1713 846
1 0.796782 2406 331 2560 419
3 0.794905 942 1280 995 1361
1 0.794428 1549 1196 1635 1291
1 0.794147 1112 784 1186 851
1 0.793799 1625 926 1724 1016
3 0.793775 993 1280 1098 1368
1 0.792957 943 1207 995 1281
1 0.792669 2242 1008 2364 1124
1 0.792275 1318 1042 1463 1128
1 0.791496 2143 937 2240 1040
1 0.791016 1180 984 1249 1061
1 0.786814 1446 556 1529 641
1 0.785267 1104 989 1179 1065
1 0.784922 2001 767 2121 866
1 0.784704 1461 1029 1545 1115
1 0.784628 1103 1132 1175 1206
1 0.783301 1106 918 1180 993
1 0.780892 1112 713 1187 784
1 0.77577 1711 740 1809 835
1 0.774307 1716 833 1815 919
1 0.773715 1180 836 1251 917
1 0.773107 1104 1063 1179 1134
1 0.772523 1800 628 1903 720
1 0.771449 1251 752 1321 826
1 0.769723 1247 976 1320 1055
1 0.769408 1919 796 2008 887
1 0.769017 1247 896 1321 978
1 0.768202 2494 649 2655 769
1 0.767074 2403 684 2500 785
1 0.767005 2229 815 2342 919
1 0.766527 1173 1131 1248 1209
1 0.765545 2432 407 2582 512
1 0.765057 1319 957 1461 1050
1 0.764881 1167 1209 1244 1284
1 0.762511 1456 858 1541 948
1 0.760282 1517 348 1583 410
1 0.759846 1384 438 1453 511
1 0.759656 2214 721 2326 825
1 0.759524 2115 749 2222 852
1 0.759369 1528 613 1604 697
1 0.752684 1446 362 1523 427
1 0.749742 1979 590 2093 687
1 0.747275 1826 1266 1955 1378
1 0.746893 1100 1208 1169 1282
1 0.744897 2359 990 2447 1094
1 0.744879 1939 1069 2021 1173
1 0.742107 1387 870 1460 957
1 0.742073 2007 850 2135 959
1 0.741979 1000 414 1045 469
1 0.739949 1457 789 1539 865
1 0.739614 2103 662 2213 759
1 0.738997 1535 767 1616 851
1 0.738448 1253 545 1324 618
1 0.738132 1606 678 1707 755
1 0.73423 2205 635 2308 734
1 0.733751 1322 459 1388 529
1 0.731183 1456 708 1538 790
1 0.728889 1924 882 2011 982
1 0.728276 1513 287 1577 351
1 0.728152 1317 877 1395 966
1 0.727047 1384 505 1451 581
1 0.726288 1382 325 1449 384
1 0.725573 1005 372 1049 422
1 0.723196 1705 668 1803 745
1 0.721931 2381 261 2534 339
1 0.720552 1910 700 2000 803
1 0.710317 1441 198 1508 253
1 0.709463 948 1131 997 1204
1 0.707386 1389 798 1461 882
1 0.704993 1944 1167 2030 1262
1 0.70408 1446 491 1528 562
1 0.703704 2349 896 2439 1002
1 0.702772 948 998 1001 1078
1 0.702164 1261 266 1320 323
1 0.700051 1323 400 1388 465
1 0.699987 1320 721 1394 815
1 0.695381 1509 232 1574 291
1 0.694704 1257 482 1325 554
1 0.694155 1793 545 1894 638
1 0.693708 1192 631 1251 706
1 0.693378 1390 715 1460 806
1 0.69245 1382 571 1452 713
1 0.69236 1318 805 1395 890
1 0.690384 1523 406 1590 474
1 0.687762 901 1132 950 1203
1 0.684611 1958 431 2062 520
1 0.684549 1533 690 1610 768
1 0.684236 1114 645 1191 717
1 0.683737 2333 797 2428 905
1 0.680986 1384 168 1442 221
1 0.678739 1055 794 1114 855
1 0.676397 1259 367 1323 432
1 0.675467 998 996 1106 1072
1 0.671105 964 751 1012 822
1 0.67033 1318 523 1388 605
1 0.669364 1382 215 1442 274
1 0.659426 1120 579 1194 652
1 0.659215 1041 400 1109 455
1 0.658208 1741 1190 1825 1281
1 0.657095 1051 848 1112 929
1 0.657003 962 815 1010 878
1 0.655771 1525 537 1598 617
1 0.655333 1504 126 1564 182
1 0.653836 1442 246 1513 307
1 0.652619 1321 341 1386 406
1 0.651036 961 385 1007 439
1 0.650216 2302 80 2378 150
1 0.647961 966 693 1016 756
1 0.647829 1441 142 1505 202
1 0.64392 1260 314 1321 373
1 0.642667 1383 382 1451 444
1 0.640086 2447 1072 2556 1175
1 0.638314 1381 270 1445 328
1 0.636748 904 992 951 1081
1 0.632716 2482 570 2629 660
1 0.632617 948 1073 999 1133
1 0.630594 1938 357 2045 441
1 0.626475 1934 977 2018 1075
1 0.625263 2090 574 2199 674
1 0.6248 1167 1280 1244 1352
1 0.624202 1127 466 1202 526
1 0.623012 2316 702 2410 803
1 0.622652 1243 1287 1319 1356
1 0.620037 2189 543 2289 644
1 0.619242 1702 578 1797 662
1 0.617212 1259 416 1325 482
1 0.616804 1902 620 1986 712
1 0.614172 2173 456 2268 550
3 0.609839 1745 1286 1822 1376
1 0.608414 1195 566 1253 637
1 0.605358 2061 409 2159 496
1 0.603633 2457 493 2614 580
1 0.602927 918 758 967 827
3 0.597309 1464 1295 1550 1394
1 0.596844 1189 702 1252 776
1 0.594857 2029 1154 2137 1257
1 0.594691 956 872 1008 947
1 0.593508 1056 731 1115 798
1 0.592733 1665 221 1752 301
1 0.590722 952 940 1002 1006
3 0.589925 1321 1299 1462 1402
1 0.588599 955 438 998 485
1 0.578665 2373 510 2460 607
1 0.575842 1035 452 1084 506
1 0.573625 1444 303 1517 369
1 0.572496 1048 355 1113 406
1 0.569582 1000 925 1108 999
1 0.565202 1250 607 1319 704
1 0.563996 1892 156 1993 234
1 0.56321 1129 407 1202 468
1 0.56092 1133 354 1205 412
1 0.558629 949 486 991 541
1 0.555656 1317 591 1388 710
1 0.551873 903 1081 950 1135
1 0.551651 1639 1199 1737 1296
1 0.547788 1005 853 1057 936
1 0.545755 2580 744 2674 842
1 0.544322 2325 350 2420 442
1 0.543024 990 472 1036 519
1 0.539226 2246 370 2336 454
1 0.536804 1142 305 1206 358
3 0.536463 1640 1295 1741 1377
1 0.534328 1024 1068 1107 1132
1 0.53082 2075 489 2180 587
1 0.529578 2502 50 2647 114
1 0.528752 1264 215 1320 272
1 0.527717 916 824 965 883
1 0.527238 924 703 970 763
1 0.521245 1008 740 1059 817
1 0.518061 2568 172 2682 239
1 0.518014 2624 307 2687 385
1 0.509634 2367 1084 2449 1189
1 0.509034 2390 595 2486 690
1 0.5072 1969 507 2079 602
1 0.506571 1783 467 1877 555
1 0.505814 906 952 955 1048
1 0.505622 1760 340 1848 413
3 0.501733 900 1279 944 1355
1 0.500912 1015 329 1056 375
