1 0.863501 1635 1099 1733 1201
1 0.86267 2013 946 2143 1054
1 0.854333 1635 1006 1730 1102
1 0.848973 1728 999 1825 1099
1 0.844797 2444 972 2554 1076
1 0.84224 2434 873 2540 978
1 0.839268 900 1208 947 1279
1 0.837266 1805 711 1910 809
1 0.836878 1733 1097 1825 1198
1 0.835178 1826 1074 1940 1177
1 0.835136 1826 1171 1946 1270
1 0.833061 2021 1044 2144 1160
1 0.831924 1637 1198 1736 1295
1 0.827374 1548 1197 1635 1297
1 0.826815 1813 803 1918 894
1 0.826221 1243 1212 1318 1287
1 0.82135 2239 910 2355 1013
1 0.817709 1457 949 1546 1038
1 0.815547 1727 913 1820 1004
1 0.811844 1824 982 1933 1081
1 0.811202 1819 888 1927 990
1 0.811138 1248 1054 1324 1134
1 0.810504 1324 665 1392 743
1 0.810193 2418 777 2528 879
1 0.804727 1452 786 1543 872
1 0.804207 1245 900 1321 980
1 0.80413 1630 927 1728 1013
1 0.803295 1246 976 1322 1056
1 0.803056 1248 1134 1322 1210
1 0.802949 2130 837 2235 942
1 0.80161 1248 820 1323 903
1 0.801245 1992 676 2108 778
1 0.801122 2405 333 2557 416
1 0.798965 1183 909 1247 985
1 0.798866 2480 570 2624 662
1 0.796243 2142 936 2241 1037
1 0.796122 1547 1022 1632 1111
1 0.79504 1461 1200 1548 1298
1 0.793343 2403 687 2503 785
1 0.792845 1183 981 1249 1059
1 0.792212 1458 1034 1547 1123
1 0.791744 1548 1104 1633 1198
1 0.791252 2001 767 2123 865
1 0.790388 1251 748 1327 825
1 0.789018 1104 1138 1179 1207
1 0.788371 1318 1211 1391 1294
1 0.788127 1257 488 1324 551
1 0.786605 1389 653 1451 730
1 0.786459 1254 544 1325 617
1 0.786052 1391 724 1451 809
1 0.784516 1183 1058 1250 1135
1 0.784194 1452 710 1539 794
1 0.783623 1173 1211 1243 1282
1 0.783462 2494 652 2654 762
1 0.782056 1258 369 1322 434
1 0.781276 1106 988 1181 1065
1 0.781215 1324 592 1390 669
1 0.781087 1461 1115 1549 1202
1 0.780616 1448 636 1534 719
1 0.779569 1251 610 1326 685
1 0.778807 2381 266 2529 339
1 0.778067 1323 735 1395 816
1 0.777778 2226 811 2340 918
1 0.77771 1738 1192 1824 1289
1 0.775405 1907 703 2002 805
1 0.775283 1506 230 1576 289
1 0.775227 1935 1065 2027 1171
1 0.775093 1257 428 1323 490
1 0.774878 1510 287 1578 352
1 0.774006 1516 348 1583 411
1 0.773369 2212 717 2324 821
1 0.771139 1446 559 1530 643
1 0.769742 1193 632 1252 705
1 0.768262 1914 799 2010 889
1 0.766802 1106 1064 1182 1137
1 0.76553 2453 1072 2558 1175
1 0.762883 1387 578 1447 658
1 0.761473 1921 883 2012 984
1 0.760306 1180 1136 1248 1209
1 0.759447 2244 1010 2363 1131
1 0.757204 1980 592 2094 688
1 0.7565 1251 679 1327 755
1 0.75632 1115 713 1188 786
1 0.755679 960 879 1009 945
1 0.754808 1532 616 1605 697
1 0.754397 1445 425 1525 493
1 0.750666 1197 563 1255 636
1 0.750072 1383 168 1445 224
1 0.749603 1454 864 1544 956
1 0.748919 944 1208 993 1281
1 0.748879 1383 325 1445 390
1 0.748323 2436 407 2581 499
1 0.74807 1320 808 1395 894
1 0.746636 2205 634 2307 732
1 0.745931 1606 679 1712 760
1 0.744288 1259 314 1320 376
1 0.742531 931 650 980 709
1 0.741019 1442 192 1506 247
1 0.740678 1261 264 1319 325
1 0.740302 1724 845 1818 922
1 0.739616 1941 1165 2038 1263
1 0.737467 1797 626 1903 723
1 0.737169 1184 832 1251 912
1 0.735906 1113 782 1185 845
1 0.733443 949 995 1000 1076
1 0.729839 1544 935 1627 1032
1 0.729073 904 1013 951 1082
1 0.728888 900 1133 950 1204
1 0.72881 1101 1210 1173 1280
3 0.726939 1445 490 1529 562
1 0.726693 1045 1069 1107 1137
1 0.724617 2142 1026 2244 1147
1 0.7232 2007 851 2135 958
1 0.722167 1389 801 1451 890
1 0.721297 2114 746 2222 847
1 0.720636 1005 371 1049 424
1 0.720053 1391 1208 1460 1296
1 0.719829 2349 892 2441 1001
1 0.718671 1379 389 1447 452
1 0.718205 1200 503 1257 569
1 0.717889 2457 495 2603 577
1 0.716972 1001 416 1045 470
1 0.7159 1503 127 1566 182
1 0.714195 2354 196 2503 270
1 0.714156 1611 753 1719 851
1 0.714104 2326 135 2478 204
1 0.710683 1504 177 1571 235
1 0.710239 947 1133 998 1205
1 0.709495 917 762 968 828
1 0.709305 1968 507 2081 604
1 0.708391 2361 994 2453 1098
1 0.707975 2388 594 2491 694
1 0.707051 1120 652 1191 717
1 0.704924 1542 854 1619 944
1 0.701988 1008 996 1107 1071
1 0.700211 1383 272 1446 331
1 0.69308 2331 796 2427 900
1 0.691653 1142 305 1206 362
1 0.688537 915 825 966 889
1 0.688042 966 756 1014 823
1 0.686008 1535 690 1611 776
3 0.685719 945 1282 995 1357
1 0.682763 1599 599 1707 686
1 0.682712 1035 454 1082 505
1 0.682415 1390 510 1447 583
1 0.677741 1077 497 1129 556
1 0.677195 936 594 982 653
1 0.676136 1442 141 1505 196
1 0.675377 2315 702 2410 807
1 0.675049 912 886 963 950
1 0.674539 964 818 1013 884
1 0.674149 949 1075 999 1133
3 0.672108 1187 762 1253 836
1 0.670628 1957 434 2064 521
1 0.668465 1111 842 1184 924
3 0.668237 994 1282 1099 1355
1 0.666976 1713 740 1811 840
1 0.665381 1319 1047 1459 1131
3 0.663523 1638 1291 1735 1401
1 0.663136 1701 579 1798 687
1 0.661875 2102 661 2214 758
1 0.660693 1388 448 1448 515
1 0.659648 1539 775 1614 861
1 0.658481 2566 171 2683 240
1 0.657662 1929 974 2018 1071
1 0.65757 968 695 1017 755
1 0.65757 1036 1137 1105 1204
1 0.653171 1108 919 1181 990
1 0.649264 1190 699 1252 772
1 0.645771 1900 616 1988 714
1 0.6456 1692 504 1786 587
1 0.64434 1323 395 1447 459
1 0.644257 1335 961 1455 1050
1 0.643509 961 385 1008 440
1 0.641157 1319 1130 1394 1209
1 0.638561 1706 673 1803 746
1 0.637731 1442 242 1510 305
1 0.634875 2529 111 2675 174
1 0.634492 1522 408 1588 470
1 0.633811 902 1079 951 1133
1 0.63006 952 943 1001 1000
1 0.629961 1323 523 1391 596
1 0.628682 907 948 954 1016
1 0.626962 2496 50 2650 114
1 0.624621 994 1137 1103 1207
1 0.623563 1383 215 1446 277
1 0.622191 1321 336 1385 399
1 0.618973 1040 404 1086 457
1 0.617173 1824 1267 1952 1390
1 0.615298 923 705 970 762
1 0.611587 989 471 1035 522
1 0.605894 2189 544 2289 645
1 0.605329 1317 888 1421 971
1 0.603543 940 537 984 599
1 0.602993 1620 850 1725 932
1 0.602207 2218 271 2390 373
1 0.599474 1442 300 1514 368
3 0.59784 2458 1185 2524 1251
1 0.595559 2172 459 2265 552
1 0.594855 900 1279 946 1348
1 0.593185 1203 449 1257 513
1 0.588637 1890 153 1994 230
1 0.5881 1032 609 1124 672
1 0.583025 2370 1086 2459 1192
1 0.58011 1391 1127 1459 1207
3 0.578782 1741 1284 1818 1393
1 0.573491 1060 668 1121 732
1 0.572977 2373 507 2463 601
1 0.565301 1529 538 1599 618
1 0.565073 1379 880 1452 967
1 0.564107 1443 362 1520 428
1 0.561844 2301 617 2396 713
1 0.560771 993 1208 1102 1281
1 0.560294 1136 356 1204 413
1 0.554286 1685 426 1781 504
2 0.553435 1101 1279 1169 1345
1 0.553329 998 929 1109 995
1 0.541863 1242 1284 1317 1362
1 0.537553 2242 368 2363 460
1 0.537093 1028 552 1125 609
1 0.536728 2035 1152 2146 1260
1 0.53618 1014 733 1117 802
3 0.534108 1391 1296 1460 1398
1 0.53402 2520 747 2671 847
3 0.532427 1204 338 1257 396
1 0.530286 1013 797 1115 856
1 0.528945 1065 608 1125 671
1 0.525807 1124 578 1195 653
1 0.524722 2593 837 2686 938
1 0.521604 2076 128 2165 197
1 0.520271 1759 340 1847 419
1 0.518937 1324 456 1410 527
1 0.517335 2062 415 2161 500
1 0.513515 2634 46 2688 112
1 0.51304 1058 554 1126 610
1 0.511622 1460 1297 1545 1397
1 0.500824 949 484 990 538
