1 0.861573 1825 985 1939 1089
1 0.85466 1999 773 2127 868
1 0.848287 2019 1054 2148 1164
1 0.846761 1827 1082 1943 1185
1 0.846117 901 1211 951 1280
1 0.84524 1832 1178 1944 1272
1 0.84383 2431 875 2539 978
1 0.843089 1445 429 1528 496
1 0.842512 2011 957 2145 1060
1 0.837611 1815 806 1923 901
1 0.83258 1735 1098 1828 1197
1 0.832391 2438 973 2550 1081
1 0.831402 1807 715 1913 810
1 0.830051 1799 637 1903 721
1 0.827967 1820 897 1931 992
1 0.827928 1942 1076 2023 1176
1 0.826404 1449 637 1537 719
1 0.824393 2501 661 2652 770
1 0.823262 1180 1138 1253 1212
1 0.820683 1248 979 1324 1060
1 0.818919 2225 819 2346 925
1 0.818328 1641 1106 1736 1203
1 0.81706 1107 1135 1180 1208
1 0.81681 1102 1212 1173 1286
1 0.816045 1181 913 1253 990
1 0.815793 1790 557 1893 642
1 0.81536 1182 986 1251 1064
1 0.814312 1732 1005 1826 1103
1 0.813806 1459 954 1547 1040
1 0.813442 2416 782 2528 880
1 0.812497 1639 1018 1734 1112
1 0.812068 1393 963 1461 1051
1 0.811606 1989 683 2111 780
1 0.810987 1111 852 1183 926
1 0.810378 1533 623 1609 703
1 0.809906 1324 739 1399 820
1 0.809782 1251 1058 1328 1135
1 0.80944 1935 979 2018 1079
1 0.808269 2202 641 2319 735
1 0.807339 1182 1063 1254 1137
1 0.807172 1443 366 1524 433
1 0.807087 1251 1136 1326 1213
1 0.806148 901 1146 953 1208
1 0.804917 1108 991 1181 1066
1 0.80448 1462 1035 1552 1124
1 0.802958 2236 916 2358 1019
1 0.801533 1721 825 1819 921
1 0.80058 1247 904 1323 984
1 0.800432 1456 870 1545 960
1 0.800393 2241 1013 2367 1125
1 0.800138 1455 792 1543 879
1 0.799604 1980 600 2100 689
1 0.799261 1321 811 1398 894
1 0.799063 1318 890 1396 975
1 0.797107 1550 1028 1633 1118
1 0.795856 1726 915 1823 1007
1 0.79233 1454 715 1541 800
1 0.791038 1319 971 1398 1055
1 0.790811 1391 884 1458 969
1 0.788524 1060 734 1121 807
1 0.78798 1924 892 2010 985
1 0.787747 1915 801 2004 893
1 0.787461 2028 1153 2154 1252
1 0.78704 1108 1066 1182 1136
1 0.784839 1775 409 1869 484
1 0.784148 1530 545 1603 624
1 0.781232 2383 267 2537 339
1 0.781112 1046 998 1110 1070
1 0.780657 1118 718 1190 790
1 0.778649 947 1212 998 1283
1 0.777193 2213 728 2333 826
1 0.777169 2409 335 2562 422
1 0.777088 1624 933 1730 1023
1 0.776708 1322 1051 1401 1132
1 0.776389 1906 709 2000 804
1 0.775755 1115 788 1185 857
1 0.775045 1048 933 1112 1002
1 0.774212 1944 1169 2030 1266
1 0.773689 1254 615 1323 690
1 0.771328 1047 1070 1110 1136
1 0.769951 1506 134 1569 189
1 0.769104 1713 747 1812 831
1 0.767732 1463 1118 1554 1206
1 0.767593 1109 924 1181 994
1 0.767477 1764 343 1856 413
1 0.767165 1260 490 1324 557
1 0.766817 1392 804 1458 888
1 0.766069 1182 838 1258 919
1 0.764802 1897 631 1987 713
1 0.761764 951 1014 1002 1081
1 0.761708 1254 683 1326 759
1 0.76128 1446 560 1533 642
1 0.759693 2003 861 2139 966
1 0.759121 1707 667 1807 753
1 0.758448 952 1144 1003 1209
1 0.757493 1047 1144 1109 1210
1 0.757346 1326 339 1440 398
1 0.755289 1397 1048 1464 1132
1 0.754731 905 1015 954 1085
1 0.753656 1059 801 1118 868
1 0.752983 1643 1200 1738 1303
3 0.752792 1103 1283 1170 1376
1 0.752678 998 1075 1049 1137
1 0.74391 960 870 1010 951
1 0.741659 1257 372 1324 438
1 0.741298 1323 457 1446 523
1 0.74001 1553 1112 1636 1203
1 0.739877 1054 863 1115 936
1 0.73701 1954 442 2067 522
1 0.735771 1542 855 1623 946
3 0.735184 1445 494 1531 563
1 0.734317 1967 516 2084 608
1 0.73324 1782 481 1882 562
1 0.732936 1174 1216 1244 1287
1 0.732836 1545 942 1627 1031
1 0.732081 1254 753 1327 833
1 0.731971 1066 611 1127 677
1 0.730998 2436 413 2582 503
1 0.729515 1006 864 1058 942
1 0.728127 1756 278 1841 347
1 0.726659 903 1081 954 1148
1 0.722846 2443 1072 2554 1159
1 0.7226 1602 602 1706 681
1 0.722326 1062 676 1124 739
1 0.72175 1621 851 1724 937
1 0.721236 1393 1214 1462 1309
1 0.720374 2185 550 2299 644
1 0.720059 1597 529 1702 605
1 0.719939 1324 284 1438 342
1 0.715166 1702 581 1800 663
3 0.714623 945 1284 996 1365
1 0.712856 2404 692 2507 788
1 0.712034 999 1002 1050 1076
1 0.711922 952 1079 1002 1139
1 0.709185 1513 289 1581 346
1 0.706823 1257 551 1324 622
1 0.706075 1392 726 1456 813
1 0.703899 1321 1132 1397 1213
1 0.703521 1538 697 1614 780
1 0.702511 992 477 1041 526
1 0.701201 2360 202 2509 271
1 0.699911 2244 1110 2370 1209
1 0.699876 2484 579 2625 674
3 0.699389 900 1282 948 1357
1 0.698902 914 876 967 956
1 0.697732 996 1143 1049 1210
1 0.694018 951 948 1004 1021
1 0.693637 2108 670 2210 766
3 0.691883 1391 1309 1463 1399
1 0.690627 2135 846 2234 947
1 0.685315 1318 1216 1396 1305
1 0.68475 2231 94 2316 164
1 0.683267 1510 236 1577 293
1 0.679163 1037 553 1129 614
1 0.679149 1524 419 1593 483
1 0.678321 1739 1191 1832 1283
1 0.677885 1750 212 1831 282
1 0.676839 1584 336 1678 393
1 0.675173 1594 461 1696 533
1 0.674976 1527 480 1597 545
1 0.671844 1621 767 1717 854
1 0.671514 1441 306 1517 371
3 0.669958 1202 344 1250 402
1 0.666512 1252 823 1325 910
1 0.666332 2131 328 2230 396
1 0.666139 958 442 1004 491
1 0.665849 1611 681 1711 768
1 0.665422 1004 417 1049 474
1 0.663896 1193 634 1257 709
3 0.662699 1643 1301 1736 1393
1 0.659337 1540 777 1621 862
1 0.659179 965 817 1013 878
1 0.654971 1934 365 2048 445
3 0.654173 1141 310 1206 367
1 0.65273 1519 351 1589 419
1 0.652545 1039 1211 1106 1285
1 0.647116 969 750 1015 825
1 0.646824 908 952 957 1035
1 0.645787 2121 760 2221 854
1 0.642365 1123 649 1194 722
1 0.641994 1244 1217 1317 1291
3 0.640451 1175 1286 1240 1356
1 0.640227 2333 141 2486 209
1 0.639029 1323 670 1394 747
1 0.637829 2157 119 2245 183
1 0.636686 2369 515 2465 608
1 0.634444 1034 494 1130 555
1 0.632428 1396 1130 1462 1211
1 0.627682 940 596 988 654
3 0.626464 2492 54 2660 122
1 0.623926 965 393 1012 444
1 0.623135 1326 395 1443 463
3 0.622582 2618 309 2688 388
1 0.621797 1895 161 1998 237
1 0.621705 1579 273 1671 335
1 0.620203 1463 1206 1549 1305
1 0.618476 2172 471 2277 554
1 0.618443 2141 940 2240 1047
1 0.618061 1437 253 1513 313
3 0.615904 1204 294 1248 350
3 0.611868 1391 654 1452 731
1 0.610635 2298 286 2394 364
3 0.608271 1032 1285 1108 1376
1 0.604106 2147 1037 2240 1153
1 0.603646 1009 375 1051 423
1 0.602166 999 424 1047 482
1 0.59805 972 353 1017 393
1 0.597748 1012 743 1063 817
1 0.597198 928 709 975 760
1 0.597075 1589 394 1684 438
1 0.589822 1017 682 1065 746
1 0.587023 935 650 983 710
1 0.585417 1693 505 1790 581
3 0.580917 1322 529 1390 605
1 0.576821 2463 497 2606 590
1 0.57497 2327 360 2421 446
1 0.574297 1923 300 2034 367
1 0.573471 2323 721 2423 814
1 0.573257 1204 454 1259 517
1 0.572335 923 766 971 831
1 0.572068 978 641 1028 698
1 0.570343 2518 756 2671 859
1 0.570326 987 539 1032 588
1 0.567895 988 526 1035 582
3 0.567477 2600 240 2688 311
1 0.562449 2387 605 2491 695
1 0.561825 1023 616 1070 682
1 0.556291 986 583 1030 641
1 0.555646 1048 401 1135 452
1 0.555626 2562 176 2687 243
3 0.549612 1945 1261 2042 1346
1 0.545077 2443 1084 2553 1184
1 0.544225 995 1211 1046 1284
1 0.54247 1197 568 1258 641
1 0.542217 1010 807 1060 870
1 0.539391 944 546 989 599
1 0.53701 1041 451 1119 502
1 0.536949 1202 509 1260 574
3 0.534754 1506 184 1573 240
1 0.534186 1127 581 1197 651
1 0.532013 1339 174 1436 239
3 0.528802 1139 363 1203 419
3 0.527835 1315 1307 1390 1400
1 0.527623 1861 394 1952 474
1 0.527346 1666 238 1757 298
3 0.520891 1387 584 1448 657
1 0.519258 1686 430 1783 505
1 0.51235 1678 359 1773 430
1 0.510326 1551 1205 1640 1303
1 0.507155 1488 1205 1639 1305
3 0.505609 1129 472 1200 530
1 0.504602 971 696 1021 754
1 0.503427 2244 375 2335 468
1 0.502512 2532 116 2684 181
