1 0.862835 1637 1108 1738 1201
1 0.859737 2003 769 2125 870
1 0.849274 1831 1079 1940 1184
1 0.841943 1327 472 1392 540
1 0.841851 2017 952 2145 1058
1 0.841435 1835 1177 1945 1273
1 0.841409 1827 984 1937 1089
1 0.840947 2028 1047 2147 1161
1 0.839961 1634 1019 1736 1113
1 0.834832 2146 941 2245 1041
1 0.833367 1810 713 1913 815
1 0.832767 1460 954 1549 1043
1 0.83245 1821 897 1930 994
1 0.829775 1803 633 1906 724
1 0.827155 1182 1142 1251 1215
1 0.826918 1463 1040 1557 1128
1 0.826648 1938 1071 2031 1177
1 0.826035 1738 1098 1832 1197
1 0.825975 1450 563 1532 645
1 0.825289 1457 871 1546 960
1 0.824719 1734 1003 1828 1104
1 0.824547 1110 1138 1180 1208
1 0.82243 1464 1122 1558 1209
1 0.821629 1548 946 1628 1035
1 0.820467 1727 914 1824 1008
1 0.820393 2207 639 2314 734
1 0.819375 2137 842 2239 950
1 0.81785 1110 926 1185 996
1 0.817116 1721 826 1820 923
1 0.817003 2429 874 2545 982
1 0.81637 1184 989 1251 1064
1 0.816087 1326 354 1390 418
1 0.813913 1554 1030 1633 1121
1 0.812548 1183 1065 1253 1140
1 0.810314 1326 744 1394 823
1 0.810133 1626 930 1731 1024
1 0.808125 1113 854 1187 926
1 0.808065 2435 974 2556 1094
1 0.807776 1557 1115 1636 1202
1 0.807485 1320 1215 1393 1301
1 0.807271 1250 982 1324 1060
1 0.806866 1251 1061 1327 1137
1 0.806493 1110 995 1182 1068
1 0.806265 1187 916 1250 990
1 0.805687 1111 1068 1183 1138
1 0.805393 2123 751 2227 856
1 0.804241 1544 859 1624 952
1 0.802896 1319 897 1393 975
1 0.801689 1325 672 1392 749
1 0.800853 1391 965 1460 1052
1 0.799565 1454 641 1536 723
1 0.79885 1254 615 1326 689
1 0.798542 1251 1139 1325 1214
1 0.796631 2420 781 2527 884
1 0.7965 1993 678 2112 784
1 0.796112 1321 974 1395 1054
1 0.794452 1248 906 1323 984
1 0.794145 2220 726 2329 829
1 0.792955 1104 1213 1173 1286
1 0.792685 1457 791 1541 879
1 0.791089 1465 1206 1555 1306
1 0.790441 1933 976 2026 1078
1 0.789114 1252 829 1326 907
1 0.788692 1623 844 1725 934
1 0.785892 1942 1166 2030 1269
1 0.783911 1392 807 1456 890
1 0.783616 1324 1053 1397 1133
1 0.783565 1323 819 1395 898
1 0.783072 1248 1217 1321 1295
1 0.782561 1119 714 1190 788
1 0.781793 1390 887 1456 969
1 0.781501 1325 603 1390 679
1 0.779685 1189 840 1253 917
1 0.778354 2032 1152 2146 1259
1 0.778311 1177 1218 1247 1292
1 0.777946 1394 1212 1463 1306
1 0.777019 1925 892 2015 988
1 0.776914 1389 333 1443 398
1 0.775702 1970 512 2086 610
1 0.773548 2251 1013 2368 1127
1 0.772986 2483 577 2631 676
1 0.772191 1706 652 1807 740
1 0.769469 2234 818 2346 924
1 0.769341 1116 788 1189 857
1 0.768311 1047 997 1112 1069
1 0.767242 1619 758 1719 848
1 0.767205 1393 730 1455 814
1 0.76682 1980 594 2099 690
1 0.76591 1259 546 1326 621
1 0.765806 2390 604 2491 699
1 0.763685 1742 1189 1834 1274
1 0.763558 1389 584 1450 660
1 0.763547 1714 736 1814 832
3 0.762347 1390 392 1445 459
1 0.762296 1794 548 1896 643
1 0.761303 1391 274 1441 338
1 0.760493 1324 1134 1396 1213
1 0.757355 1960 437 2071 525
1 0.755783 1049 1070 1111 1135
3 0.75381 1392 516 1450 588
1 0.75379 1254 684 1326 756
1 0.752469 928 706 976 759
1 0.74943 1254 755 1328 831
1 0.748279 1392 454 1449 520
1 0.747147 1815 804 1922 903
1 0.746367 1395 1050 1463 1132
1 0.74634 1613 681 1712 763
1 0.744685 1048 1137 1110 1207
1 0.744334 1456 718 1538 797
1 0.743203 1517 288 1582 354
1 0.743066 1521 351 1590 415
1 0.742333 967 815 1015 873
2 0.740802 2129 1314 2172 1374
1 0.738375 1525 412 1595 470
1 0.736336 2502 661 2653 763
1 0.735525 1060 800 1117 865
1 0.733599 1122 649 1194 718
1 0.732079 962 870 1012 942
1 0.730506 1327 412 1391 481
1 0.72914 2008 856 2139 968
1 0.729119 1056 861 1115 931
1 0.727525 967 388 1013 442
2 0.72741 1949 1269 2021 1333
1 0.72715 2441 1080 2560 1175
1 0.726055 2567 175 2685 244
1 0.725309 1062 733 1120 803
1 0.725162 2110 666 2214 763
1 0.724506 922 758 970 825
1 0.721564 1542 777 1620 862
1 0.719631 2410 691 2506 788
1 0.718717 1393 174 1439 233
1 0.713076 959 440 1004 489
1 0.711895 1509 133 1568 186
1 0.710156 1943 364 2046 446
3 0.70985 2505 53 2655 117
1 0.707744 1063 672 1123 736
1 0.705249 1049 932 1113 1001
1 0.70456 1916 798 2007 897
1 0.70232 1900 622 1988 718
2 0.701033 1845 1271 1953 1342
1 0.700503 1911 702 2000 806
1 0.699806 970 745 1017 816
1 0.698383 1757 273 1842 349
1 0.696232 1191 772 1254 844
1 0.695504 2439 410 2577 498
1 0.695198 2146 1034 2246 1146
1 0.69227 1005 419 1049 473
1 0.689424 1532 541 1603 623
1 0.688074 1929 298 2036 371
1 0.687741 1701 565 1799 657
1 0.684129 1889 542 1976 633
1 0.682367 1395 1131 1463 1212
1 0.682307 1554 1202 1636 1298
1 0.681413 2191 549 2294 651
3 0.68015 1326 236 1393 303
1 0.676609 1539 694 1614 780
1 0.675345 1040 453 1100 506
1 0.673759 991 474 1041 525
1 0.671294 2244 915 2361 1022
1 0.669599 1878 469 1966 549
1 0.663399 2413 337 2555 424
1 0.663335 1603 605 1707 685
1 0.662175 1257 372 1324 437
1 0.660925 1198 637 1255 711
1 0.657462 2309 622 2401 724
1 0.654009 1536 624 1606 701
1 0.653597 1326 292 1393 359
1 0.65356 1787 473 1882 553
1 0.653336 1066 610 1127 673
1 0.653049 955 943 1004 995
1 0.651838 2373 515 2466 612
1 0.650124 1599 527 1703 608
2 0.647283 2069 1322 2129 1378
2 0.645378 1956 1329 2019 1384
1 0.643597 935 654 983 709
3 0.640794 1252 266 1324 330
1 0.638002 920 824 968 878
1 0.637743 1260 486 1326 555
1 0.637434 1010 365 1052 422
1 0.637192 1059 550 1129 612
1 0.636427 2226 301 2318 388
1 0.635288 1014 736 1063 807
1 0.634702 973 696 1020 756
1 0.630321 2527 753 2677 851
1 0.629952 1448 428 1527 497
3 0.62918 1446 362 1524 433
3 0.629009 1319 1303 1390 1401
1 0.625209 1672 233 1760 306
1 0.623831 1007 864 1059 938
1 0.621952 1590 330 1682 402
1 0.616247 2463 491 2611 588
1 0.61361 1131 526 1203 583
1 0.610986 2245 378 2339 460
1 0.608981 1595 457 1697 532
1 0.605444 2385 268 2527 346
1 0.602055 1443 301 1520 373
1 0.600631 1013 806 1062 867
1 0.598263 2323 713 2416 808
1 0.596356 1046 403 1106 456
1 0.59607 1038 500 1130 556
3 0.594751 1392 1305 1464 1403
1 0.592819 1766 342 1851 413
1 0.588858 1260 429 1325 495
1 0.586444 1865 395 1953 474
1 0.581753 1528 468 1596 541
1 0.58153 2175 463 2271 555
2 0.580199 1552 1302 1635 1391
1 0.578854 2097 580 2202 677
1 0.573091 1696 500 1793 573
1 0.567105 1142 362 1207 415
1 0.566322 973 345 1019 391
1 0.549256 1391 656 1452 733
1 0.547065 1896 154 1997 235
3 0.544322 1253 321 1325 378
1 0.544315 1127 581 1199 650
1 0.542321 2305 79 2451 154
1 0.540568 1448 491 1531 567
1 0.539911 2598 241 2686 312
1 0.535738 1595 399 1689 459
1 0.532983 1019 676 1065 737
1 0.532162 954 489 995 535
1 0.530896 2333 357 2421 446
1 0.529733 2536 113 2677 180
1 0.528455 915 876 965 947
1 0.528407 2361 203 2508 277
3 0.527837 1208 398 1254 461
1 0.527166 1201 565 1261 639
1 0.526439 1777 403 1870 480
1 0.521901 1040 1210 1106 1285
1 0.521842 987 520 1036 577
1 0.519479 1059 306 1109 360
1 0.51484 1441 245 1516 311
1 0.514664 1026 613 1074 673
1 0.508024 1637 1198 1745 1298
1 0.507898 1146 260 1219 314
2 0.506057 2019 1326 2068 1381
1 0.504706 983 1141 1050 1208
1 0.504464 2203 242 2299 312
1 0.50427 2234 91 2320 165
2 0.502712 2066 1269 2128 1325
1 0.502341 953 1019 1001 1077
1 0.5002 1204 507 1260 575
