1 0.864027 1732 1006 1831 1104
1 0.85134 1389 1214 1460 1308
1 0.851269 1631 1023 1733 1115
1 0.849353 1635 1110 1736 1203
1 0.847196 2016 953 2144 1060
1 0.845796 1736 1100 1835 1198
1 0.840128 2009 860 2137 965
1 0.837906 1259 371 1325 437
1 0.836786 1637 1202 1740 1300
1 0.83422 2025 1152 2146 1253
1 0.833928 2142 943 2244 1043
1 0.831482 2003 773 2127 874
1 0.83148 1442 370 1525 433
1 0.828996 1320 1216 1390 1303
1 0.827506 2538 844 2686 949
1 0.825507 1179 1140 1251 1212
1 0.825293 2023 1048 2146 1164
1 0.824431 1108 1140 1176 1209
1 0.822872 1184 991 1251 1065
1 0.819336 1709 666 1811 757
1 0.818473 1324 1052 1397 1135
1 0.816912 1247 1216 1320 1296
1 0.816501 2443 973 2552 1085
1 0.816416 1726 914 1826 1011
1 0.816245 1720 832 1823 919
1 0.815854 995 1213 1103 1285
1 0.815611 1738 1195 1835 1288
1 0.815385 997 1141 1108 1210
1 0.815218 1714 750 1817 837
1 0.815076 2146 1132 2254 1237
1 0.814816 1457 872 1544 958
1 0.814103 1702 581 1799 668
1 0.813231 2133 850 2238 948
1 0.812264 1507 184 1579 240
1 0.811363 1618 766 1719 856
1 0.809727 1459 1036 1553 1124
1 0.809279 1249 981 1325 1060
1 0.808015 1461 1118 1555 1208
1 0.807046 1112 929 1183 998
1 0.806796 1458 954 1547 1041
1 0.806257 1980 601 2098 689
1 0.80614 1189 771 1258 846
1 0.805701 1255 757 1327 833
1 0.805552 1551 1030 1633 1119
1 0.805469 1457 794 1543 879
1 0.805284 1321 893 1392 975
1 0.805085 2461 500 2609 588
1 0.804531 1110 997 1180 1071
1 0.804316 1251 1059 1327 1137
1 0.803837 1248 905 1324 984
1 0.803478 1114 855 1187 928
1 0.802944 1251 1137 1325 1213
1 0.802527 1545 948 1628 1034
1 0.8022 1259 431 1324 494
1 0.802187 1260 492 1323 557
1 0.801918 1444 429 1530 499
1 0.801575 1942 1177 2026 1272
1 0.800026 1000 997 1110 1075
1 0.799565 1185 918 1250 991
1 0.799313 1191 704 1256 778
1 0.799166 1389 888 1455 969
1 0.798926 1253 686 1324 761
1 0.797808 1182 1065 1254 1138
1 0.797565 1542 861 1623 952
1 0.796362 1187 840 1256 920
1 0.796186 1622 853 1725 945
1 0.795868 1253 827 1326 909
1 0.795068 1321 971 1393 1056
1 0.793017 1323 1134 1396 1213
1 0.792106 2437 416 2587 504
1 0.791349 1110 1071 1179 1141
1 0.790636 999 1074 1109 1140
1 0.790448 1835 1181 1947 1281
1 0.790204 1625 946 1729 1030
1 0.789025 1389 965 1457 1053
1 0.787026 1323 671 1395 748
1 0.785013 1394 1049 1460 1132
1 0.784713 1613 675 1711 769
1 0.783832 2124 763 2228 859
1 0.783785 1460 1206 1550 1305
1 0.783436 1450 642 1537 723
1 0.7832 1455 718 1541 799
1 0.782631 2356 208 2505 279
1 0.78246 2435 875 2536 979
1 0.780395 1253 619 1322 693
1 0.780204 1996 680 2112 786
1 0.779866 1445 566 1534 648
1 0.777685 1820 807 1921 901
1 0.777248 1325 741 1399 820
1 0.777017 1783 472 1963 558
1 0.775518 1440 310 1518 374
1 0.77443 1325 339 1439 400
1 0.772286 1834 1081 1941 1185
1 0.772226 2449 1075 2562 1186
1 0.771398 2547 941 2688 1047
1 0.770336 1116 787 1189 859
1 0.769248 1554 1115 1637 1205
1 0.76875 1323 812 1396 896
1 0.768205 1130 529 1198 591
1 0.76802 1391 657 1450 739
1 0.766759 2247 1010 2365 1122
1 0.766532 1542 773 1620 865
1 0.765691 1257 553 1322 627
1 0.764824 2481 581 2627 669
1 0.763381 2095 586 2205 674
1 0.763187 1549 1205 1638 1303
1 0.762652 2412 345 2557 425
1 0.762533 1392 807 1455 891
1 0.762479 1174 1218 1244 1290
1 0.762116 1608 600 1706 676
1 0.761745 1444 496 1533 572
1 0.76117 1394 1130 1461 1212
1 0.761101 2523 751 2681 856
1 0.760535 1954 442 2068 526
1 0.759751 2383 275 2533 349
1 0.758289 1193 635 1255 708
1 0.754637 1326 283 1437 342
1 0.754447 1103 1216 1165 1287
1 0.754243 951 1079 1001 1141
1 0.751155 1811 715 1914 815
1 0.748356 1793 551 1974 640
1 0.747965 2109 668 2216 770
1 0.747526 1118 718 1191 789
1 0.746063 2308 74 2454 150
1 0.743507 1587 330 1681 402
1 0.741811 2242 912 2356 1018
1 0.736057 1967 518 2084 609
1 0.735441 1395 731 1453 814
1 0.735184 1324 230 1436 287
1 0.735034 1937 1076 2026 1180
1 0.734725 2456 1175 2567 1271
1 0.73289 934 652 982 712
1 0.732713 2333 143 2482 213
1 0.731209 1605 536 1700 605
1 0.726271 1539 694 1616 780
1 0.726024 1513 291 1585 349
1 0.7244 1014 802 1118 866
1 0.724384 1666 233 1757 305
1 0.723335 1534 619 1610 703
1 0.720656 1597 472 1696 541
1 0.714728 1031 497 1133 559
1 0.713305 903 1082 954 1143
1 0.712765 1840 1273 1952 1349
1 0.708858 1674 299 1767 373
1 0.708603 901 1210 949 1281
1 0.708131 1680 368 1772 433
1 0.708091 1527 415 1596 484
1 0.708017 1046 395 1144 453
1 0.707028 905 1020 955 1083
1 0.706874 1001 934 1113 1000
1 0.706636 1389 588 1446 663
1 0.705951 1909 704 2001 805
1 0.703773 946 1212 996 1284
1 0.702243 1323 457 1445 524
1 0.701697 1520 354 1589 416
1 0.700885 1132 473 1198 534
1 0.699724 1694 507 1791 586
3 0.698854 2503 54 2658 117
1 0.696953 1533 547 1606 624
1 0.696327 1038 445 1139 498
1 0.695594 2555 1036 2688 1138
1 0.692885 1688 429 1783 506
1 0.692805 1123 656 1193 720
1 0.688212 2218 719 2414 826
1 0.687092 2254 1112 2367 1215
1 0.686271 2202 232 2355 316
1 0.684479 1009 862 1117 937
1 0.684297 1015 739 1121 809
1 0.681832 2505 661 2657 763
1 0.681457 1531 478 1599 547
1 0.678697 1505 133 1574 188
1 0.677234 1438 253 1513 314
1 0.676802 1947 1267 2025 1374
1 0.676578 959 443 1004 491
1 0.673322 2420 778 2532 885
1 0.672831 951 1013 1001 1082
1 0.669165 1774 403 1947 477
1 0.668374 902 1136 954 1206
1 0.666688 2079 504 2189 591
1 0.664596 1803 634 1904 722
1 0.663654 1259 322 1325 378
1 0.660145 949 1142 997 1209
1 0.657436 1139 411 1200 471
1 0.656279 961 871 1013 946
1 0.654636 2232 816 2346 922
1 0.653523 962 399 1009 447
1 0.652517 1582 261 1673 331
1 0.651895 2207 636 2398 734
1 0.64718 2348 906 2440 1009
1 0.645525 1915 798 2007 894
1 0.642666 1926 304 2035 374
1 0.641358 1356 521 1445 591
1 0.637855 922 753 972 833
1 0.637651 2025 1246 2151 1383
1 0.637216 1202 458 1259 516
1 0.634888 913 888 967 954
1 0.634487 2182 181 2343 239
1 0.63247 1203 294 1261 348
1 0.632311 1900 168 2001 240
1 0.628984 1830 982 1935 1090
1 0.627718 940 598 986 656
1 0.622517 2143 1034 2247 1144
1 0.622382 1382 521 1445 593
1 0.620408 1002 421 1050 477
1 0.620093 1325 399 1442 461
1 0.61946 1511 237 1582 293
1 0.616665 1199 510 1260 574
1 0.614609 951 945 1003 1018
1 0.614372 1802 634 1976 721
1 0.612501 927 708 975 764
1 0.612199 1824 895 1927 990
1 0.609432 2629 568 2688 653
1 0.608236 1196 571 1258 642
1 0.604646 1030 554 1131 616
2 0.602936 1244 1291 1317 1370
1 0.600648 1737 1286 1835 1363
1 0.596011 2605 483 2688 574
3 0.595512 1457 1310 1545 1387
1 0.589154 1544 1305 1636 1376
1 0.589046 1912 237 2019 308
1 0.58266 1766 334 1928 407
2 0.580358 1318 1303 1387 1379
1 0.578516 1929 976 2021 1084
1 0.575196 1127 587 1195 655
1 0.57437 2224 304 2380 386
1 0.573004 1143 359 1202 416
1 0.571294 1321 599 1391 675
1 0.570673 2338 807 2430 912
1 0.570626 2189 548 2350 646
1 0.568687 2373 519 2473 603
1 0.566896 1019 678 1122 741
1 0.566162 2358 1002 2447 1108
1 0.565302 1766 339 1866 412
1 0.563337 2098 192 2188 258
1 0.561169 2063 422 2176 508
1 0.558453 1435 144 1507 208
1 0.552099 2582 389 2687 488
2 0.546596 995 1288 1101 1374
1 0.544219 971 358 1018 403
1 0.543452 1023 615 1128 681
1 0.542769 2161 104 2324 177
1 0.539837 1824 893 2012 991
3 0.538908 945 1285 996 1367
1 0.53767 1760 268 1923 339
1 0.536537 971 699 1019 758
2 0.531009 1172 1292 1239 1364
1 0.527711 1325 184 1436 241
1 0.526766 2649 645 2688 743
1 0.524597 2392 599 2493 695
1 0.523861 1013 365 1056 411
1 0.520768 1636 1295 1737 1372
1 0.520717 1149 309 1207 363
1 0.519823 2269 447 2429 544
1 0.519741 1008 371 1053 426
1 0.516178 2407 687 2525 791
1 0.506708 1924 888 2013 985
1 0.500625 2207 639 2345 733
1 0.500329 966 819 1017 881
