3 0.857336 665 138 724 194
3 0.855429 1003 142 1052 206
3 0.854188 998 72 1052 140
3 0.839688 665 186 726 233
3 0.824581 1003 208 1052 265
3 0.810546 944 208 1003 267
3 0.80698 621 198 664 239
3 0.802009 619 154 665 199
3 0.796531 194 241 223 262
3 0.781386 666 231 722 277
3 0.746414 223 223 264 244
3 0.742876 263 244 298 267
3 0.720268 944 143 1001 209
3 0.714546 223 243 263 266
3 0.711558 264 225 298 244
3 0.702752 472 138 510 169
3 0.699467 471 168 507 199
3 0.689666 164 241 193 262
3 0.655039 194 220 223 241
3 0.636178 194 262 222 270
3 0.635125 473 108 510 140
3 0.629621 630 238 665 277
3 0.628194 408 140 442 166
3 0.626695 445 121 470 148
3 0.625709 874 242 944 270
3 0.617304 471 198 501 226
3 0.615743 447 228 472 255
3 0.588894 445 147 470 177
3 0.580955 445 200 471 228
3 0.556911 443 175 470 204
2 0.556589 169 220 193 240
3 0.51926 407 160 441 187
3 0.507231 574 179 622 210
