2 0.888347 350 97 370 119
2 0.881091 446 151 482 169
2 0.879451 501 132 538 151
2 0.879384 406 112 446 132
2 0.878983 406 132 446 151
2 0.875487 445 112 482 131
2 0.873913 446 131 482 151
2 0.873468 354 137 373 159
2 0.872994 482 151 501 169
3 0.87296 583 7 620 29
2 0.872693 447 169 483 187
2 0.87073 406 169 447 187
2 0.869937 482 91 501 111
2 0.869082 406 151 447 169
2 0.868457 500 151 537 169
2 0.866175 482 169 500 187
2 0.865044 482 131 501 151
2 0.864821 501 111 538 132
2 0.864814 351 118 371 139
2 0.864743 406 92 445 112
3 0.864597 348 76 369 99
2 0.862637 712 195 781 224
2 0.861911 501 91 539 111
2 0.856939 500 169 537 189
2 0.855509 445 91 482 111
2 0.85142 482 111 501 131
2 0.851343 370 114 390 136
2 0.850556 406 186 448 207
3 0.848714 482 28 502 50
2 0.84732 708 224 776 251
2 0.846759 716 172 785 195
2 0.846446 210 245 269 272
2 0.846086 447 186 483 207
2 0.84413 703 250 771 278
3 0.84324 562 7 582 27
3 0.840496 481 50 502 70
2 0.839604 482 186 501 206
2 0.837798 501 71 540 91
3 0.837604 405 72 444 91
2 0.836969 216 272 271 294
2 0.834463 35 291 94 319
3 0.8342 561 28 581 50
2 0.831655 41 318 100 346
2 0.831143 500 188 537 207
3 0.830756 502 7 522 27
2 0.830382 539 71 560 91
3 0.830324 543 7 562 26
2 0.827472 371 134 391 156
2 0.826568 331 99 351 123
3 0.82512 522 7 542 27
3 0.825065 347 54 368 78
3 0.823612 541 50 561 70
2 0.822263 192 271 221 295
3 0.821182 542 28 561 50
3 0.818877 404 50 443 72
3 0.817046 462 7 482 27
2 0.815838 537 132 558 151
3 0.813848 462 29 482 50
2 0.813738 210 218 266 245
2 0.808904 222 294 273 317
3 0.805565 327 56 348 80
3 0.805455 403 29 443 50
3 0.805235 482 7 502 27
3 0.805112 502 28 522 50
2 0.805082 369 94 391 116
2 0.804753 333 120 353 142
2 0.802063 334 139 355 163
3 0.801012 325 33 346 58
3 0.800824 462 51 482 71
2 0.800079 538 91 558 112
3 0.798677 403 7 442 28
2 0.797564 355 157 374 178
3 0.796437 343 10 364 33
2 0.795118 877 332 944 360
3 0.79401 345 31 366 55
3 0.793894 560 50 581 71
2 0.792544 88 293 149 320
2 0.790445 537 151 559 168
2 0.789435 357 176 376 196
3 0.789266 501 50 521 70
3 0.788101 328 78 349 100
3 0.785994 442 51 462 71
3 0.784796 620 9 641 32
2 0.783112 95 320 155 347
2 0.781343 538 112 558 133
3 0.779751 442 29 462 50
3 0.779663 521 28 542 50
3 0.778703 582 29 619 53
3 0.77866 322 11 344 34
2 0.776762 159 245 190 271
3 0.776266 521 50 541 70
2 0.775215 187 244 213 271
2 0.774358 390 133 406 154
2 0.770618 164 269 195 297
2 0.768048 391 152 406 172
2 0.767106 337 160 356 181
2 0.763135 197 294 225 317
3 0.755052 581 51 618 73
3 0.750756 367 51 405 74
3 0.748304 641 11 662 35
2 0.747365 183 218 209 245
2 0.741384 700 300 759 326
2 0.739976 389 113 406 134
2 0.735494 536 169 564 204
3 0.73514 365 29 404 52
3 0.731881 442 7 462 27
2 0.728388 216 189 263 219
2 0.72467 559 71 580 92
3 0.713253 618 55 639 77
3 0.708494 368 73 404 96
2 0.707479 701 278 766 300
3 0.701791 443 71 478 91
3 0.69936 402 8 430 27
3 0.696842 364 8 384 29
2 0.694992 581 72 617 95
3 0.690972 364 9 403 29
2 0.690775 481 71 502 91
2 0.689809 373 154 391 175
2 0.683382 153 193 183 244
2 0.663831 158 221 186 247
3 0.656178 639 33 661 58
3 0.655743 619 32 640 56
2 0.649842 617 76 657 99
2 0.649403 375 172 393 193
2 0.649069 201 317 229 338
3 0.647551 383 8 402 28
2 0.646257 83 265 143 292
2 0.63772 382 171 406 191
2 0.632149 783 166 802 197
2 0.619909 779 193 800 226
2 0.616997 820 329 885 359
2 0.616609 26 263 87 292
2 0.608573 390 171 406 191
2 0.607578 338 179 357 199
2 0.606494 179 191 206 219
2 0.584504 389 93 405 114
2 0.583431 580 135 613 157
2 0.577999 387 189 406 210
2 0.573385 376 172 405 192
3 0.572553 638 55 658 79
2 0.5668 194 180 216 193
2 0.562765 558 93 579 113
3 0.555944 908 3 945 42
2 0.548715 307 120 319 151
2 0.54768 885 302 945 332
2 0.546507 766 250 793 278
2 0.545793 295 132 308 167
2 0.542053 888 109 944 128
2 0.537528 357 194 378 213
2 0.535661 273 81 283 117
2 0.531312 580 93 616 116
2 0.525943 377 189 405 210
2 0.510352 706 55 726 105
2 0.505458 771 224 798 251
2 0.502402 261 154 274 184
