2 0.860684 1138 548 1238 640
2 0.848842 1055 445 1127 531
2 0.843307 328 410 534 579
2 0.838117 654 463 819 599
2 0.820278 69 737 313 847
2 0.81612 87 402 323 570
2 0.81609 1115 360 1213 454
2 0.809882 647 2 792 106
2 0.805075 1146 640 1246 724
2 0.800952 1510 728 1573 782
1 0.800649 525 603 657 744
2 0.790958 648 219 806 354
1 0.789946 537 450 652 598
2 0.782486 1371 735 1412 783
3 0.766877 1502 667 1564 727
3 0.757194 1490 602 1550 662
2 0.743581 71 564 316 739
2 0.7307 1221 468 1286 548
2 0.724573 1026 179 1098 263
2 0.719437 1106 278 1203 364
2 0.718586 958 234 1038 329
3 0.717083 1377 521 1423 592
2 0.71577 1046 351 1119 446
2 0.707235 1409 736 1451 785
2 0.70355 322 579 525 739
2 0.702165 1232 552 1295 642
2 0.691627 950 144 1026 244
2 0.689549 1005 741 1086 817
2 0.67937 1183 736 1256 803
2 0.676216 96 244 329 410
2 0.672617 659 602 826 733
2 0.665293 819 485 913 610
2 0.662361 966 329 1049 431
1 0.660562 1386 348 1424 414
1 0.650246 1428 597 1465 661
2 0.642995 976 426 1055 524
2 0.617798 793 44 943 140
2 0.607212 651 344 813 471
1 0.602931 1438 664 1476 726
2 0.602602 1082 740 1155 812
3 0.586399 1482 543 1541 600
2 0.560973 1324 736 1371 787
3 0.537458 1469 477 1528 542
2 0.52005 834 745 941 817
