2 0.899426 547 230 603 258
2 0.89651 267 270 292 298
2 0.892529 499 289 547 319
2 0.888487 291 186 317 214
2 0.888352 292 243 318 270
2 0.888267 546 171 603 200
2 0.886137 269 327 293 354
2 0.8855 292 271 319 299
2 0.885459 500 229 545 258
2 0.885319 291 215 318 242
2 0.884393 268 299 292 326
2 0.88402 293 299 319 326
2 0.883147 375 247 400 273
2 0.882369 548 289 601 318
2 0.881729 544 140 602 170
2 0.881043 547 260 602 288
2 0.88096 604 202 647 230
2 0.879863 376 298 401 324
2 0.878708 500 320 548 350
2 0.878284 241 242 267 271
2 0.877935 378 375 404 401
2 0.87747 377 324 402 349
2 0.875672 374 222 399 247
2 0.875514 293 326 319 354
2 0.875438 375 273 401 298
2 0.875182 377 349 403 375
2 0.873823 291 158 317 186
2 0.873683 499 259 545 289
2 0.873391 544 83 601 114
2 0.872921 267 242 291 269
2 0.872149 603 117 644 145
2 0.871737 242 271 267 299
2 0.871126 270 354 294 383
2 0.870254 242 300 268 327
2 0.869579 496 168 543 198
2 0.869116 543 112 602 142
2 0.868354 495 79 542 109
2 0.867089 242 327 270 354
2 0.866514 210 216 241 246
2 0.865752 546 200 604 229
2 0.865732 603 145 645 173
2 0.864887 602 89 643 117
2 0.864857 603 173 646 202
2 0.864221 374 197 398 222
2 0.863932 500 350 549 381
2 0.862897 373 146 398 171
2 0.86124 290 130 317 159
2 0.860962 373 170 398 196
2 0.86094 404 375 442 400
2 0.860803 495 110 542 137
2 0.858842 378 400 404 426
2 0.85823 355 402 379 431
2 0.857061 239 185 266 214
2 0.856722 191 328 242 354
2 0.854058 243 354 271 383
2 0.853141 349 168 373 194
2 0.852102 604 231 648 259
2 0.851476 495 138 542 167
2 0.849317 209 190 240 221
2 0.849015 266 127 291 156
2 0.847383 294 354 321 383
2 0.846612 240 213 266 242
2 0.846479 350 220 374 246
2 0.844101 499 199 543 228
2 0.841807 354 376 379 404
2 0.840882 348 143 373 169
1 0.839088 408 481 444 511
2 0.838713 239 158 266 187
2 0.838494 352 299 376 325
2 0.837017 403 349 442 374
2 0.83633 349 195 374 220
2 0.835346 351 273 375 299
2 0.835223 550 319 602 348
2 0.834539 244 383 272 411
2 0.832944 190 301 242 328
2 0.83262 247 499 275 533
2 0.83232 211 245 241 273
2 0.831179 194 354 244 381
2 0.828954 266 102 290 128
2 0.828375 355 428 379 458
2 0.827895 274 499 300 536
2 0.827104 350 247 375 272
2 0.826654 245 410 272 439
2 0.825552 209 162 239 193
2 0.821778 239 128 266 159
2 0.819803 271 383 295 411
2 0.817576 353 325 377 350
2 0.813529 218 496 248 530
2 0.813396 403 324 441 349
2 0.812243 212 409 246 436
2 0.807577 438 193 454 219
2 0.806798 602 260 648 288
2 0.799435 501 381 550 411
3 0.798665 318 220 349 245
2 0.797869 295 382 321 410
2 0.794725 246 439 274 468
1 0.791488 504 471 551 501
2 0.791266 266 212 291 241
2 0.790789 196 272 242 300
2 0.790553 209 381 245 409
3 0.788809 400 247 438 273
2 0.786287 438 218 455 245
2 0.784714 208 135 239 167
2 0.779462 436 165 453 194
2 0.775817 266 185 291 212
3 0.772012 317 193 350 219
2 0.765714 354 350 378 376
2 0.760166 238 102 266 131
2 0.749706 404 400 443 425
2 0.74866 290 107 316 133
2 0.746972 266 156 291 183
3 0.745388 318 246 349 271
2 0.742519 209 112 238 140
2 0.738058 214 435 246 464
2 0.736624 441 322 460 349
2 0.729371 188 249 212 276
2 0.727695 371 123 397 146
2 0.727007 216 464 247 496
2 0.726306 246 467 274 499
1 0.716156 502 441 550 470
2 0.710937 356 454 379 485
2 0.709652 188 222 212 251
2 0.70961 436 139 452 169
3 0.705491 401 274 439 297
2 0.690844 347 120 372 144
3 0.688974 318 272 345 299
2 0.688317 550 348 607 376
2 0.686331 442 349 459 375
2 0.671278 187 171 210 200
2 0.66631 296 409 323 437
3 0.662265 320 381 339 409
2 0.656637 553 465 614 498
2 0.645378 188 196 211 225
2 0.641226 379 425 405 452
2 0.638756 551 377 613 406
2 0.629502 397 124 435 147
2 0.627024 213 273 242 300
2 0.622959 443 375 460 402
2 0.618407 272 410 296 440
2 0.617567 317 136 349 166
1 0.615915 552 407 611 436
2 0.587901 441 296 458 322
3 0.58672 398 148 435 173
3 0.581923 319 300 339 326
3 0.580183 399 222 437 246
2 0.579152 402 298 441 323
2 0.557917 187 143 210 177
2 0.555952 380 480 406 512
3 0.543042 399 198 437 222
2 0.539989 399 173 436 197
2 0.539185 614 289 648 317
2 0.533619 398 149 436 172
2 0.527119 297 436 324 466
2 0.523301 454 185 469 215
2 0.517035 552 407 613 436
2 0.512496 358 483 379 514
2 0.512112 317 164 350 192
3 0.511286 321 408 340 435
