2 0.921611 432 172 532 246
2 0.920079 431 94 529 173
2 0.915198 191 176 270 247
2 0.914696 101 102 193 175
2 0.91368 351 98 432 176
2 0.911826 352 176 433 247
2 0.910995 101 176 193 247
2 0.909448 192 101 270 175
2 0.900736 272 306 351 366
2 0.897654 272 140 350 211
2 0.878825 60 177 101 247
2 0.878056 272 211 350 274
2 0.855391 353 307 433 372
2 0.843418 64 105 102 178
2 0.841615 191 304 269 370
2 0.827251 0 181 58 250
2 0.77515 436 308 525 372
3 0.752364 434 247 526 306
2 0.642032 529 93 580 172
2 0.601577 0 107 59 180
