2 0.920515 253 155 321 199
2 0.91221 253 80 316 122
2 0.910531 144 79 178 114
2 0.904449 252 118 317 157
2 0.903732 141 139 178 170
2 0.899379 205 87 252 127
2 0.898979 87 143 142 175
2 0.898501 143 108 178 141
2 0.896828 253 10 313 51
2 0.894114 203 123 253 161
2 0.893974 253 46 314 84
2 0.893883 177 97 206 137
2 0.891826 177 130 204 166
2 0.888512 41 86 70 111
2 0.884317 145 50 179 86
2 0.881956 86 172 141 205
2 0.881317 206 53 252 94
2 0.878792 68 105 92 131
2 0.877971 409 60 440 94
2 0.877719 38 110 69 133
2 0.875329 65 128 89 155
2 0.873282 36 132 67 156
2 0.868547 178 66 206 106
2 0.867359 204 159 253 198
2 0.865286 179 35 207 77
2 0.860349 207 19 253 63
2 0.860206 19 89 42 117
2 0.852811 69 79 93 108
2 0.847059 178 163 204 191
2 0.83693 35 155 64 178
2 0.829421 254 198 321 227
2 0.81489 406 27 440 61
2 0.811499 16 134 37 158
2 0.805384 63 152 88 178
2 0.792118 16 158 35 177
3 0.766999 63 177 87 204
2 0.735655 141 170 177 203
3 0.727502 411 93 440 128
2 0.712919 39 179 63 204
2 0.699581 93 76 145 110
2 0.670144 18 113 39 138
2 0.662823 42 205 63 220
2 0.645516 380 64 410 98
2 0.561555 12 120 20 142
2 0.561402 411 128 440 163
2 0.540984 312 13 334 55
2 0.513606 14 97 22 122
