2 0.895513 1652 652 1802 726
2 0.892447 874 1059 1034 1121
2 0.891989 882 811 1036 890
2 0.890485 876 977 1034 1057
2 0.890483 1496 718 1649 793
3 0.888154 1036 898 1241 979
2 0.886682 891 575 1050 649
2 0.886604 1810 877 1898 952
2 0.885875 890 653 1042 728
2 0.885138 1492 793 1649 867
2 0.883223 1809 803 1898 878
2 0.881303 878 892 1034 974
3 0.8801 1652 873 1805 948
2 0.880012 886 734 1037 809
2 0.878841 1498 501 1644 576
2 0.876903 1498 645 1648 719
3 0.874347 1650 579 1812 652
2 0.87292 1496 430 1643 501
2 0.871277 1498 359 1643 431
3 0.869765 1036 982 1234 1058
3 0.867386 1378 495 1499 567
2 0.867168 1654 951 1803 1023
2 0.863364 1498 573 1646 648
3 0.861749 1649 509 1814 579
2 0.86 1807 728 1898 804
3 0.859645 1652 797 1805 873
2 0.858896 1808 953 1897 1026
3 0.858819 1379 423 1498 497
3 0.857684 1378 566 1498 643
3 0.853906 1374 788 1489 864
3 0.851979 1379 352 1498 422
2 0.850689 1262 130 1390 203
3 0.850472 1044 663 1237 739
3 0.848316 1040 741 1243 817
3 0.846586 1378 643 1496 714
3 0.846254 1645 437 1812 508
3 0.844327 1037 819 1242 897
3 0.843864 1368 1010 1485 1088
2 0.843584 1804 660 1902 726
2 0.841742 1267 665 1376 742
3 0.841231 1371 935 1487 1010
3 0.839375 472 1308 573 1402
2 0.838745 1271 432 1377 506
2 0.836846 1054 583 1238 661
2 0.836572 1909 698 2020 771
3 0.832686 1373 863 1487 936
2 0.832499 1267 586 1376 663
3 0.83097 1645 366 1804 436
3 0.830507 1910 844 2030 909
2 0.830366 2025 707 2160 771
3 0.827777 1909 911 2035 977
3 0.827712 1376 715 1492 787
3 0.826936 2194 1413 2412 1521
2 0.821314 2026 776 2161 841
3 0.820623 1365 1089 1478 1151
3 0.819193 1040 1061 1191 1126
2 0.817712 1268 506 1376 583
2 0.817165 1262 207 1387 280
2 0.816034 1257 743 1373 824
2 0.815199 790 1061 874 1119
3 0.813272 1909 978 2034 1047
2 0.806669 1273 355 1378 431
3 0.804909 2230 850 2323 921
2 0.804287 1250 822 1373 912
3 0.803583 1910 774 2023 841
3 0.80162 474 1207 574 1306
3 0.799065 1254 988 1367 1076
3 0.796635 1652 725 1803 797
2 0.795765 792 981 876 1061
2 0.792374 794 896 877 986
2 0.785378 1269 280 1382 356
3 0.783412 470 1405 570 1488
2 0.78106 799 815 880 902
3 0.779218 1251 904 1369 993
3 0.774743 2030 845 2166 910
3 0.772423 2037 913 2167 977
3 0.769829 102 1203 211 1307
2 0.767115 1808 1027 1896 1082
3 0.760812 2230 925 2326 990
2 0.746709 2168 778 2306 843
3 0.736314 2169 918 2230 982
3 0.731582 2172 983 2231 1050
2 0.716651 1489 865 1650 943
3 0.714111 111 1313 204 1415
2 0.71394 1489 1015 1573 1094
2 0.706065 800 738 882 820
3 0.678028 2037 980 2169 1051
3 0.6535 201 1301 474 1407
3 0.645055 209 1199 474 1303
3 0.637644 332 1404 471 1487
3 0.635272 700 585 889 667
3 0.63202 2232 992 2329 1063
3 0.59886 1654 1024 1803 1092
3 0.572062 2168 850 2223 915
2 0.568757 1578 1018 1649 1095
3 0.567022 1275 1074 1362 1148
2 0.55726 1578 944 1650 1020
2 0.552236 1489 941 1580 1017
2 0.513563 1218 451 1258 576
2 0.505683 1220 369 1255 473
