2 0.883333 186 217 252 240
3 0.87215 474 246 505 265
2 0.87201 176 192 247 217
2 0.871661 432 163 490 187
2 0.869206 586 157 620 182
2 0.868156 431 229 479 248
2 0.867582 491 134 528 162
3 0.860187 478 227 509 247
2 0.860182 433 187 487 209
2 0.856191 434 209 483 229
2 0.853121 553 131 599 158
2 0.85112 510 204 539 227
2 0.846279 430 136 493 164
2 0.845222 488 160 524 186
2 0.84372 482 205 513 228
2 0.839769 469 279 498 301
2 0.838863 191 239 255 260
2 0.838582 485 184 519 207
2 0.831665 420 316 464 334
2 0.829462 524 132 557 160
2 0.827945 516 182 547 207
2 0.826951 521 157 552 184
2 0.818851 494 278 521 299
2 0.814102 548 181 586 203
2 0.813977 513 297 544 313
2 0.807343 550 157 592 182
3 0.805742 541 224 571 244
2 0.804736 421 282 471 301
3 0.803355 472 264 502 280
2 0.79363 490 299 515 314
2 0.788411 512 312 541 331
3 0.787275 425 248 477 267
2 0.786197 595 131 620 157
2 0.785683 464 314 490 333
2 0.785497 364 108 422 133
2 0.784673 420 301 468 317
3 0.776995 542 203 578 224
2 0.75669 466 300 493 315
3 0.750006 208 278 273 297
3 0.743819 198 259 265 279
2 0.743698 139 194 182 218
3 0.743068 214 296 275 312
3 0.741862 536 243 566 262
2 0.739 581 180 616 203
2 0.737045 161 241 196 262
2 0.735803 540 311 563 330
2 0.731597 91 244 136 264
3 0.726533 423 266 474 283
2 0.715654 517 277 551 298
2 0.710165 542 296 567 311
2 0.708909 365 134 421 156
2 0.70612 489 314 513 332
2 0.697512 150 219 189 242
2 0.683047 253 153 315 176
3 0.677806 585 242 617 260
2 0.654818 125 242 166 263
2 0.621122 367 248 415 283
2 0.620453 560 310 587 329
3 0.615646 561 242 589 261
2 0.60086 506 226 534 246
3 0.598383 502 246 530 264
2 0.593018 564 295 592 310
2 0.591468 573 202 620 224
3 0.59016 140 263 175 282
2 0.580499 609 179 620 202
2 0.579818 255 176 317 197
2 0.576559 569 274 604 295
2 0.572682 0 269 54 288
2 0.556751 547 276 575 296
3 0.542794 567 223 619 243
3 0.533505 169 262 206 280
3 0.529631 586 223 619 243
3 0.512696 98 265 149 284
3 0.503813 531 260 561 277
2 0.501672 82 222 126 244
