3 0.90755 554 314 693 388
3 0.898563 564 238 702 313
3 0.877605 773 314 850 396
3 0.859724 780 223 850 309
2 0.856612 688 313 781 395
2 0.841964 300 215 341 268
3 0.837131 768 399 848 478
2 0.823326 696 229 790 311
3 0.818257 70 215 111 255
3 0.808943 121 210 172 249
3 0.807981 60 290 104 327
3 0.806431 518 249 572 317
3 0.796094 792 138 850 226
3 0.792586 509 389 685 450
2 0.787592 719 0 825 77
2 0.770775 710 61 816 154
3 0.770277 108 328 161 368
2 0.756724 704 141 805 232
2 0.750165 808 30 850 141
3 0.742298 73 178 115 219
2 0.737994 306 161 348 217
3 0.737493 116 250 168 289
2 0.685719 233 136 260 184
2 0.685408 481 79 511 142
3 0.684236 54 326 101 364
3 0.676552 336 210 365 267
2 0.667836 313 111 356 168
3 0.666883 331 262 401 321
2 0.663943 508 73 538 139
3 0.663241 572 157 710 245
2 0.652756 554 36 597 127
3 0.647971 367 150 403 209
3 0.645418 343 157 371 214
2 0.636789 524 179 581 249
2 0.612284 816 0 850 61
3 0.603667 445 322 514 382
3 0.588051 126 172 175 211
2 0.572308 215 275 234 319
2 0.570558 355 48 384 109
3 0.565064 64 252 108 291
2 0.564767 296 267 336 327
2 0.551395 480 22 519 84
2 0.541727 719 0 791 76
3 0.5343 394 259 467 320
