2 0.889309 290 306 330 333
2 0.885502 561 307 618 333
2 0.883255 495 363 528 392
2 0.877436 257 307 289 333
2 0.871234 258 334 290 359
2 0.87058 330 306 363 332
2 0.870355 290 333 329 360
2 0.868739 527 363 561 392
2 0.866902 561 334 617 362
2 0.864224 528 335 561 364
2 0.862023 527 392 562 421
2 0.86076 561 362 617 391
2 0.855885 561 391 617 419
2 0.853155 330 333 363 360
2 0.852111 362 306 394 332
2 0.846521 231 307 257 332
2 0.846312 495 308 528 336
2 0.838872 527 308 561 335
2 0.825934 399 362 436 391
2 0.824866 496 336 528 364
2 0.813801 398 335 435 363
2 0.807722 399 308 435 336
2 0.791411 495 392 528 420
1 0.791097 300 247 314 262
2 0.782481 363 333 395 360
2 0.767881 618 361 651 387
2 0.764407 207 307 231 331
2 0.753974 617 387 650 415
2 0.748898 193 307 207 330
1 0.748365 299 233 314 248
1 0.733042 194 276 210 291
2 0.724225 618 332 651 360
1 0.724134 210 276 231 290
2 0.698365 463 335 495 364
2 0.695778 463 308 495 336
1 0.685107 282 248 300 263
1 0.675227 194 292 209 305
1 0.674532 282 233 300 248
2 0.646401 435 308 463 336
2 0.634784 463 364 495 392
1 0.626196 210 246 232 261
1 0.603933 194 260 210 276
1 0.583288 210 261 232 276
3 0.579816 263 262 283 276
2 0.535928 618 306 650 332
1 0.53577 193 245 210 260
2 0.521451 446 391 495 420
