2 0.86069 816 543 859 582
2 0.853366 805 421 844 455
2 0.846803 810 480 852 516
2 0.834794 723 1012 781 1064
2 0.833824 754 551 818 593
2 0.833543 807 450 848 485
2 0.82663 726 1065 781 1119
2 0.825486 813 510 855 549
2 0.823084 802 391 840 424
2 0.818886 819 577 863 616
2 0.815258 733 1239 793 1298
2 0.814094 714 780 765 823
2 0.813351 716 823 768 867
2 0.806142 710 665 759 706
2 0.805385 544 558 604 595
2 0.804534 721 959 779 1012
2 0.80412 167 752 206 790
2 0.803528 545 528 603 565
2 0.802095 706 561 754 601
2 0.80079 756 585 821 627
2 0.800703 755 487 812 526
2 0.800677 512 568 545 602
2 0.800036 718 867 772 913
2 0.796375 729 1120 784 1173
2 0.794802 706 594 756 634
2 0.788906 705 530 751 567
2 0.784206 708 630 757 669
2 0.780547 412 644 469 682
2 0.779989 702 467 747 506
2 0.778584 546 495 604 534
2 0.777484 751 517 815 559
2 0.775991 729 1177 787 1235
2 0.768853 704 498 748 536
2 0.766458 213 563 247 595
2 0.760123 698 409 745 448
2 0.759428 720 911 775 959
2 0.75621 710 741 763 783
1 0.75599 1074 1097 1108 1136
3 0.755457 404 714 464 755
2 0.754504 608 552 657 586
2 0.753505 710 701 761 746
2 0.753469 547 469 604 506
2 0.74927 822 612 867 652
2 0.746217 415 612 472 649
2 0.746121 604 489 656 524
2 0.745413 700 438 746 474
2 0.740505 1069 806 1106 839
2 0.739723 760 654 828 699
2 0.737401 661 526 704 557
2 0.736184 744 400 805 435
2 0.735174 749 426 807 463
2 0.72956 749 457 810 496
2 0.72822 1024 695 1052 729
2 0.72381 516 507 547 542
2 0.723024 1036 753 1065 785
2 0.719899 195 1066 258 1117
2 0.718537 228 613 283 653
2 0.717629 190 653 227 690
2 0.717378 513 535 546 572
2 0.716363 745 431 775 467
2 0.713793 206 591 240 626
2 0.712952 758 618 824 663
2 0.712553 660 499 703 529
2 0.708013 609 585 658 619
2 0.707768 604 457 655 494
2 0.698672 1052 719 1084 753
2 0.697279 1042 785 1071 822
2 0.696679 174 717 213 757
2 0.695517 604 519 656 554
2 0.69284 199 745 259 786
3 0.691472 746 1522 806 1589
2 0.688873 187 1115 247 1167
2 0.683326 825 649 871 690
2 0.680172 1030 724 1058 756
2 0.677134 659 467 703 502
2 0.676919 1065 779 1101 810
2 0.675968 518 477 547 511
2 0.675229 197 622 233 657
3 0.65023 660 587 705 619
1 0.646356 1068 1058 1105 1100
2 0.644832 207 710 256 751
2 0.624405 212 975 269 1022
2 0.624013 747 490 769 529
2 0.617481 183 684 220 722
2 0.612664 662 555 705 586
2 0.608695 233 584 290 622
2 0.606046 493 542 512 577
2 0.604947 427 490 484 527
2 0.604556 409 678 467 718
2 0.601571 612 651 658 687
2 0.594674 421 550 479 587
2 0.587238 747 460 798 497
2 0.580082 846 857 898 905
2 0.578417 251 772 299 816
2 0.577891 763 425 809 460
2 0.571194 612 617 658 653
2 0.571125 542 657 612 697
2 0.563655 418 580 475 619
2 0.562971 1046 694 1079 726
2 0.56291 510 629 543 668
2 0.549039 201 1019 264 1069
2 0.540751 1059 749 1091 783
2 0.538322 248 525 301 559
2 0.518409 1048 810 1075 842
2 0.503821 830 688 876 729
2 0.500821 252 498 306 532
