3 0.896861 254 390 309 417
3 0.890895 258 284 310 309
2 0.888243 259 232 311 258
3 0.886402 254 417 309 443
2 0.886032 551 288 571 303
2 0.882078 259 206 311 231
3 0.879132 255 364 310 390
3 0.879113 256 310 309 336
2 0.876581 641 385 659 404
3 0.875349 255 337 310 363
2 0.87359 641 404 659 425
3 0.873028 254 444 309 473
2 0.872069 258 259 311 283
2 0.869222 207 233 255 257
2 0.868393 641 366 659 384
2 0.864818 207 204 255 231
2 0.864699 552 303 571 319
2 0.86423 260 180 311 205
3 0.864041 207 284 254 308
3 0.863289 207 310 254 336
3 0.860569 205 390 254 417
2 0.859773 312 155 339 181
2 0.85429 261 154 311 180
3 0.852966 205 364 254 390
2 0.851974 551 272 571 288
2 0.85022 312 209 338 232
3 0.848143 206 337 254 363
3 0.847341 311 284 334 309
3 0.846302 310 390 337 416
3 0.845495 310 337 337 362
2 0.84476 404 487 446 518
2 0.842982 337 260 364 285
2 0.842661 312 182 339 207
2 0.842611 312 233 337 258
3 0.841072 310 363 337 389
3 0.840933 309 443 336 471
2 0.838387 338 210 365 233
2 0.836226 125 244 138 269
3 0.835225 311 310 336 336
2 0.835221 124 268 138 293
2 0.835109 541 288 552 303
3 0.834572 711 346 725 365
3 0.832367 310 416 336 442
2 0.827341 312 259 336 284
2 0.825966 754 297 765 314
2 0.825385 744 279 755 297
2 0.825126 711 257 722 277
2 0.820826 339 183 366 208
2 0.82073 207 258 254 283
2 0.820457 641 349 659 366
3 0.819958 339 337 363 363
3 0.81577 205 417 253 445
2 0.815012 753 230 765 247
2 0.814104 711 240 722 259
2 0.813919 338 233 365 259
2 0.808749 744 296 754 313
3 0.8069 339 311 364 336
3 0.806647 735 382 747 400
2 0.805653 744 261 755 280
2 0.802753 105 293 125 316
3 0.802719 725 346 736 365
2 0.798361 106 269 125 294
3 0.798055 736 347 747 365
2 0.79735 74 407 93 431
2 0.797259 552 318 571 334
3 0.795803 711 383 724 401
3 0.795579 339 286 364 310
2 0.793179 74 273 95 296
3 0.792832 710 365 724 383
2 0.792207 570 303 598 318
2 0.788929 711 276 722 294
3 0.786537 337 416 362 442
3 0.785534 337 364 363 389
2 0.784253 74 385 94 408
2 0.783478 207 180 256 203
2 0.783147 754 263 765 281
2 0.781343 75 296 95 319
2 0.780301 137 242 153 268
3 0.778759 724 382 736 401
3 0.778438 725 364 736 383
3 0.776569 337 442 361 468
3 0.774473 337 390 363 416
3 0.77391 35 383 57 404
2 0.772771 75 363 94 386
2 0.771978 570 288 598 303
2 0.771109 571 272 598 287
2 0.76939 207 153 257 179
2 0.76903 137 268 153 292
2 0.76856 722 277 733 295
2 0.767073 722 295 734 312
2 0.767027 124 292 137 316
2 0.76452 340 156 370 183
3 0.764387 35 363 56 384
3 0.762065 712 328 725 346
3 0.760767 735 364 747 382
2 0.760706 166 262 193 288
2 0.758246 754 280 764 298
3 0.757949 725 328 736 347
2 0.757622 722 223 733 242
2 0.755765 75 341 94 363
3 0.754074 628 426 642 444
3 0.75353 711 401 725 421
2 0.753342 541 303 552 319
2 0.753093 5 343 22 363
2 0.752217 722 241 733 261
3 0.750645 747 347 764 365
2 0.750501 660 384 683 403
3 0.748979 745 312 755 330
3 0.747479 628 385 642 404
2 0.746602 734 295 744 313
2 0.745986 732 278 744 296
3 0.743135 636 257 710 276
2 0.743087 598 303 611 318
2 0.742822 682 365 707 384
2 0.742454 753 246 765 264
2 0.742087 5 302 22 324
3 0.74199 627 367 642 385
2 0.739845 5 363 22 383
2 0.739279 663 365 683 384
2 0.738323 125 221 139 245
2 0.738099 711 293 723 311
3 0.73702 681 402 706 422
2 0.736506 5 323 22 343
2 0.735364 661 422 682 440
3 0.735234 746 365 764 382
3 0.734986 735 399 747 419
2 0.734674 722 259 732 278
3 0.734507 724 400 736 421
2 0.733593 661 402 682 423
2 0.73308 732 226 744 244
2 0.731059 743 228 754 246
2 0.726264 597 288 611 303
3 0.726204 108 338 124 362
3 0.725432 636 239 711 258
2 0.724135 106 245 125 270
2 0.720069 73 456 93 475
2 0.718424 76 318 95 341
2 0.713993 382 250 393 261
2 0.713405 597 273 612 288
2 0.710894 711 222 722 240
3 0.705291 736 329 747 347
2 0.702921 732 243 744 263
3 0.701634 710 421 724 440
3 0.695288 724 420 735 439
3 0.693129 495 394 507 408
3 0.692774 507 394 518 407
2 0.692468 73 431 93 454
2 0.691474 5 424 19 444
2 0.691302 743 244 754 263
3 0.691039 734 418 746 439
2 0.690978 598 319 611 334
3 0.690555 627 349 642 367
3 0.68962 35 404 58 425
2 0.684693 162 472 190 492
2 0.68355 375 496 402 522
3 0.682086 641 425 659 443
2 0.680136 764 247 774 266
3 0.679065 735 312 745 329
2 0.677844 505 291 521 306
3 0.677098 747 382 764 399
2 0.669735 570 318 598 334
2 0.669085 764 297 774 314
3 0.666161 507 379 518 394
3 0.665079 482 363 494 378
3 0.663552 494 379 507 394
3 0.663459 628 405 642 426
2 0.66274 732 260 744 279
3 0.66089 746 398 765 418
3 0.660581 754 313 765 330
3 0.656727 205 444 253 477
3 0.656172 55 405 65 427
2 0.6555 506 320 520 335
3 0.654963 764 347 774 363
3 0.653772 482 393 494 407
2 0.652664 525 289 540 304
3 0.650147 134 387 154 412
3 0.646167 34 342 56 363
2 0.646161 552 333 571 346
3 0.645493 134 411 155 436
2 0.644049 482 321 496 335
3 0.643934 136 315 155 338
2 0.642531 482 292 501 307
3 0.642075 494 363 506 379
3 0.638269 56 362 66 384
3 0.637594 482 378 494 394
2 0.633157 506 305 521 320
2 0.631009 6 444 20 468
3 0.630596 134 435 157 464
3 0.63034 635 222 709 240
3 0.629857 136 291 154 315
3 0.629524 56 384 65 406
2 0.627208 76 250 96 275
3 0.625623 506 363 518 378
3 0.624778 723 311 735 328
2 0.623346 22 448 35 472
2 0.623184 124 315 137 339
3 0.618454 764 365 774 381
2 0.614514 106 223 125 246
3 0.610985 56 341 66 363
3 0.608514 134 362 154 387
3 0.60828 750 330 764 347
3 0.605165 746 417 764 436
3 0.605046 107 316 124 339
3 0.602912 133 338 154 363
3 0.59988 764 314 774 330
2 0.595458 524 304 541 319
2 0.594007 541 273 552 289
3 0.592912 109 361 123 387
2 0.591816 6 403 19 424
2 0.590905 764 231 773 249
2 0.586837 6 382 20 402
3 0.58484 681 423 706 440
2 0.583748 483 408 495 422
3 0.578168 55 426 66 452
2 0.578108 42 451 57 473
3 0.575774 118 409 135 434
2 0.570483 764 264 774 282
2 0.568678 57 320 67 342
3 0.554486 40 426 63 450
3 0.554179 122 361 135 387
3 0.554179 682 383 706 402
2 0.55392 382 270 392 280
3 0.550602 165 337 193 363
3 0.546272 711 311 724 328
2 0.539102 570 333 592 346
3 0.538737 746 330 758 346
3 0.536316 792 408 805 419
2 0.532455 57 300 68 322
3 0.529332 120 386 135 410
3 0.525494 154 290 165 313
3 0.520118 482 350 494 363
3 0.519324 660 422 683 440
3 0.518147 764 416 774 432
3 0.517972 55 363 72 384
1 0.513604 887 353 899 367
3 0.512732 123 338 135 362
3 0.510976 763 330 775 347
2 0.510298 506 409 518 424
2 0.509513 620 290 630 304
2 0.506257 387 270 401 280
3 0.505706 109 386 123 410
2 0.503108 138 219 154 243
3 0.501942 763 397 775 415
