1 0.911038 371 165 402 187
2 0.907638 358 27 384 47
2 0.904258 345 209 377 234
2 0.899898 339 141 370 165
2 0.896712 385 285 417 313
2 0.896316 332 44 360 63
2 0.89531 356 9 382 29
2 0.893759 348 258 383 284
2 0.893627 384 47 410 67
1 0.893178 373 187 405 210
2 0.892438 338 120 368 142
2 0.891848 360 45 386 65
2 0.89174 336 101 366 121
1 0.891356 380 258 413 283
2 0.890952 332 8 357 27
2 0.890397 414 285 446 314
1 0.889888 412 258 443 284
2 0.888056 343 186 375 210
1 0.887254 376 209 408 234
3 0.887026 362 82 392 102
2 0.884974 351 284 387 314
2 0.884966 406 31 427 51
2 0.884705 382 29 408 50
3 0.88331 367 121 398 143
2 0.88237 335 81 363 101
1 0.88209 411 234 440 258
2 0.880281 403 14 427 33
2 0.879001 332 26 359 45
2 0.878045 341 164 373 186
1 0.876311 378 234 411 257
3 0.874293 365 101 396 122
2 0.873535 379 0 402 14
2 0.87353 380 12 405 32
2 0.87303 402 0 426 17
3 0.871598 361 64 389 83
2 0.864018 334 63 361 81
2 0.858221 355 0 380 12
1 0.858051 369 143 400 165
2 0.852475 346 234 379 257
1 0.850218 407 210 434 234
2 0.847171 448 334 500 370
3 0.845111 389 83 417 104
2 0.842529 408 50 429 69
3 0.840073 394 103 420 124
3 0.839189 387 65 414 84
1 0.838362 405 187 432 211
3 0.832736 433 211 461 235
3 0.831704 396 123 423 145
3 0.809372 421 124 446 145
2 0.803387 443 285 467 312
3 0.801354 418 105 444 125
2 0.795975 331 0 356 9
3 0.78849 427 165 451 189
3 0.769298 437 235 463 259
3 0.758836 430 189 456 212
1 0.741158 402 165 429 188
1 0.676749 399 144 424 165
3 0.67586 424 145 448 165
2 0.584708 441 259 466 284
3 0.570787 415 85 441 104
2 0.559929 318 166 326 193
3 0.549679 314 214 321 235
3 0.507521 314 232 321 252
1 0.503033 276 306 285 326
