3 0.863085 145 242 276 319
2 0.839424 440 320 495 398
2 0.838651 360 88 424 158
3 0.82496 167 100 230 166
2 0.821791 285 19 357 93
2 0.817547 234 30 288 99
2 0.814017 170 32 235 101
3 0.794479 290 161 362 240
3 0.791277 0 386 116 450
3 0.768743 360 159 428 238
3 0.762126 286 239 434 318
3 0.757179 229 97 285 164
2 0.726759 130 102 166 168
3 0.712853 426 87 494 154
3 0.657432 180 163 277 242
3 0.635993 438 237 491 319
2 0.626547 282 92 361 161
3 0.621479 287 320 437 397
3 0.544897 206 167 276 242
2 0.525648 114 168 152 240
