2 0.873572 470 260 539 284
2 0.872559 475 310 545 336
2 0.841897 468 234 536 260
2 0.82013 545 336 579 371
2 0.817628 471 285 542 310
2 0.810811 475 336 553 371
2 0.806024 435 263 470 288
2 0.789118 358 159 374 184
2 0.78851 360 196 376 221
2 0.786381 436 288 474 312
2 0.784329 542 309 573 335
2 0.780657 359 177 375 202
2 0.77082 367 342 397 371
2 0.769664 362 216 377 241
2 0.767867 358 141 372 165
2 0.748281 357 124 371 147
2 0.732563 356 106 370 131
2 0.720562 372 128 395 157
2 0.719423 356 89 370 112
2 0.717111 371 108 394 138
2 0.704327 355 72 369 95
2 0.664403 366 316 395 342
2 0.654791 517 125 572 187
2 0.617549 427 338 463 371
2 0.60589 370 89 393 121
2 0.585301 354 54 369 80
2 0.577136 373 147 396 176
2 0.519751 362 237 378 262
