1 0.882848 4 744 142 856
3 0.880709 61 7 184 125
3 0.871932 684 650 888 768
3 0.871187 893 306 1015 419
3 0.870454 54 105 179 223
3 0.868841 683 548 885 670
3 0.86792 894 489 1022 601
3 0.866386 22 522 155 634
3 0.863484 685 0 868 115
3 0.861 907 589 1028 697
3 0.854257 50 206 174 323
3 0.846778 685 450 884 575
3 0.84562 891 216 1008 313
2 0.839025 122 971 321 1066
3 0.838244 685 751 892 874
3 0.833632 895 400 1018 503
3 0.829053 1 862 130 980
3 0.825455 905 784 1035 892
3 0.8251 684 262 877 387
3 0.803086 11 636 148 743
3 0.792071 692 969 900 1071
3 0.769623 1014 300 1137 416
3 0.76139 907 688 1031 799
3 0.737556 686 171 880 294
3 0.724972 688 359 881 479
2 0.706939 1039 887 1175 987
3 0.68938 33 417 161 524
2 0.687026 1044 991 1182 1069
3 0.667119 691 855 900 968
3 0.650722 685 85 873 207
1 0.640543 42 312 170 417
3 0.618252 1007 118 1125 217
2 0.608185 363 146 421 244
3 0.594055 1011 209 1131 309
1 0.581172 1181 850 1330 972
3 0.563838 1018 391 1139 495
3 0.55907 1034 781 1165 897
2 0.559064 333 873 392 984
3 0.548661 889 47 1002 143
1 0.501172 0 980 122 1068
