2 0.912406 1133 1053 1207 1119
2 0.911557 269 1047 354 1112
2 0.91093 709 985 780 1049
2 0.910908 849 986 920 1050
2 0.910127 1064 1052 1138 1117
2 0.910122 1060 988 1134 1052
2 0.910104 849 1050 921 1115
2 0.910083 1203 1054 1281 1120
2 0.910045 1025 442 1081 482
2 0.909597 638 985 711 1048
2 0.90932 413 1047 493 1111
2 0.90875 704 1048 777 1113
2 0.90827 632 400 691 441
2 0.908015 779 985 850 1049
2 0.907939 79 921 164 981
2 0.907865 1277 1055 1361 1120
2 0.907701 219 922 302 983
2 0.906254 782 925 850 987
2 0.90546 969 442 1025 482
2 0.904768 303 866 383 923
2 0.904525 689 401 745 441
2 0.904481 716 866 784 925
2 0.904476 742 441 800 481
2 0.904322 685 441 744 481
2 0.904019 740 481 798 523
2 0.903059 152 922 232 981
2 0.902637 354 983 431 1047
2 0.902556 1207 1120 1288 1196
2 0.901957 1192 930 1268 992
2 0.901596 794 568 853 613
2 0.901207 850 926 919 988
2 0.901205 994 1051 1067 1117
2 0.901123 233 608 303 655
2 0.901015 990 987 1063 1052
2 0.900897 475 1113 555 1180
2 0.900647 800 402 855 442
2 0.900353 1118 871 1190 930
2 0.900135 171 607 243 654
2 0.899698 1056 927 1128 990
2 0.899667 682 481 741 523
2 0.89959 179 809 259 864
2 0.899529 647 866 717 925
2 0.899507 110 608 182 655
2 0.89943 205 982 290 1047
2 0.899416 636 362 693 401
2 0.898973 404 705 476 757
2 0.898957 852 709 915 760
2 0.898399 777 1049 849 1114
2 0.89825 744 401 801 441
2 0.898114 1198 991 1276 1054
2 0.897676 851 867 918 928
2 0.89752 851 812 918 869
2 0.897493 123 563 196 608
2 0.897274 610 612 673 659
2 0.896984 195 756 270 808
2 0.89697 1269 993 1349 1055
2 0.896955 1074 364 1131 403
2 0.896824 293 923 373 983
2 0.896801 443 865 516 923
2 0.8968 746 363 802 401
2 0.896509 675 567 735 613
2 0.89636 1280 1121 1371 1190
2 0.896117 967 402 1023 442
2 0.89607 375 866 449 923
2 0.896061 784 866 851 926
2 0.896013 628 441 687 481
2 0.895852 713 924 783 986
2 0.895744 414 658 484 706
2 0.895626 468 705 539 756
2 0.895583 1351 1056 1435 1122
2 0.895036 1028 483 1084 524
2 0.895024 580 866 651 924
2 0.894917 547 611 613 657
2 0.894885 1303 765 1378 819
2 0.894792 1128 990 1204 1053
2 0.894754 358 610 429 657
2 0.894369 347 1047 422 1112
2 0.894225 1069 1117 1145 1188
2 0.894005 430 564 499 609
2 0.893914 1044 761 1111 816
2 0.893881 113 809 193 863
2 0.893786 775 1115 848 1182
2 0.893471 624 481 684 523
2 0.893369 915 709 979 761
2 0.893218 271 706 346 756
2 0.893196 485 609 551 657
2 0.893036 970 482 1027 523
2 0.89273 692 363 747 401
2 0.892727 995 1116 1071 1184
2 0.892642 191 1047 278 1112
2 0.892524 852 614 913 661
2 0.892521 279 983 362 1047
2 0.892485 797 482 854 523
2 0.892018 849 1117 921 1183
2 0.891893 557 1047 636 1112
2 0.891806 973 568 1033 613
2 0.891709 79 705 157 755
2 0.89156 1425 1057 1508 1123
2 0.891527 165 864 244 921
2 0.891431 559 521 622 566
2 0.891307 910 365 965 402
2 0.891256 208 704 282 755
2 0.891238 394 757 466 810
2 0.89122 1412 994 1494 1057
2 0.890961 1129 364 1188 403
2 0.890951 421 610 491 657
2 0.890901 1041 710 1106 762
2 0.890882 477 656 545 706
2 0.890653 853 568 913 614
2 0.890628 1186 873 1260 931
2 0.890581 643 925 714 986
2 0.890291 517 810 590 866
2 0.890168 965 364 1020 401
2 0.890056 1033 569 1092 614
2 0.890008 451 810 523 866
2 0.889863 364 923 441 983
2 0.889731 634 1048 707 1113
2 0.889718 914 661 976 710
2 0.889694 694 326 749 363
2 0.889673 117 1046 203 1110
2 0.889666 183 562 255 607
2 0.889623 370 564 437 609
2 0.889493 1103 712 1169 764
2 0.889403 735 567 794 612
2 0.889368 988 926 1059 988
2 0.888929 295 609 366 656
2 0.888786 96 655 169 705
2 0.888785 662 707 727 759
2 0.88875 852 661 914 710
2 0.888742 511 437 573 478
2 0.888714 700 1114 775 1181
2 0.88864 136 982 218 1046
2 0.888367 100 1111 190 1177
2 0.888186 144 704 220 754
2 0.888154 500 521 563 565
2 0.887929 98 864 178 921
2 0.887828 1071 328 1127 364
2 0.887763 976 660 1039 710
2 0.887577 799 442 854 482
2 0.887528 1180 817 1253 873
2 0.887369 128 756 207 808
2 0.887328 245 563 314 608
2 0.887174 1151 570 1216 616
2 0.887126 1038 662 1101 711
2 0.88709 910 403 966 443
2 0.88709 1380 819 1458 874
2 0.886933 786 811 851 868
2 0.886911 347 657 420 706
2 0.886872 1435 766 1510 821
2 0.886855 620 523 680 568
2 0.886699 510 866 583 923
2 0.886575 435 923 509 983
2 0.886512 315 810 393 866
2 0.886397 1340 992 1424 1056
2 0.886347 1414 666 1485 715
2 0.886234 1081 443 1138 483
2 0.886164 1330 931 1412 993
2 0.885957 234 865 313 922
2 0.885947 615 566 678 613
2 0.885906 630 1115 702 1182
2 0.88576 158 655 233 704
2 0.885714 289 395 353 435
2 0.885709 1099 663 1164 713
2 0.885615 913 614 974 661
2 0.885596 327 757 403 810
2 0.88553 1123 930 1197 991
2 0.885529 1087 526 1148 569
2 0.885401 1351 665 1424 714
2 0.885365 1254 873 1329 931
2 0.885354 796 525 853 567
2 0.885321 336 706 413 757
2 0.885209 1094 615 1158 664
2 0.885185 1083 484 1143 526
2 0.884636 1022 402 1078 442
2 0.884626 599 707 665 759
2 0.88435 1090 570 1154 615
2 0.884281 1052 870 1121 928
2 0.884142 1107 763 1177 817
2 0.884086 1312 818 1389 873
2 0.883988 565 479 626 522
2 0.883986 974 614 1035 661
2 0.883894 963 296 1017 328
2 0.883833 1184 364 1244 402
2 0.883728 1212 571 1277 616
2 0.883695 1384 528 1453 572
2 0.883634 719 810 786 867
2 0.883465 1146 527 1211 570
2 0.883394 801 364 855 402
2 0.88331 1189 403 1250 442
2 0.883222 27 654 108 704
2 0.883123 384 810 458 867
2 0.882957 60 563 136 608
2 0.882936 913 569 973 614
2 0.882764 1077 403 1134 442
2 0.882528 1112 816 1184 872
2 0.882364 1035 614 1096 662
2 0.882336 198 518 266 562
2 0.882295 46 810 126 863
2 0.882164 749 326 803 363
2 0.882094 401 1112 484 1179
2 0.881933 305 564 375 609
2 0.881853 1454 572 1527 619
2 0.881706 1265 526 1332 571
2 0.881549 652 811 721 868
2 0.881449 1140 1119 1213 1191
2 0.881445 25 1110 115 1177
2 0.881379 283 656 357 706
2 0.881163 583 324 641 361
2 0.881154 1125 327 1183 364
2 0.880924 1173 764 1245 819
2 0.880814 1475 666 1552 715
2 0.880731 138 518 206 562
2 0.880696 570 438 630 479
2 0.880624 1161 664 1230 714
2 0.880608 493 564 557 609
2 0.880586 64 981 149 1045
2 0.880529 586 811 656 867
2 0.880439 1469 934 1551 995
2 0.880394 1020 364 1074 401
2 0.880074 1289 327 1350 364
2 0.879875 424 983 502 1047
2 0.879709 1362 1121 1450 1198
2 0.879695 964 327 1018 364
2 0.879642 913 526 971 569
2 0.879633 475 322 533 360
2 0.879543 447 478 511 521
2 0.879508 1223 664 1293 714
2 0.879424 1495 1058 1579 1124
2 0.879359 1370 765 1444 819
2 0.879309 737 523 796 568
2 0.879257 909 328 964 364
2 0.879105 1390 874 1468 933
2 0.879038 851 759 916 813
2 0.879026 222 655 294 704
2 0.879005 418 322 479 360
2 0.878945 1048 814 1116 871
2 0.878842 258 518 323 562
2 0.878825 679 523 738 568
2 0.878665 1432 484 1505 529
2 0.878591 319 290 374 319
2 0.878587 260 757 335 809
2 0.878548 1394 572 1463 618
2 0.87854 552 1114 633 1182
2 0.87828 151 476 218 518
2 0.878133 916 813 983 870
2 0.87799 505 479 569 521
2 0.877932 575 398 634 439
2 0.877811 63 757 142 809
2 0.877585 1287 665 1358 714
2 0.877467 76 518 149 562
2 0.877371 0 810 62 863
2 0.876824 1141 484 1204 527
2 0.876772 1503 526 1578 572
2 0.876755 1240 364 1300 401
2 0.876733 335 1113 411 1180
2 0.876316 1375 484 1443 529
2 0.876303 1447 820 1524 876
2 0.876182 972 525 1030 568
2 0.876137 639 325 695 363
2 0.875993 750 295 804 327
2 0.875945 459 756 531 809
2 0.875924 1443 528 1515 572
2 0.875814 209 476 277 518
2 0.875646 1425 716 1498 767
2 0.875579 915 760 981 814
2 0.875554 316 520 382 564
2 0.875509 525 757 596 810
2 0.875372 1321 873 1399 931
2 0.875074 920 987 991 1051
2 0.875042 43 607 123 654
2 0.874592 671 612 733 659
2 0.874233 1030 525 1089 568
2 0.873775 455 438 516 479
2 0.873709 44 1046 132 1110
2 0.873673 918 868 986 928
2 0.873507 1206 526 1271 571
2 0.873498 523 359 583 398
2 0.873482 1401 933 1482 994
2 0.873265 468 359 528 399
2 0.873254 657 758 724 812
2 0.872955 90 476 161 518
2 0.872077 439 521 505 564
2 0.871881 1273 570 1341 616
2 0.871778 346 396 408 437
2 0.87128 908 295 964 327
2 0.871094 579 360 639 400
2 0.871094 1016 296 1070 328
2 0.871073 668 659 730 709
2 0.871071 485 1047 562 1112
2 0.870968 1437 1123 1524 1194
2 0.870964 1246 818 1320 873
2 0.870712 1325 527 1392 570
2 0.87065 853 526 912 569
2 0.870499 1334 570 1401 617
2 0.87022 532 706 601 757
2 0.870215 553 565 617 611
2 0.869919 245 810 325 866
2 0.869881 1279 616 1350 664
2 0.86978 1217 616 1284 665
2 0.869708 1344 327 1404 365
