3 0.91285 191 294 267 355
2 0.906371 407 250 462 311
3 0.88878 109 291 187 353
3 0.888111 270 303 339 358
2 0.888013 113 221 192 289
3 0.883825 342 307 404 361
3 0.882396 573 386 615 432
2 0.877869 343 243 404 305
2 0.872334 194 224 268 295
3 0.869833 407 313 460 363
2 0.868989 270 232 341 297
3 0.864998 463 314 512 368
2 0.858236 463 255 512 314
3 0.852783 573 338 616 383
3 0.850301 801 366 828 401
2 0.84959 574 285 615 337
3 0.848007 462 370 510 425
2 0.829866 758 321 800 363
3 0.829008 757 364 799 402
3 0.828511 905 374 933 399
3 0.798872 800 403 827 423
3 0.79676 828 368 856 403
3 0.792761 408 366 460 390
3 0.792655 904 401 933 423
2 0.775856 934 375 980 399
3 0.757336 545 333 573 382
2 0.752575 513 278 546 333
3 0.748878 827 405 856 423
3 0.737121 882 371 904 403
3 0.735745 856 370 882 403
3 0.733605 882 405 904 424
3 0.730902 699 391 732 409
3 0.725176 700 348 733 388
2 0.715467 547 281 574 333
2 0.688918 542 385 573 431
3 0.674461 659 390 698 408
3 0.660434 616 342 698 388
3 0.657425 340 364 405 384
2 0.648058 933 400 969 423
3 0.604665 733 390 755 409
2 0.588067 943 376 984 399
3 0.573934 513 330 546 382
3 0.544261 616 388 658 433
2 0.540912 509 382 543 429
3 0.539626 660 344 698 387
2 0.536023 955 376 984 400
3 0.523231 734 352 755 389
2 0.510573 734 305 757 351
2 0.509808 802 323 827 365
