2 0.901306 2234 1600 2444 1708
2 0.896513 2223 1485 2431 1594
2 0.892697 2050 1840 2258 1956
2 0.889709 2413 1362 2649 1476
2 0.88733 2033 1720 2253 1838
2 0.881342 2217 1374 2419 1480
2 0.881159 2426 1479 2665 1591
2 0.879948 2008 1381 2217 1482
2 0.879945 2439 1596 2677 1713
2 0.877586 2252 1718 2458 1833
2 0.877297 2018 1488 2225 1596
2 0.873448 2024 1603 2237 1712
2 0.872714 2456 1717 2678 1837
2 0.871695 2402 1251 2627 1362
1 0.866598 41 1800 223 1909
2 0.865635 2000 1274 2208 1381
1 0.855473 94 1597 260 1699
2 0.849412 2205 1267 2404 1368
2 0.848923 2259 1841 2469 1977
1 0.84376 189 1129 356 1231
2 0.838228 1993 1176 2200 1269
1 0.831467 179 1219 336 1313
3 0.82018 1116 1525 1211 1576
2 0.814702 2386 1142 2616 1251
3 0.797394 1025 1528 1117 1579
1 0.780964 65 1698 244 1806
3 0.780442 1115 1575 1206 1627
1 0.771248 0 1697 86 1808
3 0.752283 1210 1519 1322 1572
1 0.751151 143 1404 300 1508
3 0.744595 1024 1577 1115 1630
1 0.740613 0 1594 112 1704
1 0.739805 0 1804 66 1914
2 0.731477 840 1584 890 1634
2 0.727826 2378 1043 2594 1145
3 0.722459 842 1540 887 1583
1 0.697925 164 1306 319 1408
2 0.683061 889 1583 968 1632
3 0.681272 888 1539 966 1583
1 0.68124 0 1504 133 1599
1 0.659297 2 1404 150 1508
1 0.631032 0 1909 37 2016
2 0.615799 1982 877 2172 986
1 0.604909 244 1589 454 1695
2 0.584888 1988 1078 2192 1179
1 0.564192 305 1295 511 1399
3 0.536072 968 1533 1030 1580
1 0.531945 967 1580 1026 1630
2 0.525113 2065 1954 2261 1999
1 0.523609 123 1504 285 1600
