3 0.902506 583 352 669 390
3 0.902341 374 392 473 433
3 0.902042 585 392 672 433
3 0.901144 581 313 665 350
3 0.89703 377 352 473 391
3 0.888246 179 269 276 308
3 0.887535 587 434 674 473
3 0.885724 378 312 473 351
3 0.885341 373 434 474 478
3 0.881782 380 275 473 311
3 0.880614 666 353 766 394
3 0.880405 165 387 265 430
3 0.879786 849 352 897 391
2 0.877878 776 430 865 468
3 0.877868 171 347 269 387
3 0.876436 174 308 272 347
3 0.873973 671 394 772 432
3 0.871845 182 232 281 269
3 0.870557 383 239 473 273
3 0.870102 194 164 288 198
3 0.869935 385 203 473 237
3 0.868558 660 281 757 317
3 0.867086 580 275 662 313
3 0.866945 663 316 761 354
3 0.866799 673 431 777 471
3 0.865597 201 130 292 163
2 0.860354 921 283 970 318
3 0.859561 752 245 834 279
2 0.858485 913 249 970 282
3 0.858401 280 274 378 311
3 0.856905 766 353 853 391
3 0.85651 843 316 890 352
3 0.856093 386 169 473 201
3 0.853477 863 428 912 469
3 0.85136 188 198 285 232
3 0.849914 389 107 472 136
3 0.849866 936 354 970 393
3 0.84091 388 138 473 166
3 0.840156 160 431 261 473
3 0.839909 855 391 904 427
3 0.838346 763 315 848 352
3 0.834905 836 281 882 316
3 0.834425 296 109 333 138
2 0.833321 899 187 970 217
3 0.829465 824 215 870 247
3 0.827885 589 474 675 520
3 0.826956 331 109 386 141
3 0.825469 330 140 385 172
3 0.823839 329 171 384 204
3 0.822028 883 299 930 334
3 0.820759 830 247 878 281
3 0.818572 869 230 915 264
3 0.817767 299 79 335 108
3 0.8176 317 312 376 347
3 0.816999 301 52 337 79
3 0.814578 877 263 923 298
2 0.812242 906 217 970 248
3 0.808841 819 182 863 216
3 0.80489 943 393 970 428
3 0.804577 293 138 331 170
3 0.802443 891 335 938 370
3 0.802145 859 166 900 200
3 0.79858 313 349 375 392
3 0.798234 863 199 907 231
3 0.797103 289 171 330 203
3 0.791924 83 386 164 427
3 0.790046 647 123 683 150
3 0.785686 649 150 690 180
3 0.783662 213 44 299 70
3 0.782823 372 479 475 522
3 0.781502 657 247 752 282
3 0.779615 283 238 380 274
3 0.77625 569 117 646 142
2 0.773597 94 302 177 341
3 0.771407 654 213 747 248
3 0.770263 742 182 823 212
3 0.766399 947 428 970 464
2 0.764346 80 428 161 469
2 0.760253 476 342 582 384
2 0.758303 771 392 859 430
2 0.750232 140 66 211 93
2 0.738567 782 470 866 494
2 0.732618 88 343 171 384
2 0.731902 476 300 580 327
3 0.73132 43 213 73 267
2 0.727011 73 471 154 520
2 0.721925 477 385 583 413
2 0.720246 928 317 970 353
3 0.719061 20 334 50 383
3 0.710746 204 99 295 129
3 0.700366 25 293 59 342
3 0.688182 209 70 298 97
3 0.685746 652 181 697 212
2 0.680834 476 385 583 426
3 0.673818 327 205 382 238
3 0.668287 36 252 65 305
2 0.66416 0 429 33 524
2 0.6561 103 265 180 301
3 0.653354 262 431 307 477
3 0.649022 571 144 648 172
3 0.648639 747 210 828 245
2 0.646604 746 211 829 245
2 0.644784 576 205 655 239
3 0.640746 894 368 940 395
3 0.632566 579 240 658 275
3 0.627278 287 204 326 237
3 0.624583 270 350 315 394
3 0.622843 305 432 372 477
3 0.610244 74 83 103 121
3 0.592981 674 470 785 520
2 0.571083 115 192 193 227
3 0.566226 268 393 309 430
2 0.565945 751 245 834 278
3 0.563105 274 311 318 350
3 0.547444 693 181 743 214
3 0.542545 573 171 652 205
3 0.541026 109 228 188 264
3 0.537335 676 470 784 499
3 0.532897 310 394 374 432
2 0.532624 757 279 842 315
3 0.519428 757 279 841 315
3 0.516239 51 180 81 224
