2 0.876823 425 483 449 514
2 0.873398 290 442 340 469
3 0.873186 267 569 324 598
3 0.872199 263 597 320 625
3 0.870742 954 405 990 437
2 0.865812 282 493 333 518
2 0.864394 452 434 477 469
1 0.864021 208 682 251 713
3 0.863714 909 493 974 528
2 0.86341 398 489 427 519
3 0.861802 901 427 963 461
2 0.859545 279 517 330 543
2 0.859299 400 467 429 492
3 0.856112 258 625 316 654
3 0.854212 913 528 981 563
2 0.853643 427 460 451 487
3 0.853445 274 542 328 569
2 0.852552 395 516 424 545
1 0.851998 204 712 248 745
3 0.849859 216 625 262 657
2 0.849481 498 399 518 439
2 0.847899 496 432 518 471
3 0.846542 897 396 957 428
3 0.843731 212 655 257 685
2 0.843601 423 508 447 538
2 0.841093 450 460 475 496
3 0.84098 951 373 985 406
2 0.83997 377 447 404 475
2 0.83853 371 521 397 550
3 0.838367 965 468 1001 502
1 0.836681 168 651 196 674
2 0.834912 409 393 435 420
3 0.83375 713 467 755 508
2 0.833317 252 493 284 519
1 0.832979 304 686 355 717
2 0.83255 373 496 400 524
3 0.83216 720 596 763 641
3 0.832003 907 461 968 493
3 0.831115 584 429 641 469
3 0.830798 222 597 266 626
3 0.829916 364 572 392 599
3 0.829414 713 427 752 466
2 0.828417 381 422 407 450
1 0.828301 250 683 307 713
1 0.828013 165 671 193 694
1 0.827895 246 711 303 744
2 0.827105 375 472 402 499
3 0.824749 883 307 944 336
1 0.823693 173 632 200 653
2 0.823008 392 541 425 570
2 0.822963 485 319 503 359
3 0.821639 712 388 749 427
2 0.820275 580 509 642 556
2 0.819273 248 519 281 544
2 0.819243 411 370 436 398
2 0.818654 384 400 410 427
3 0.816552 720 642 768 690
2 0.816262 334 475 376 500
2 0.815899 294 418 343 444
1 0.815856 309 657 358 687
2 0.814759 255 468 289 495
3 0.814615 888 336 949 366
1 0.814609 581 594 642 642
3 0.813175 723 741 775 791
3 0.809165 875 223 932 254
2 0.807429 454 409 479 444
3 0.806911 929 233 961 263
2 0.806465 516 426 539 465
2 0.804553 331 500 374 528
2 0.804379 299 394 346 419
2 0.80373 520 355 540 393
3 0.802973 722 688 773 743
3 0.801307 970 501 1007 537
2 0.800364 405 416 432 445
3 0.798911 872 196 928 226
2 0.798855 481 397 500 428
2 0.798778 303 373 348 396
2 0.797851 258 444 292 470
2 0.797417 430 435 452 463
2 0.796606 403 440 431 469
2 0.796605 448 486 475 520
3 0.793808 233 569 271 598
1 0.79321 182 594 208 615
1 0.793088 156 712 185 737
3 0.791395 469 519 492 563
3 0.787914 960 436 997 468
3 0.787062 443 570 468 607
3 0.786137 942 315 974 346
2 0.785509 386 376 412 404
1 0.785252 185 574 212 595
2 0.784978 514 463 536 506
2 0.784535 642 553 714 598
3 0.784043 362 596 389 627
1 0.783128 199 743 243 775
3 0.782857 894 365 953 396
1 0.78141 151 734 180 758
2 0.780777 476 448 496 483
1 0.780025 244 743 299 775
2 0.779119 264 419 296 446
2 0.778455 504 301 524 342
2 0.777848 456 383 481 419
1 0.775389 951 804 1026 831
2 0.774743 478 417 498 455
2 0.772775 518 390 539 428
2 0.772457 338 451 379 475
3 0.771665 195 662 213 685
2 0.768376 522 322 542 358
1 0.767795 313 627 362 658
2 0.767768 878 251 936 279
3 0.767649 445 538 470 577
2 0.766614 502 327 523 370
1 0.765762 161 691 189 715
3 0.763726 491 511 513 553
1 0.762715 811 738 858 787
1 0.762399 192 773 235 808
2 0.762125 482 372 500 404
1 0.760147 1006 722 1048 767
2 0.760029 523 289 543 329
2 0.758576 287 467 336 494
1 0.75793 1015 765 1055 810
3 0.756517 709 315 746 352
3 0.756173 723 790 774 831
2 0.756019 457 356 483 392
1 0.755856 143 777 172 804
2 0.755084 486 288 505 333
3 0.753222 714 508 758 550
3 0.752877 440 599 465 636
1 0.752542 243 773 294 810
3 0.750804 490 546 511 586
2 0.746697 493 479 515 520
2 0.745416 269 397 300 421
2 0.74402 483 346 502 382
1 0.743799 147 755 176 779
1 0.743632 300 715 352 747
3 0.740833 870 173 924 199
1 0.739785 580 552 642 598
3 0.736421 585 391 641 429
2 0.736158 459 335 484 382
2 0.735375 432 410 454 439
3 0.735112 925 208 957 236
1 0.73493 188 807 225 831
3 0.734702 468 552 490 593
3 0.733319 983 572 1020 608
3 0.733294 711 352 747 389
3 0.731762 716 551 760 597
3 0.731158 427 556 445 586
3 0.730213 253 654 311 684
1 0.721143 352 684 378 715
1 0.717948 62 819 97 831
3 0.717813 471 494 493 537
1 0.717168 45 726 87 751
2 0.715575 504 275 525 319
1 0.712388 178 613 205 636
2 0.711392 500 384 520 420
2 0.708466 342 427 382 453
2 0.707991 474 472 495 508
3 0.7078 708 280 745 315
3 0.707182 947 345 979 374
2 0.706864 435 362 458 393
2 0.705829 501 359 521 396
3 0.705744 238 544 276 570
1 0.704234 920 563 986 600
1 0.703883 945 761 1022 805
1 0.701351 65 683 95 706
1 0.698923 17 818 67 831
1 0.697882 137 801 168 828
2 0.697707 345 402 385 430
3 0.694528 882 277 939 307
1 0.6942 25 794 72 819
1 0.691256 55 704 92 727
3 0.689624 869 427 904 459
3 0.68725 866 397 900 427
3 0.683832 191 683 210 709
3 0.683622 977 534 1013 573
2 0.68097 272 374 302 398
2 0.676789 494 462 516 499
1 0.674998 76 643 105 663
2 0.673724 462 309 486 350
2 0.671364 934 261 965 289
1 0.669462 994 644 1033 685
1 0.668746 814 785 862 831
2 0.668006 348 380 387 405
3 0.655146 438 628 464 662
2 0.653463 525 258 543 295
1 0.652352 226 809 288 831
3 0.651042 876 758 949 802
2 0.649967 435 388 456 414
3 0.649375 938 289 970 317
1 0.648014 285 810 318 831
3 0.645437 355 653 382 685
3 0.644143 878 493 913 528
2 0.642328 386 591 427 625
1 0.640489 82 621 109 644
1 0.637752 425 613 441 647
1 0.629082 104 642 165 664
3 0.628654 129 528 162 547
1 0.62755 69 794 137 820
3 0.626251 467 582 488 618
1 0.618502 506 626 531 674
2 0.618474 428 455 451 481
2 0.616689 706 214 744 247
1 0.611477 941 718 1012 762
1 0.610533 88 705 154 728
2 0.606551 423 533 446 564
3 0.605006 359 625 385 656
1 0.604579 507 583 532 628
1 0.60258 189 556 216 576
3 0.601103 926 599 991 640
3 0.590083 583 642 642 686
1 0.579203 88 817 129 831
1 0.578818 84 728 148 752
2 0.577002 274 352 306 375
1 0.575907 34 772 79 796
1 0.573353 98 662 161 685
3 0.565213 583 469 640 509
3 0.563852 428 583 444 616
2 0.563113 591 39 642 127
2 0.558589 327 527 372 552
3 0.55798 320 575 368 602
1 0.557495 509 543 534 584
3 0.557005 306 351 351 373
1 0.556455 310 746 349 779
1 0.548276 69 818 130 831
3 0.542462 873 460 909 493
1 0.537741 75 771 141 796
3 0.536175 937 677 1005 719
1 0.533276 117 584 152 604
1 0.53249 107 622 166 644
1 0.529162 855 750 879 795
3 0.528854 197 639 216 664
1 0.524216 94 684 159 707
1 0.522715 1023 807 1060 831
1 0.518131 859 795 881 831
3 0.514747 842 625 866 668
1 0.514713 94 584 119 604
3 0.513149 187 705 206 727
1 0.51304 154 528 187 547
3 0.509299 463 647 484 681
2 0.507862 411 343 437 374
1 0.503446 153 546 183 565
