3 0.9098 671 183 845 259
3 0.901868 674 104 849 182
3 0.883026 671 262 842 337
3 0.879913 677 27 851 102
1 0.849935 595 260 674 333
3 0.84301 608 0 684 29
3 0.835714 598 183 673 257
3 0.828463 604 30 680 105
3 0.786742 0 14 48 164
3 0.786421 102 35 369 175
3 0.762548 668 338 840 415
2 0.759946 581 107 602 180
3 0.748467 669 414 838 493
3 0.67188 0 164 41 307
3 0.664321 687 0 857 24
3 0.662266 31 313 233 460
2 0.658276 582 30 606 107
2 0.6547 601 108 676 182
3 0.603089 749 415 838 493
3 0.513656 105 0 350 31
