3 0.887055 613 633 990 768
3 0.886424 1080 295 1172 389
3 0.874414 604 880 995 960
3 0.87313 610 753 999 887
3 0.868822 1069 210 1155 303
3 0.866862 614 509 979 658
3 0.864967 226 845 569 960
3 0.862875 1093 384 1183 484
3 0.861499 1062 138 1143 219
3 0.856215 1163 215 1280 313
3 0.855545 1117 576 1221 682
3 0.848896 1178 298 1280 396
3 0.845033 1190 385 1280 489
3 0.842669 1148 135 1279 231
3 0.838148 150 461 580 605
3 0.83541 99 707 574 845
3 0.831021 1104 475 1201 578
3 0.828557 121 576 575 718
3 0.826351 953 314 1087 408
3 0.821548 963 406 1098 513
3 0.81732 625 107 864 226
3 0.817241 930 68 1055 135
2 0.80696 0 865 102 960
3 0.799356 622 20 861 139
3 0.785134 939 147 1063 218
3 0.784593 1208 479 1280 587
3 0.780551 0 706 118 848
3 0.777254 845 152 946 260
3 0.776321 164 355 583 487
3 0.762064 946 223 1075 317
3 0.760621 857 87 937 178
3 0.730627 1052 77 1135 152
3 0.717345 622 297 964 451
3 0.713362 1129 682 1237 789
3 0.704507 1134 70 1280 158
3 0.678445 620 402 971 549
3 0.678347 975 610 1121 674
3 0.668983 178 258 582 385
3 0.656785 1219 575 1280 682
3 0.655335 624 193 957 330
3 0.652552 202 153 307 254
3 0.652083 852 31 931 101
3 0.604993 848 231 952 354
3 0.595331 183 258 299 353
3 0.578545 0 563 136 702
3 0.559095 989 720 1133 788
3 0.557202 624 200 959 434
3 0.532338 911 783 995 899
3 0.510402 1 365 175 459
