3 0.899922 639 420 740 468
3 0.898539 1185 115 1253 177
3 0.897632 641 325 744 373
3 0.893145 1185 175 1255 240
3 0.887681 642 277 745 327
3 0.88701 1186 239 1257 303
3 0.886152 1027 181 1187 252
3 0.885382 1028 243 1187 310
3 0.882174 640 372 742 420
3 0.880813 1184 56 1251 116
3 0.880265 1029 307 1185 370
3 0.87929 1026 119 1183 194
3 0.875681 1026 61 1182 136
3 0.875032 1186 303 1256 366
3 0.87299 511 373 577 414
3 0.872853 644 229 747 279
3 0.866392 1181 2 1248 57
3 0.864555 897 357 1023 415
3 0.859334 174 446 232 474
3 0.855809 890 416 1021 468
3 0.854444 173 472 231 499
3 0.848901 577 414 618 456
3 0.844211 578 370 618 411
3 0.843708 1029 370 1181 428
3 0.841655 510 416 576 457
3 0.835652 896 301 1025 358
3 0.833558 896 193 1024 251
3 0.827248 1187 370 1256 427
3 0.820948 854 212 897 262
3 0.818727 368 420 431 458
3 0.816678 854 312 898 362
3 0.815008 855 262 896 312
3 0.812793 509 460 575 500
3 0.810329 1025 8 1181 76
3 0.807421 175 420 233 448
3 0.799175 575 460 617 503
3 0.792325 789 434 852 467
3 0.790419 640 469 734 515
3 0.787355 1086 8 1180 73
3 0.762308 895 246 1025 305
3 0.755229 1025 22 1098 80
3 0.72353 301 429 351 454
3 0.721699 1258 393 1280 426
3 0.720775 173 498 229 524
3 0.72051 368 382 432 418
3 0.718613 385 459 430 497
3 0.716222 301 453 350 477
3 0.703848 1249 11 1280 50
3 0.703317 469 351 512 382
3 0.698785 1255 252 1280 302
3 0.696397 744 470 786 507
3 0.69611 791 235 853 282
3 0.685868 743 421 788 467
3 0.668056 790 281 853 328
3 0.666997 855 362 898 413
3 0.662739 743 370 788 419
3 0.658408 747 227 790 274
3 0.645521 469 384 511 420
3 0.64141 433 381 470 418
1 0.627207 301 477 349 502
3 0.623883 1256 302 1280 366
3 0.617275 1254 178 1280 238
3 0.615961 1250 70 1280 110
3 0.608482 434 417 469 457
3 0.57689 509 504 573 545
3 0.576231 1253 128 1280 173
3 0.569925 789 374 853 424
3 0.559707 745 275 789 321
3 0.555446 470 423 510 460
3 0.541976 744 322 788 369
3 0.538422 573 505 615 548
3 0.536545 748 281 854 329
3 0.511881 433 350 469 380
