2 0.769553 87 335 108 349
2 0.760284 91 187 111 202
2 0.71402 91 199 111 214
2 0.706993 92 164 112 179
2 0.688987 91 176 112 191
2 0.679001 181 382 200 398
2 0.667873 91 211 110 225
2 0.641956 87 322 108 337
2 0.613103 71 116 94 140
2 0.607003 87 310 108 324
2 0.605342 92 153 113 168
2 0.59206 181 398 200 410
2 0.564011 163 381 181 398
2 0.553454 90 223 110 236
2 0.553121 181 368 200 383
2 0.54869 180 266 201 281
2 0.547317 293 160 316 177
2 0.52611 180 281 201 295
2 0.521345 163 353 180 369
2 0.518337 258 120 291 136
