3 0.906719 695 2 758 50
3 0.906685 638 1 693 47
3 0.906156 694 51 758 104
2 0.904433 446 378 509 444
3 0.903445 636 105 692 159
3 0.902478 759 108 821 160
3 0.901844 758 163 821 215
3 0.900377 570 216 633 269
3 0.89929 571 105 634 159
3 0.89834 635 161 691 214
3 0.897344 889 56 951 106
3 0.89659 571 161 633 214
3 0.896323 887 218 950 267
3 0.895444 888 4 951 52
3 0.895236 823 110 884 163
3 0.894705 637 49 692 103
3 0.894479 694 165 756 215
3 0.892754 760 53 822 105
3 0.892008 572 1 635 46
3 0.891446 257 100 322 150
3 0.891286 888 110 950 162
3 0.890978 887 165 950 215
3 0.890788 572 49 634 103
3 0.89015 760 2 823 51
3 0.889088 824 55 884 108
3 0.887658 759 217 822 262
3 0.887064 823 166 884 218
3 0.885712 257 155 321 205
3 0.883846 256 211 320 263
2 0.883327 384 378 445 443
2 0.88121 511 379 568 443
3 0.880305 255 322 321 375
3 0.878767 256 267 318 319
3 0.876942 824 8 883 53
3 0.875373 446 213 568 269
3 0.875027 953 219 1000 270
3 0.874806 954 56 1000 110
3 0.874312 446 100 569 158
3 0.873753 571 270 633 322
3 0.873677 257 44 323 96
3 0.872706 954 4 1000 56
3 0.871345 634 217 688 271
3 0.869409 325 156 381 206
3 0.869055 953 112 1000 165
3 0.868958 444 42 570 102
3 0.866201 952 166 1000 217
2 0.860526 254 376 320 443
3 0.859112 697 218 756 265
3 0.856663 258 0 324 39
2 0.846527 197 376 252 441
3 0.844959 445 158 569 213
3 0.844918 323 210 380 263
3 0.826834 443 0 572 44
3 0.811498 823 219 883 257
3 0.803381 442 268 570 324
3 0.768883 694 105 757 164
3 0.748521 635 272 679 311
3 0.746217 325 100 384 152
3 0.742224 440 325 508 375
3 0.735788 320 265 381 321
3 0.722546 320 265 444 325
2 0.711607 322 377 383 408
3 0.697179 382 209 447 266
3 0.685019 327 41 383 95
3 0.682993 197 0 255 36
3 0.657546 326 0 442 37
3 0.651232 322 323 383 376
3 0.582472 383 325 441 376
3 0.556181 382 265 443 325
3 0.542166 197 37 254 92
3 0.537012 204 151 253 206
3 0.525036 201 323 252 375
3 0.522262 509 325 569 373
