2 0.899432 539 154 608 184
2 0.896318 497 502 538 544
2 0.895443 539 185 609 215
2 0.893554 456 503 498 544
3 0.892748 538 423 619 458
2 0.89106 611 186 646 216
3 0.890001 538 461 621 500
2 0.888964 539 124 608 154
2 0.888028 652 315 695 349
3 0.886051 538 386 617 419
2 0.884401 610 155 646 186
2 0.881754 501 189 537 218
2 0.876777 609 125 645 156
2 0.875474 501 219 537 250
2 0.875374 314 161 356 189
3 0.874994 539 351 615 383
2 0.874813 468 138 501 167
3 0.874467 538 502 618 544
2 0.871061 609 96 644 125
3 0.870946 212 421 289 460
2 0.869945 502 158 537 189
2 0.869576 539 96 608 124
2 0.868445 650 248 689 281
3 0.868371 615 281 651 313
3 0.867712 621 422 657 459
2 0.866165 468 167 501 196
2 0.865954 539 65 608 97
3 0.865688 285 459 331 496
3 0.864698 616 315 652 349
2 0.86404 257 128 318 158
2 0.863945 466 197 501 226
3 0.863871 248 188 312 218
3 0.863724 613 248 650 280
3 0.861432 690 250 728 284
2 0.86094 683 161 720 191
3 0.860071 538 281 613 313
2 0.858798 658 460 706 501
2 0.857361 258 102 320 128
2 0.85668 539 216 610 246
3 0.855035 617 351 654 383
2 0.854809 253 158 315 188
2 0.853657 608 67 643 96
2 0.852202 468 109 502 137
2 0.847454 502 128 538 159
2 0.847193 648 186 685 217
3 0.84431 687 220 725 250
2 0.843742 359 111 395 140
3 0.843238 619 386 655 421
2 0.841716 642 66 680 96
2 0.841628 685 191 722 220
2 0.840806 644 96 681 126
2 0.84075 682 131 718 161
2 0.840032 502 100 539 129
2 0.839311 646 155 683 187
3 0.838569 457 462 495 502
3 0.836467 620 461 660 499
3 0.833321 692 284 729 317
3 0.833248 462 288 495 320
3 0.832677 612 216 648 246
2 0.830068 723 185 743 214
3 0.830061 116 319 151 355
2 0.828863 681 101 717 131
3 0.82673 219 385 293 421
3 0.826275 739 433 768 466
2 0.825987 284 497 330 526
3 0.823405 290 385 336 420
2 0.822975 651 282 692 314
3 0.822859 694 317 731 351
2 0.822601 645 125 681 157
3 0.821616 460 355 494 388
3 0.820582 463 257 498 288
3 0.820228 123 288 156 321
2 0.820099 539 248 612 279
3 0.818855 154 283 196 316
2 0.817889 159 253 199 283
3 0.816309 497 283 536 316
3 0.815554 204 460 286 496
2 0.814884 498 251 537 282
2 0.814631 360 85 397 111
2 0.813581 317 131 357 162
2 0.81311 210 161 245 192
3 0.811812 461 321 494 353
2 0.810114 319 102 359 132
3 0.808448 737 399 765 432
2 0.806564 198 254 231 284
3 0.805837 129 256 162 289
3 0.80461 697 351 735 388
2 0.804474 164 222 204 252
2 0.804232 425 504 455 542
2 0.798609 680 72 716 101
3 0.790361 201 220 237 252
3 0.785462 705 462 739 492
3 0.782143 334 388 368 423
3 0.778658 148 316 192 352
2 0.776066 214 132 252 161
3 0.773398 332 425 367 458
2 0.77155 217 103 256 132
2 0.770954 258 75 322 100
2 0.770756 357 140 394 169
3 0.766696 112 354 144 391
3 0.766691 226 349 297 385
3 0.759061 460 389 494 424
2 0.755617 469 80 502 110
3 0.755421 339 353 371 387
3 0.751737 310 189 355 219
3 0.750551 740 468 768 495
3 0.749338 287 420 333 458
2 0.748752 653 350 698 385
2 0.747189 725 214 745 242
3 0.744552 458 425 494 461
2 0.743054 141 351 186 387
3 0.741939 620 502 662 544
3 0.741477 700 388 737 425
3 0.737087 539 316 614 348
3 0.73021 194 284 227 316
2 0.726035 720 155 741 185
3 0.715377 182 350 221 385
2 0.707904 720 131 739 157
3 0.705594 342 320 378 354
2 0.704965 649 216 687 247
3 0.703833 496 387 536 422
1 0.699824 656 422 704 460
3 0.699707 133 224 165 258
3 0.69896 188 316 225 351
3 0.693843 495 461 537 501
3 0.690282 703 426 738 462
2 0.683666 154 107 219 141
3 0.679144 354 196 394 227
3 0.673796 332 460 370 496
1 0.662983 100 423 136 458
2 0.657878 147 169 180 199
2 0.648936 321 75 361 103
3 0.639771 538 248 611 278
2 0.63935 331 500 373 527
2 0.637605 655 386 701 422
2 0.635609 433 245 462 276
2 0.632359 220 76 257 102
3 0.631463 307 219 353 249
2 0.629114 727 244 748 272
2 0.616346 168 192 209 221
2 0.61399 465 225 500 257
2 0.613119 501 69 541 103
3 0.612898 347 287 381 321
3 0.612393 294 349 341 385
2 0.607861 424 468 455 504
3 0.603976 351 248 389 286
2 0.596936 729 272 751 302
2 0.587558 151 134 215 167
3 0.578804 226 315 301 349
3 0.577611 142 197 174 226
3 0.566944 142 385 214 421
2 0.563744 356 168 394 196
3 0.556192 496 424 536 460
3 0.554665 127 459 207 495
2 0.552546 432 276 460 308
3 0.545982 497 317 535 351
3 0.531531 496 352 536 385
3 0.521551 464 225 500 257
2 0.507599 150 140 185 169
3 0.50619 237 218 309 249
