3 0.878339 2017 1065 2264 1212
3 0.862079 1287 916 1478 1053
3 0.854743 1994 928 2226 1064
2 0.848833 1305 784 1479 921
2 0.847646 2203 935 2375 1073
2 0.847559 2151 818 2342 939
2 0.839523 2124 706 2306 822
2 0.829837 1963 694 2149 816
3 0.823244 1480 1055 2021 1213
2 0.822609 1973 810 2186 922
2 0.813111 2097 607 2271 706
2 0.764696 1113 789 1313 968
2 0.733179 2000 498 2086 589
2 0.683997 1694 595 1752 642
3 0.664222 1480 913 1812 1055
2 0.659049 1763 397 1882 517
2 0.656793 2076 461 2227 603
2 0.637156 1557 546 1613 584
2 0.625311 1289 1061 1479 1218
2 0.621796 1828 603 1887 647
2 0.612933 1990 427 2066 532
2 0.607881 2053 397 2190 499
2 0.60738 1727 521 1763 559
2 0.605054 1944 466 1999 554
2 0.590185 1727 458 1769 520
2 0.576327 1551 584 1614 630
2 0.571967 1489 580 1554 623
2 0.568798 1697 557 1751 595
2 0.566087 2237 1074 2398 1218
2 0.555418 1750 560 1793 598
3 0.554271 1480 1052 1849 1214
2 0.54691 1885 605 1941 648
2 0.54654 1613 590 1697 639
2 0.517137 1943 622 2116 700
2 0.504675 1087 640 1138 742
2 0.503994 1876 307 1968 415
1 0.503949 715 1089 769 1141
