3 0.873032 388 293 406 312
3 0.861482 388 313 405 332
3 0.858016 388 332 406 351
3 0.849488 225 346 290 368
3 0.843508 366 332 387 352
3 0.841387 388 238 406 257
3 0.841369 389 220 406 239
3 0.837131 191 319 226 344
3 0.835469 291 348 319 369
3 0.832114 388 274 406 293
3 0.82929 294 252 322 276
3 0.827669 292 323 320 347
3 0.822622 366 253 387 273
3 0.821979 388 256 406 275
3 0.821568 294 276 321 298
3 0.819491 366 272 387 293
3 0.818916 293 298 320 323
3 0.816472 226 320 290 345
3 0.814189 366 234 387 254
3 0.813586 227 179 290 211
3 0.808315 294 230 322 254
3 0.798497 366 292 387 312
3 0.797328 366 353 388 370
3 0.797195 388 352 406 369
3 0.785989 191 346 226 369
3 0.774702 228 202 289 230
3 0.773629 295 209 322 232
3 0.763685 350 288 366 308
3 0.748551 227 295 291 321
3 0.747323 295 188 321 211
3 0.722615 350 268 366 288
3 0.714826 365 216 387 236
3 0.709814 191 267 226 292
3 0.702703 350 249 366 268
3 0.692903 349 309 366 329
3 0.692054 191 292 226 318
3 0.686117 350 231 365 250
3 0.678029 230 149 292 188
3 0.672406 320 357 334 369
3 0.668311 190 144 229 174
3 0.667566 226 270 292 296
3 0.662512 226 222 291 250
3 0.647899 424 263 438 280
3 0.6474 323 233 350 253
3 0.642003 406 353 426 367
3 0.631092 226 246 291 273
3 0.629925 334 339 348 355
3 0.628256 424 280 438 298
3 0.628153 324 254 351 273
3 0.612974 349 330 365 352
3 0.605928 328 293 350 315
3 0.600108 325 273 351 294
3 0.570939 406 315 425 333
3 0.567623 424 246 439 263
3 0.54548 151 209 192 238
3 0.543781 331 317 349 337
3 0.52403 334 355 365 370
3 0.519985 406 334 425 352
3 0.514405 192 240 227 268
3 0.511244 366 312 387 332
1 0.500456 366 312 387 331
