3 0.909261 474 173 764 321
3 0.90485 473 323 769 475
3 0.904393 326 30 471 172
2 0.896754 210 178 318 328
3 0.893404 7 328 142 468
3 0.883806 8 177 143 322
3 0.883103 334 324 474 464
3 0.881765 772 32 934 171
2 0.88023 212 329 318 467
3 0.88005 329 175 473 323
3 0.878518 15 29 145 167
3 0.876425 765 324 927 472
3 0.871617 760 174 931 323
2 0.870146 211 31 317 177
3 0.86378 476 29 762 169
3 0.839829 195 93 212 118
3 0.804244 195 119 211 143
2 0.760829 475 30 762 170
2 0.753054 151 178 194 324
3 0.731042 195 71 212 95
3 0.696386 195 45 212 71
3 0.658198 195 144 211 173
2 0.642024 154 31 195 172
2 0.61233 156 140 194 176
3 0.581989 195 219 211 242
2 0.559655 151 327 193 470
3 0.543068 194 337 210 367
