2 0.924794 374 754 519 849
2 0.923457 370 667 511 755
2 0.919147 610 618 692 686
2 0.918157 149 753 283 861
2 0.915615 281 754 376 853
2 0.910611 624 686 705 758
2 0.909568 557 616 626 685
2 0.908792 548 552 614 618
2 0.907431 566 685 634 760
2 0.907322 282 662 374 754
2 0.90278 156 656 284 755
2 0.902634 603 556 683 621
2 0.901513 502 680 577 759
2 0.899239 282 501 367 589
2 0.898944 634 758 717 834
2 0.897274 368 586 502 676
2 0.895819 284 305 361 381
2 0.895115 695 688 767 756
2 0.894174 481 480 548 551
2 0.892232 283 577 371 666
2 0.891661 522 333 579 389
2 0.887617 282 430 365 516
2 0.887115 527 382 585 445
2 0.884959 471 366 532 434
2 0.883738 284 247 358 320
2 0.883045 488 543 557 615
2 0.882989 708 758 768 832
2 0.882357 683 623 757 691
2 0.880999 495 610 566 684
2 0.880943 468 315 527 379
2 0.879075 534 434 594 498
2 0.872617 670 561 740 630
2 0.869253 476 420 541 492
2 0.866242 283 365 362 445
2 0.849016 362 383 481 473
2 0.84435 357 268 470 357
2 0.834578 659 505 728 573
2 0.831777 633 351 693 412
2 0.828342 360 324 477 414
2 0.827477 642 401 704 466
2 0.82747 364 447 489 538
2 0.827256 577 759 649 836
2 0.822266 586 441 658 504
2 0.819275 541 494 602 557
2 0.815331 189 481 285 578
2 0.813284 173 565 285 660
1 0.806178 35 620 64 639
2 0.801997 510 759 576 841
2 0.80183 366 512 497 606
1 0.799809 0 743 22 762
1 0.798137 20 744 50 763
2 0.791291 651 449 715 516
1 0.790344 0 762 19 781
1 0.783277 49 746 68 765
1 0.782768 0 624 16 640
1 0.776468 16 619 36 637
1 0.771273 47 763 67 782
1 0.770268 0 724 24 743
1 0.765743 14 636 35 655
1 0.765231 31 655 59 673
2 0.762518 578 388 648 450
1 0.754865 0 641 14 659
1 0.747927 10 671 30 688
1 0.744671 57 673 74 692
1 0.740564 7 688 28 706
1 0.739934 12 653 33 671
1 0.73572 60 641 78 659
1 0.733038 3 705 25 725
1 0.731941 62 623 80 643
1 0.718207 33 638 62 656
1 0.715928 55 692 73 711
1 0.708855 0 781 16 797
2 0.705024 596 515 667 561
1 0.7048 51 728 69 747
1 0.68682 45 781 66 798
2 0.674746 573 340 639 396
2 0.659745 120 653 153 770
2 0.647191 29 672 58 691
2 0.626485 190 219 286 317
1 0.62641 53 709 71 728
1 0.623893 17 762 48 782
1 0.616812 0 607 18 624
1 0.612344 58 657 76 676
2 0.607138 92 576 106 629
2 0.590213 22 726 52 744
2 0.579668 90 575 104 641
2 0.577137 686 377 710 428
2 0.576624 100 607 125 700
1 0.571387 0 685 9 706
2 0.568312 101 614 118 697
2 0.56267 595 495 661 537
2 0.540559 107 530 135 615
2 0.5379 106 540 128 618
2 0.529541 185 272 287 376
2 0.507031 112 489 130 549
2 0.501077 85 631 100 706
