2 0.906379 175 188 217 220
2 0.898449 172 218 215 250
2 0.889219 345 281 388 313
2 0.889172 342 109 379 137
2 0.888869 178 160 218 190
2 0.886014 217 159 260 188
2 0.882861 214 217 259 249
2 0.881778 343 136 379 164
2 0.880527 343 163 381 191
2 0.879288 280 105 342 135
2 0.87927 219 130 264 160
2 0.878987 180 132 219 162
2 0.87674 215 187 259 218
2 0.876106 343 190 382 220
2 0.871744 183 106 220 134
2 0.866899 344 220 383 251
2 0.863922 279 189 343 220
2 0.862544 412 183 442 210
2 0.861915 413 209 445 236
2 0.860767 150 137 182 170
2 0.860583 284 160 343 189
2 0.859846 414 235 447 264
3 0.859679 284 252 344 282
2 0.859166 121 127 152 152
2 0.858763 117 152 150 178
3 0.856279 213 251 255 281
2 0.853718 113 178 147 205
2 0.852759 411 133 439 159
2 0.848716 411 158 440 183
2 0.848089 282 220 344 251
2 0.846985 219 104 263 132
2 0.839964 124 102 151 127
2 0.835806 151 111 185 142
3 0.833392 93 350 167 386
3 0.831189 397 351 459 385
3 0.821848 167 384 215 404
2 0.814963 147 167 179 198
3 0.811543 168 347 210 373
3 0.804955 208 314 283 349
2 0.803173 74 258 84 276
2 0.801596 145 195 177 226
3 0.800802 344 251 385 282
2 0.799125 383 223 415 257
2 0.796901 410 109 439 133
2 0.795742 279 133 342 162
2 0.795109 109 205 145 232
2 0.793741 378 117 410 145
3 0.79136 94 316 166 352
3 0.778835 105 256 171 290
2 0.775957 382 196 412 227
2 0.746557 282 81 342 109
2 0.743702 458 388 509 423
2 0.736794 58 264 69 281
3 0.732344 287 283 344 314
2 0.731116 55 292 65 310
2 0.729405 56 277 67 295
3 0.72792 347 347 394 386
2 0.720313 211 282 252 314
2 0.708115 381 168 411 200
2 0.702012 341 83 378 110
2 0.696916 379 142 410 170
3 0.695284 167 366 212 385
3 0.673354 50 320 63 336
2 0.672056 73 274 82 290
3 0.66735 47 335 62 352
2 0.662999 143 223 174 257
2 0.662112 84 251 97 268
2 0.6573 416 263 449 293
3 0.652961 215 383 276 405
2 0.646846 61 236 73 257
2 0.644893 74 243 84 263
2 0.635643 60 251 72 270
2 0.635235 67 267 75 286
3 0.628327 169 282 212 313
2 0.608479 12 224 34 244
3 0.608003 46 350 63 367
3 0.59592 170 249 214 282
2 0.578811 108 231 144 257
2 0.577347 72 287 80 304
2 0.567683 219 78 264 105
1 0.565814 644 356 656 366
2 0.564742 41 231 55 250
2 0.563908 81 276 95 291
3 0.549338 59 351 73 368
3 0.546624 102 287 170 319
2 0.535563 82 264 96 279
2 0.534849 85 240 100 256
3 0.509087 210 347 276 380
2 0.500702 73 242 81 263
