2 0.900614 260 281 289 304
2 0.886731 258 239 285 260
2 0.885722 285 242 309 266
2 0.879609 259 259 287 281
2 0.876592 284 224 307 246
2 0.873307 187 274 219 300
2 0.870758 308 248 328 271
2 0.869522 257 220 284 241
2 0.861817 398 309 419 329
2 0.860829 287 262 312 285
2 0.860506 256 202 282 222
2 0.855757 289 283 314 307
2 0.854032 374 290 398 308
2 0.852866 282 206 304 228
2 0.850498 260 303 291 329
2 0.850463 377 308 402 327
2 0.850013 188 252 219 276
2 0.846052 255 185 280 204
2 0.844291 186 298 218 326
2 0.841224 305 229 325 253
2 0.839144 361 239 385 258
2 0.837811 310 267 331 292
2 0.835317 315 309 336 333
2 0.834875 220 214 248 240
3 0.831869 219 276 245 301
2 0.825874 301 197 319 218
2 0.820224 303 212 322 235
2 0.818159 254 156 277 172
2 0.817758 394 291 414 310
2 0.817722 290 306 317 331
2 0.815314 254 170 278 187
2 0.812037 312 288 334 312
2 0.811855 220 234 249 260
2 0.805659 278 174 300 194
2 0.805115 280 190 301 210
2 0.804283 326 256 341 279
2 0.797768 332 295 346 318
2 0.796215 363 256 390 274
2 0.788428 344 239 360 256
2 0.787409 298 181 316 202
2 0.782363 254 141 276 158
2 0.778442 371 273 393 291
2 0.775145 356 308 371 325
2 0.774447 353 289 369 308
2 0.772639 350 272 364 290
2 0.767521 182 188 194 211
2 0.764226 347 255 361 273
2 0.758393 318 204 330 226
2 0.758341 277 160 297 180
2 0.757762 329 276 343 296
2 0.753126 323 238 337 260
2 0.749779 297 168 314 187
2 0.744527 341 269 351 288
2 0.744024 321 221 334 242
2 0.731873 344 286 355 306
2 0.729208 182 205 192 228
2 0.713876 335 315 349 333
2 0.713872 156 152 168 172
2 0.712669 167 153 183 177
2 0.71257 316 189 327 209
3 0.709748 219 255 248 279
2 0.705328 182 173 195 194
2 0.701734 193 192 219 217
2 0.7015 390 274 409 292
2 0.68973 276 146 296 166
2 0.688046 188 132 198 150
2 0.686994 182 223 191 246
2 0.684306 346 305 357 324
2 0.668643 397 248 412 264
2 0.666446 175 261 188 287
2 0.664736 166 167 183 186
2 0.664618 338 252 349 271
2 0.659629 195 175 220 195
2 0.644319 416 313 429 331
2 0.642064 177 243 190 266
2 0.641129 314 177 325 194
2 0.638179 275 133 294 151
3 0.637928 174 283 187 309
2 0.632363 296 153 312 173
2 0.631586 411 295 425 315
2 0.629384 331 219 341 237
2 0.626538 155 166 167 187
2 0.626019 330 204 338 221
2 0.623506 151 268 174 293
2 0.609746 154 250 174 275
2 0.606826 187 145 197 165
2 0.603284 386 258 405 276
2 0.591893 408 279 422 299
2 0.573892 184 159 196 179
2 0.559454 382 327 404 333
2 0.558578 382 243 401 260
2 0.551058 219 301 251 330
2 0.540715 336 237 345 254
2 0.512089 410 254 419 268
2 0.508409 252 127 274 144
2 0.504004 167 143 184 159
