3 0.882402 660 513 773 608
3 0.876449 847 428 985 526
3 0.860317 776 413 847 505
3 0.852692 843 331 1013 443
3 0.850678 775 316 844 420
3 0.848468 842 253 1001 360
3 0.840948 660 414 773 511
3 0.820811 665 313 763 409
3 0.803037 664 609 771 683
3 0.783595 578 514 662 621
3 0.760588 1015 409 1042 493
3 0.749142 445 391 473 480
3 0.746426 1012 369 1041 416
3 0.74636 1040 303 1164 404
3 0.725625 481 350 582 468
3 0.723773 578 618 664 705
3 0.710647 499 441 581 547
3 0.697693 363 412 444 516
3 0.692658 488 710 631 786
3 0.691938 327 448 360 518
3 0.681522 441 469 472 559
3 0.677239 1060 705 1187 784
3 0.675237 861 615 922 698
3 0.670347 1041 372 1166 486
3 0.669028 280 454 325 530
3 0.656255 1046 544 1177 627
3 0.655572 1051 628 1182 701
3 0.654231 324 583 392 644
3 0.633947 580 421 663 529
2 0.610902 1020 491 1044 574
3 0.606836 280 520 323 587
3 0.594568 1043 457 1172 547
3 0.577784 856 520 1012 614
3 0.547851 311 386 331 453
3 0.547624 447 331 480 404
3 0.543336 775 603 854 692
3 0.519264 1051 629 1111 700
2 0.516601 656 703 772 820
2 0.515378 282 394 313 468
3 0.504245 331 392 360 450
