2 0.929998 10 159 70 206
2 0.921737 218 206 270 252
2 0.91926 314 207 366 252
2 0.91871 9 206 70 254
2 0.91755 313 161 365 206
2 0.915866 366 206 432 251
2 0.914399 70 206 144 254
2 0.914103 316 252 367 296
2 0.910822 70 159 144 206
2 0.906015 217 160 270 207
2 0.905555 144 206 217 253
2 0.900663 365 163 431 207
2 0.896816 144 253 218 298
2 0.888694 143 161 217 205
2 0.88831 218 252 270 299
2 0.880126 368 251 432 293
2 0.878205 667 141 736 240
3 0.867841 670 232 741 317
2 0.85756 528 68 562 147
2 0.848048 567 188 592 257
2 0.839343 500 93 529 162
2 0.83773 529 131 565 200
3 0.826233 742 217 831 318
2 0.822464 592 214 623 254
2 0.82224 569 257 595 324
2 0.818904 731 1 824 144
2 0.814592 623 162 669 244
2 0.811257 479 113 501 172
2 0.806522 481 164 504 224
3 0.800012 144 301 224 351
2 0.791086 621 80 665 172
2 0.788427 532 199 567 264
2 0.778529 482 220 505 276
2 0.75661 433 143 455 199
2 0.75361 502 150 531 211
3 0.732534 505 268 570 327
2 0.72423 816 0 897 96
2 0.720544 595 289 626 327
2 0.712642 661 0 728 82
3 0.712056 369 295 431 332
3 0.710241 437 283 459 327
2 0.706069 617 0 662 102
2 0.701432 569 329 597 357
2 0.686255 458 227 484 279
2 0.679653 503 208 532 270
2 0.672613 0 211 10 257
2 0.666073 434 188 455 247
2 0.665459 665 43 734 160
2 0.661822 460 172 482 230
2 0.652953 505 329 570 358
2 0.645597 270 166 313 216
2 0.635291 0 167 10 216
2 0.627802 628 329 673 354
3 0.625221 434 235 456 285
2 0.615744 735 94 826 224
2 0.604039 858 60 900 202
3 0.600541 70 302 143 354
2 0.583557 594 255 625 288
2 0.576603 272 259 315 298
2 0.562432 272 225 314 256
2 0.560831 625 244 670 325
2 0.55001 463 130 480 178
2 0.547686 564 120 589 194
