2 0.885836 179 172 248 216
2 0.878509 121 215 180 261
2 0.877882 121 184 179 231
2 0.857664 178 138 246 186
2 0.856784 119 248 181 296
2 0.842309 250 209 288 258
2 0.821608 179 214 249 248
2 0.82115 295 154 316 195
2 0.811713 253 244 290 291
2 0.810957 247 116 284 169
2 0.804193 248 146 285 197
2 0.7994 347 247 378 294
2 0.790355 123 154 178 200
2 0.776073 297 183 318 237
2 0.774491 345 222 363 255
2 0.768954 179 114 246 180
2 0.766694 318 198 334 237
2 0.765758 283 144 295 177
2 0.746564 4 137 44 195
2 0.736776 344 196 360 230
2 0.725091 284 172 295 200
2 0.720738 180 303 251 348
2 0.716006 359 207 373 240
2 0.709331 361 233 375 264
2 0.707489 249 178 287 228
2 0.696558 180 247 251 281
2 0.628602 180 113 246 161
2 0.626366 316 171 332 207
2 0.623446 332 190 345 221
2 0.596434 350 279 380 324
2 0.566421 332 213 346 243
3 0.565842 253 277 293 322
