2 0.865389 155 333 187 351
2 0.862812 208 336 242 353
2 0.862027 209 318 243 336
2 0.861494 209 281 244 300
2 0.859845 242 338 259 354
2 0.859163 209 299 244 318
2 0.85574 155 297 188 315
3 0.854825 259 408 280 425
2 0.854145 155 315 188 333
2 0.854137 188 298 209 317
2 0.85371 188 335 208 352
3 0.852383 259 390 280 407
2 0.850425 384 322 413 342
3 0.849679 750 140 833 183
2 0.84957 188 280 209 299
3 0.848644 690 272 750 313
2 0.84836 188 317 209 335
2 0.846651 156 278 189 297
3 0.845943 750 183 834 225
3 0.842162 752 96 832 140
3 0.840002 690 314 748 356
2 0.839603 384 302 413 322
2 0.838816 154 351 187 369
3 0.835841 690 187 751 229
2 0.831924 209 260 246 282
3 0.830508 638 189 690 213
3 0.828651 438 402 475 421
3 0.82806 259 426 280 442
2 0.826843 539 200 562 226
2 0.825031 385 342 413 361
3 0.82318 690 229 750 271
3 0.821436 188 388 208 405
3 0.820107 187 424 208 441
2 0.817256 242 319 259 337
2 0.816875 127 277 155 296
2 0.815242 539 225 562 247
3 0.814773 691 146 754 187
2 0.813318 125 314 155 332
3 0.812785 438 383 475 402
2 0.812244 126 296 155 314
1 0.809891 187 498 207 514
3 0.80636 188 406 208 423
3 0.803314 209 371 241 388
1 0.79973 209 498 226 514
3 0.799505 155 387 187 404
3 0.799037 281 408 308 425
3 0.798344 752 225 833 267
3 0.793197 638 63 690 89
3 0.792466 691 102 756 146
2 0.792326 598 304 621 325
3 0.792256 638 148 689 171
3 0.791993 281 426 309 443
3 0.789847 637 106 690 129
2 0.789268 124 350 154 368
3 0.7873 281 444 312 461
3 0.786302 243 442 259 459
3 0.786038 243 389 258 406
3 0.781632 597 365 635 387
2 0.780599 539 247 562 268
1 0.779592 209 515 226 532
3 0.778202 387 381 413 401
2 0.777427 125 332 154 350
3 0.777154 227 478 242 496
3 0.776814 122 385 154 402
3 0.773712 438 422 475 441
3 0.772064 155 405 186 422
1 0.771043 282 535 312 550
3 0.771007 155 423 186 440
3 0.77071 281 462 313 480
3 0.769387 243 407 258 424
2 0.766077 243 301 259 319
2 0.76544 385 262 413 283
3 0.765215 243 461 258 477
3 0.764252 243 425 259 441
3 0.763241 227 460 242 476
2 0.762571 209 354 241 371
1 0.760803 761 354 831 396
2 0.758187 385 362 413 381
2 0.755293 479 279 507 301
3 0.754026 597 388 636 411
2 0.753543 479 300 507 320
1 0.751604 281 499 313 515
3 0.749107 755 267 831 309
3 0.74855 209 389 242 405
3 0.748223 187 442 208 459
1 0.746947 281 517 313 533
1 0.746847 259 516 280 534
3 0.746111 260 461 280 478
2 0.743329 385 283 413 302
3 0.742994 558 392 574 413
3 0.742781 387 401 411 422
2 0.74192 123 368 154 385
2 0.74191 187 353 208 370
3 0.741492 226 442 242 458
3 0.739721 187 478 207 495
2 0.739487 242 355 258 372
2 0.737971 479 259 508 281
2 0.733948 259 356 280 373
3 0.733358 558 414 574 435
3 0.731842 637 231 689 254
3 0.731774 242 373 258 389
3 0.731371 693 357 751 398
3 0.729491 155 441 186 458
2 0.727767 189 259 210 280
3 0.726839 575 369 597 391
1 0.724296 260 479 279 497
1 0.7209 209 534 226 550
3 0.720295 210 406 242 423
3 0.719273 122 403 154 421
2 0.716447 539 268 562 289
3 0.716082 187 371 208 387
1 0.705838 259 535 280 550
2 0.705085 259 338 280 356
3 0.702531 833 138 850 179
2 0.698733 597 324 623 345
2 0.698444 385 241 411 262
1 0.697653 172 498 186 514
3 0.692152 575 390 597 413
2 0.691812 126 256 155 277
3 0.691733 187 533 207 549
2 0.690929 438 342 477 363
1 0.690676 259 499 280 515
3 0.6845 438 442 475 462
1 0.684274 281 480 314 499
3 0.676908 280 389 306 407
3 0.675123 155 369 187 387
3 0.673975 575 348 597 370
3 0.672118 476 441 504 462
2 0.669828 540 330 560 351
3 0.668215 122 422 154 439
3 0.667928 575 434 596 455
1 0.666318 187 516 207 531
3 0.661023 476 421 504 441
3 0.65906 637 314 689 337
3 0.656611 597 345 635 365
3 0.656099 560 328 597 349
3 0.654242 575 413 597 434
2 0.653835 540 289 562 310
3 0.652651 558 371 575 391
2 0.6521 479 238 508 261
2 0.651717 244 283 259 302
2 0.648243 97 350 125 367
3 0.647623 476 381 506 400
3 0.64441 638 170 689 190
2 0.643205 322 323 345 342
3 0.642314 387 423 410 443
2 0.639388 540 310 561 331
3 0.637817 638 128 690 148
3 0.632749 210 424 242 441
3 0.625419 243 479 258 496
3 0.622768 227 498 242 514
2 0.618473 599 216 637 239
2 0.617133 479 320 507 341
3 0.613458 599 237 637 261
3 0.613294 558 436 574 456
2 0.611776 598 191 631 217
3 0.608139 209 442 227 459
3 0.606368 187 460 207 476
2 0.601469 321 342 345 361
3 0.601143 598 259 637 283
2 0.600317 259 321 280 339
2 0.598243 620 303 636 324
3 0.596907 259 374 279 389
3 0.590614 476 401 504 421
3 0.590478 438 363 476 383
3 0.583769 758 310 831 352
3 0.582878 834 181 850 221
2 0.579539 156 257 190 278
3 0.579484 832 94 850 136
3 0.575393 638 273 689 295
3 0.569972 523 395 539 414
1 0.568619 575 499 596 519
2 0.565059 508 294 539 318
2 0.558329 539 351 558 373
1 0.556122 576 478 596 499
3 0.555517 558 349 592 371
2 0.548424 259 302 280 321
2 0.545908 508 234 522 257
3 0.545293 692 62 760 104
3 0.54433 170 533 185 549
2 0.541517 23 525 148 550
3 0.540388 210 460 225 476
2 0.53928 522 251 539 275
1 0.537691 505 503 523 517
1 0.537144 154 533 170 550
3 0.536611 561 306 597 329
3 0.536097 155 459 186 476
1 0.535862 154 497 170 514
3 0.535185 436 303 464 322
3 0.529699 155 478 186 494
3 0.529346 477 362 508 382
2 0.52519 508 272 539 296
3 0.52427 260 443 280 460
2 0.520887 322 303 345 323
2 0.51003 507 255 521 278
2 0.503784 321 361 344 380
3 0.503118 523 376 539 394
