3 0.889896 67 385 145 423
3 0.887718 145 346 168 382
3 0.886431 66 420 143 456
3 0.885827 70 349 145 390
3 0.883986 440 417 458 442
3 0.880796 143 381 167 418
3 0.88029 146 309 169 346
3 0.875487 170 273 215 308
3 0.873304 78 314 147 356
3 0.871092 90 249 149 290
3 0.869689 216 243 276 290
3 0.86863 86 281 148 322
3 0.868098 459 397 485 420
3 0.861095 459 420 486 444
3 0.860961 142 418 165 454
3 0.859271 215 275 276 324
3 0.856687 440 392 458 417
3 0.855707 459 444 487 468
3 0.854176 458 351 485 376
3 0.853145 459 374 485 398
2 0.852875 440 467 459 498
3 0.844211 385 409 419 439
3 0.84297 440 442 459 467
3 0.840301 385 382 419 413
3 0.83838 385 437 419 464
3 0.837069 75 455 142 494
3 0.834358 214 310 275 357
3 0.833409 385 355 418 386
3 0.825114 419 367 437 392
3 0.820877 141 454 163 495
3 0.814623 385 326 417 358
3 0.811762 420 392 437 416
3 0.811493 149 275 170 309
3 0.809621 171 238 216 274
3 0.804766 420 442 436 466
3 0.800012 419 343 437 368
3 0.799064 420 416 436 441
3 0.798957 419 320 436 344
3 0.795027 439 369 458 392
2 0.782981 149 242 170 276
3 0.779409 168 381 273 422
3 0.774625 385 299 417 334
3 0.765498 439 346 458 369
3 0.735786 458 328 484 352
3 0.726364 522 392 537 413
3 0.724148 521 412 537 432
3 0.722002 281 262 309 296
3 0.699253 278 391 310 427
3 0.694084 171 309 214 347
3 0.682887 333 371 375 403
3 0.682838 334 309 375 345
2 0.67967 374 464 385 487
3 0.678638 163 454 272 499
3 0.671759 522 432 538 452
2 0.668044 350 464 375 487
3 0.662452 523 374 537 393
3 0.6493 182 418 271 457
2 0.648519 459 468 474 498
3 0.648336 385 464 420 493
3 0.642743 166 381 193 417
2 0.637374 459 468 482 498
2 0.624384 72 262 90 297
3 0.604332 521 451 540 467
3 0.597976 439 325 458 347
3 0.565459 174 343 274 391
2 0.561611 420 466 439 498
3 0.54302 281 291 309 329
3 0.530594 333 341 375 377
3 0.528544 374 435 384 464
