2 0.882345 497 295 531 325
2 0.881019 531 324 567 353
2 0.879364 299 332 347 358
2 0.878253 299 278 347 305
2 0.877665 497 324 531 352
2 0.875335 498 265 531 295
2 0.87461 299 253 347 279
2 0.861369 347 279 376 306
2 0.859393 531 264 567 294
2 0.85699 530 233 567 264
2 0.856103 299 305 347 332
2 0.855025 531 293 567 324
2 0.85231 464 326 497 353
2 0.846752 464 297 497 326
2 0.845969 253 331 298 357
2 0.844839 133 216 165 252
2 0.844757 299 376 347 401
2 0.844133 133 248 166 286
2 0.834129 133 281 166 317
2 0.831693 254 303 299 331
2 0.831284 347 253 376 279
2 0.830513 100 361 133 379
2 0.830399 348 333 375 358
2 0.829125 56 312 80 342
2 0.827211 465 268 497 297
2 0.826861 348 306 376 333
2 0.826125 166 328 196 361
2 0.825839 101 341 133 361
2 0.822385 56 342 80 362
2 0.81602 133 343 165 363
2 0.815135 375 244 438 279
2 0.81226 100 244 134 280
2 0.811342 133 314 165 344
2 0.811031 167 297 195 329
2 0.808555 375 278 438 305
2 0.807164 299 358 347 377
2 0.807088 299 197 347 226
2 0.806961 254 276 299 304
2 0.804774 100 179 135 218
2 0.804627 464 238 498 269
2 0.803158 390 305 438 331
2 0.799576 55 362 80 381
3 0.797549 464 453 499 478
2 0.793486 165 223 193 261
2 0.787456 79 362 101 379
2 0.785907 196 297 255 329
3 0.783397 300 479 348 506
2 0.782849 348 376 375 401
3 0.778746 463 408 499 451
2 0.778581 133 186 166 225
2 0.778336 133 362 165 379
2 0.775565 438 330 465 357
2 0.772921 197 325 254 359
2 0.772034 166 252 193 299
3 0.77183 467 510 499 538
2 0.768227 391 332 438 359
2 0.766546 56 280 80 312
2 0.765758 213 239 255 274
3 0.760908 205 477 270 506
2 0.760699 79 341 101 362
2 0.754422 348 359 375 377
3 0.752421 467 538 499 568
2 0.747307 166 361 196 381
3 0.736384 463 369 498 400
2 0.726884 498 235 531 267
2 0.725894 164 203 194 230
2 0.722202 211 268 254 300
3 0.720696 497 571 566 611
3 0.717561 301 506 346 533
2 0.716705 192 231 213 267
2 0.712017 438 295 464 328
2 0.708829 193 207 212 236
2 0.705924 101 311 134 341
2 0.704586 99 213 134 248
2 0.703641 299 226 348 253
2 0.695847 100 141 135 189
2 0.694352 56 220 80 249
3 0.690197 568 297 593 326
2 0.690191 438 274 465 321
2 0.689834 56 248 79 281
3 0.689777 530 455 569 482
3 0.684765 269 477 301 505
3 0.684295 498 369 533 390
3 0.682902 271 506 301 533
3 0.678433 532 352 566 369
2 0.659951 80 311 101 340
2 0.657589 254 357 298 376
2 0.655509 256 250 299 277
2 0.649425 567 233 597 264
3 0.642023 465 481 500 509
2 0.640532 39 219 57 257
3 0.633909 498 378 532 407
3 0.631994 499 454 530 480
3 0.630718 529 541 567 571
2 0.630191 101 278 134 311
3 0.627294 499 512 566 540
2 0.624761 56 198 80 223
3 0.622789 499 387 532 407
2 0.618548 437 242 465 276
2 0.617256 39 249 55 286
2 0.615372 192 265 212 298
3 0.613 532 370 567 388
2 0.60515 212 182 256 218
2 0.589572 79 278 100 308
3 0.588893 442 454 464 476
2 0.582644 194 179 213 212
3 0.567952 532 388 568 408
3 0.562048 50 454 101 477
3 0.554858 498 353 532 369
3 0.552011 51 513 95 544
3 0.548665 568 485 598 512
3 0.545821 568 326 593 355
1 0.53786 301 533 342 558
2 0.533703 464 353 497 370
2 0.527049 79 212 100 245
3 0.526373 442 430 463 452
2 0.526237 196 361 254 400
3 0.515274 529 513 566 541
3 0.511375 371 794 461 849
3 0.508787 529 483 567 512
3 0.508359 499 541 528 571
3 0.508052 0 348 54 385
