3 0.849622 2943 902 3124 1178
3 0.847728 2955 1131 3135 1380
3 0.841364 2422 885 2740 1265
3 0.840866 1411 551 2037 1118
3 0.838832 2971 1376 3146 1604
3 0.834853 2856 1096 2961 1356
3 0.826511 2411 576 2725 1002
3 0.817356 2839 832 2948 1112
3 0.810534 1382 1453 2042 1679
3 0.809494 3202 1234 3332 1431
3 0.808366 2724 742 2845 1029
3 0.808316 2934 664 3107 978
3 0.80307 1361 28 2024 759
3 0.79985 2924 464 3094 768
3 0.79543 2736 995 2862 1280
3 0.794035 3188 1054 3316 1260
3 0.789646 2870 1358 2981 1599
3 0.788761 2829 601 2934 873
3 0.785413 1428 0 2029 389
3 0.78459 3212 1427 3342 1613
3 0.783271 2433 1186 2786 1516
3 0.780329 3308 1112 3414 1283
3 0.774565 2821 394 2920 641
3 0.774348 3294 940 3406 1130
3 0.774061 2043 1285 2401 1667
3 0.767633 3321 1275 3423 1434
3 0.756939 2028 562 2350 953
3 0.751803 3175 873 3297 1077
3 0.749398 2042 950 2371 1295
3 0.744534 1396 1015 2047 1476
3 0.714759 2442 1510 2815 1662
3 0.695299 3286 774 3388 970
3 0.690521 2747 1267 2875 1521
3 0.685248 2386 289 2711 736
3 0.665088 116 86 1383 957
1 0.645748 3620 1402 3694 1469
3 0.597674 3493 1044 3595 1197
3 0.583178 3523 1348 3611 1432
1 0.578755 3635 1530 3715 1611
1 0.559288 3629 1465 3705 1533
3 0.543627 3335 1437 3438 1601
3 0.511055 3171 717 3287 908
