3 0.844139 301 367 319 383
2 0.816549 209 224 225 239
3 0.81589 301 384 319 400
1 0.814162 302 237 323 253
3 0.810773 301 351 319 367
1 0.801258 301 253 323 269
1 0.800408 302 220 323 236
2 0.797038 191 226 209 239
1 0.790613 323 270 343 286
1 0.789011 351 287 371 303
1 0.788985 324 145 344 162
2 0.785663 177 226 191 239
2 0.778717 209 209 225 224
3 0.778647 301 401 319 416
1 0.773239 344 142 360 159
1 0.771231 323 287 344 303
1 0.759453 301 269 323 285
1 0.757483 351 270 371 286
1 0.751219 350 252 371 268
1 0.741294 323 304 346 320
3 0.729195 302 417 319 433
2 0.723792 192 211 209 225
1 0.722012 302 204 323 220
2 0.718147 177 212 191 226
3 0.711444 301 336 320 350
1 0.710547 323 253 343 269
1 0.706465 344 126 360 143
3 0.693164 397 419 415 436
2 0.691064 192 196 209 211
3 0.6878 208 267 223 281
2 0.679734 191 240 208 253
3 0.67734 350 322 370 339
3 0.675776 351 340 370 356
3 0.67343 398 402 415 419
2 0.663049 209 239 224 253
2 0.657648 177 240 191 253
1 0.652508 344 158 360 173
1 0.647103 344 185 356 201
3 0.645224 398 386 414 402
3 0.641199 324 406 350 422
3 0.640473 415 394 427 410
3 0.638171 206 297 222 311
2 0.636977 323 202 343 219
3 0.635751 323 338 349 355
3 0.632731 398 352 412 367
1 0.623273 343 235 351 252
3 0.616052 399 368 413 385
3 0.610771 351 428 368 444
3 0.605819 398 318 413 333
3 0.602371 416 410 427 426
3 0.602062 398 301 414 317
3 0.600783 351 410 369 428
3 0.599731 529 358 547 371
3 0.59644 302 433 319 449
3 0.588486 230 311 242 326
3 0.583027 530 333 547 344
3 0.582821 352 376 371 393
3 0.578171 324 389 345 406
1 0.575868 324 131 344 148
1 0.573351 323 185 343 203
3 0.573209 352 393 370 410
3 0.5732 207 281 223 296
3 0.570037 529 345 549 357
3 0.567629 229 297 243 311
3 0.562725 228 282 243 296
1 0.556309 351 234 371 250
1 0.546542 343 200 354 218
1 0.546267 343 252 351 269
1 0.546127 324 160 344 177
1 0.540975 323 236 343 252
3 0.534261 302 319 321 334
3 0.532278 529 372 546 385
3 0.530576 350 304 370 321
3 0.529067 500 286 511 296
3 0.518715 190 267 206 280
2 0.517428 323 219 344 236
3 0.515921 228 341 242 356
1 0.515362 344 173 358 185
1 0.515185 301 303 322 318
1 0.515083 350 305 371 322
1 0.514969 343 217 352 235
3 0.510489 324 406 342 421
3 0.508746 486 285 498 296
3 0.508728 351 358 370 375
3 0.508173 324 388 339 405
3 0.507699 529 386 547 398
3 0.501737 205 326 222 340
3 0.501105 205 312 222 326
