3 0.861562 251 312 342 369
2 0.859944 111 231 138 266
2 0.858593 219 176 258 224
2 0.854428 218 209 257 255
3 0.852876 39 393 89 431
3 0.842456 178 225 217 270
2 0.835253 87 391 116 428
2 0.834166 116 205 140 237
2 0.832476 338 259 385 323
3 0.831387 251 262 338 326
2 0.831073 214 244 256 297
2 0.830877 107 260 133 296
3 0.827219 191 75 223 109
3 0.824347 151 237 178 278
2 0.823186 208 375 251 401
3 0.818444 188 131 222 166
2 0.816853 211 287 253 335
2 0.815617 343 313 389 377
2 0.814535 135 221 156 258
2 0.813414 103 291 130 326
3 0.803313 45 360 93 396
3 0.801851 182 162 219 200
2 0.801107 119 176 143 210
3 0.799151 64 269 107 306
3 0.798263 168 338 208 378
2 0.795968 122 152 148 186
3 0.792845 135 383 163 423
3 0.790282 32 432 86 470
3 0.790166 387 327 417 386
3 0.787348 385 282 413 338
3 0.78708 32 265 58 297
3 0.786873 179 189 219 235
3 0.78545 25 293 54 326
3 0.779661 190 103 224 139
3 0.777467 1 402 33 434
3 0.776209 164 378 207 405
3 0.773851 93 358 120 392
3 0.773577 384 246 407 293
3 0.772167 74 214 116 253
3 0.767215 69 238 111 279
3 0.765287 259 156 301 202
3 0.764851 251 363 346 399
3 0.759427 147 271 176 310
2 0.753692 114 387 138 427
2 0.749565 401 194 417 223
2 0.743069 75 166 88 194
2 0.740225 122 315 144 355
2 0.728804 127 283 149 321
3 0.728123 175 261 214 303
3 0.725309 375 104 394 147
2 0.72512 222 110 260 160
2 0.723998 398 163 413 199
2 0.72339 131 254 152 288
2 0.716419 140 193 159 228
1 0.716305 0 433 28 468
3 0.708794 138 342 168 383
3 0.704817 8 371 38 403
2 0.700422 336 136 381 195
2 0.699745 142 168 158 202
2 0.695501 382 204 403 253
2 0.695222 329 3 352 44
2 0.691515 393 94 408 127
2 0.661386 224 80 262 127
2 0.655094 84 429 105 464
3 0.649732 37 243 61 269
2 0.64867 98 322 126 360
3 0.637703 42 222 63 248
2 0.63523 222 51 263 101
2 0.634033 117 351 140 391
2 0.619881 222 142 259 185
2 0.603701 264 56 304 100
2 0.603461 208 329 251 378
2 0.594588 301 149 336 190
2 0.593942 68 188 84 218
3 0.588045 61 298 103 330
2 0.583965 337 63 374 126
2 0.58381 394 119 410 148
3 0.573526 142 306 171 347
2 0.572048 377 136 398 181
2 0.567435 395 139 411 170
2 0.547648 184 75 192 98
2 0.547214 125 131 149 161
3 0.510901 381 170 400 212
2 0.501815 378 76 394 117
