2 0.894943 1116 515 1204 564
2 0.890459 1206 454 1295 515
2 0.889532 1115 564 1204 611
3 0.88786 1208 753 1304 802
2 0.88563 1115 610 1205 657
3 0.883096 1208 802 1305 849
3 0.882507 1115 753 1204 800
3 0.881225 1207 849 1305 897
3 0.88071 1115 705 1204 751
3 0.880619 1208 707 1305 754
3 0.878656 1115 658 1204 704
3 0.87784 784 700 876 748
2 0.87653 1206 566 1300 612
3 0.87648 1207 659 1303 706
3 0.874897 784 653 877 700
2 0.874136 1207 613 1302 658
3 0.874071 1114 801 1204 848
2 0.871637 1206 518 1298 564
3 0.865837 1066 751 1111 799
3 0.864985 1065 800 1111 848
3 0.864443 876 606 926 654
3 0.862308 1207 896 1304 945
3 0.859098 1064 848 1111 895
3 0.859094 1114 849 1204 896
3 0.858774 784 605 877 653
2 0.856874 1116 451 1203 513
3 0.856348 876 559 925 606
3 0.856278 972 607 1018 655
3 0.854738 925 607 972 654
3 0.854361 1019 751 1064 799
3 0.853402 1066 704 1112 751
3 0.851814 730 700 784 748
3 0.851534 784 845 873 893
3 0.851177 877 654 926 701
3 0.851008 1067 657 1112 704
3 0.850991 784 892 872 940
3 0.850393 876 702 926 750
3 0.849014 925 559 972 606
3 0.848224 784 748 875 796
3 0.847859 1018 800 1064 847
3 0.847033 1018 848 1063 895
3 0.846955 1019 608 1066 656
3 0.846326 784 797 874 845
3 0.843325 971 799 1017 847
3 0.842119 877 509 925 559
3 0.841927 634 866 699 912
3 0.841018 1067 609 1113 656
3 0.838706 972 560 1018 608
3 0.838255 875 749 925 797
3 0.838246 971 751 1018 799
3 0.837226 873 892 925 941
3 0.837098 1063 895 1111 942
3 0.835641 925 510 973 560
3 0.832941 1019 656 1065 703
3 0.832725 730 748 784 797
3 0.83253 874 797 925 846
3 0.831121 730 652 784 699
3 0.828843 731 604 784 651
3 0.828731 925 655 971 702
3 0.827447 971 847 1017 895
3 0.825047 925 799 971 847
3 0.824689 873 845 925 893
3 0.823342 1114 896 1204 943
3 0.822476 784 558 876 605
3 0.820839 925 750 970 799
3 0.820242 1019 703 1065 751
3 0.819658 877 444 925 507
3 0.819305 634 822 704 868
3 0.81565 926 702 971 751
3 0.81535 728 797 784 845
3 0.812865 973 511 1018 560
3 0.811535 972 655 1018 703
3 0.810849 971 703 1018 751
3 0.810661 1206 943 1301 993
3 0.809583 1063 941 1112 988
3 0.80747 637 910 697 952
3 0.803702 925 446 972 508
3 0.802858 635 778 706 823
3 0.80209 1019 513 1067 561
3 0.80069 1018 894 1062 939
3 0.793238 924 846 971 894
3 0.790672 728 845 784 895
3 0.789405 1067 562 1113 609
3 0.78536 634 734 702 778
3 0.783172 1067 513 1114 562
3 0.782217 785 508 878 558
3 0.778097 731 557 783 604
3 0.777171 784 940 871 974
3 0.766468 728 893 784 940
3 0.760763 1019 561 1066 609
3 0.758104 1019 449 1067 511
3 0.753874 1114 943 1204 991
3 0.749571 638 689 699 734
3 0.747178 1067 450 1115 512
3 0.741553 1307 915 1344 962
2 0.738304 648 494 700 550
3 0.722913 925 894 971 941
3 0.711506 695 864 729 911
3 0.693996 1307 561 1343 608
3 0.693733 695 907 730 949
3 0.684036 1308 608 1344 653
2 0.682717 1344 560 1382 609
3 0.682594 730 939 783 976
3 0.681565 972 894 1017 939
3 0.673288 1308 653 1344 698
3 0.668636 786 444 877 507
3 0.666872 1310 872 1344 917
3 0.642881 1310 829 1344 874
2 0.640922 731 445 783 507
3 0.636579 973 447 1018 509
3 0.571502 1310 785 1344 830
3 0.560637 650 552 699 597
3 0.560545 1307 500 1342 559
3 0.547381 872 942 926 970
3 0.536586 699 819 726 866
2 0.528573 785 445 877 507
3 0.519644 646 642 698 689
3 0.50588 1346 653 1378 697
