2 0.894347 381 639 523 753
2 0.888017 877 734 964 839
2 0.886192 878 546 963 653
2 0.883627 384 737 521 840
2 0.876106 879 640 964 749
2 0.872485 963 752 1043 842
2 0.856717 523 612 667 733
2 0.850829 731 525 878 634
2 0.845479 731 717 881 835
2 0.838525 523 711 670 839
2 0.837026 964 659 1043 763
2 0.829748 1362 750 1486 841
2 0.81974 382 543 531 662
2 0.818431 730 620 880 733
2 0.802369 672 515 727 620
2 0.793183 1089 696 1136 792
2 0.778446 1089 785 1136 842
2 0.778182 1238 520 1345 664
2 0.770671 963 569 1043 669
2 0.719793 1044 678 1091 777
3 0.713736 1159 395 1225 451
2 0.709436 1044 771 1090 841
2 0.70286 669 611 730 718
3 0.667078 1159 448 1225 504
2 0.666026 1137 715 1180 799
2 0.645814 1137 797 1180 841
2 0.603237 1180 727 1298 812
3 0.562564 1159 504 1224 558
2 0.544313 1181 805 1298 842
3 0.544229 1162 337 1224 397
2 0.53696 670 713 731 826
