2 0.913737 589 554 724 640
2 0.910805 727 645 880 732
2 0.909372 588 640 727 726
2 0.903396 724 564 873 648
2 0.898164 515 626 589 723
2 0.891788 395 531 521 625
2 0.886497 515 723 588 797
2 0.88636 592 470 724 559
2 0.875531 518 533 591 633
2 0.862212 391 625 516 720
2 0.860706 724 484 869 571
2 0.853607 387 720 516 799
2 0.853083 399 446 523 532
2 0.848559 796 303 862 346
2 0.84491 588 728 726 797
2 0.815289 862 258 920 300
2 0.815279 795 270 862 315
3 0.812448 799 368 861 414
2 0.809286 732 252 795 300
3 0.808418 798 337 862 379
3 0.795273 730 380 800 426
3 0.792133 864 356 915 399
2 0.788705 575 274 604 303
2 0.785143 520 447 593 542
2 0.781189 860 223 920 266
3 0.779356 863 320 919 364
2 0.778518 604 274 620 304
2 0.777321 794 237 861 283
2 0.771539 575 244 605 274
2 0.77037 734 287 796 332
3 0.758914 674 364 731 404
3 0.756408 866 393 915 434
2 0.756311 604 302 620 334
3 0.753736 733 350 796 391
3 0.751967 872 502 924 541
3 0.742304 798 403 864 446
2 0.739481 604 243 619 275
3 0.733669 874 541 924 576
2 0.723513 791 171 836 221
3 0.721491 870 466 925 500
2 0.714122 731 220 794 269
2 0.708154 574 302 604 333
2 0.707486 733 319 795 360
3 0.698377 868 429 923 469
3 0.694247 876 577 923 615
2 0.691818 858 186 918 235
2 0.688218 467 275 513 309
2 0.686085 512 265 538 300
3 0.66744 876 616 924 653
2 0.667364 674 238 731 285
2 0.666507 462 411 510 442
2 0.663354 603 361 620 391
2 0.653137 794 203 856 250
2 0.640963 573 329 604 361
2 0.640935 573 361 604 392
2 0.639819 857 158 917 203
2 0.637197 603 331 619 362
2 0.636217 674 272 732 316
3 0.628614 674 398 729 435
2 0.627944 511 292 537 327
3 0.58702 1005 626 1051 655
2 0.583087 619 252 674 300
2 0.579971 793 205 839 251
2 0.569749 674 333 732 366
3 0.569182 801 437 865 483
2 0.564645 619 285 674 329
2 0.562003 730 186 792 239
2 0.541696 603 390 619 421
2 0.529296 509 404 535 442
3 0.51584 863 291 920 329
