3 0.896961 480 233 542 256
3 0.884892 477 113 540 133
3 0.877229 476 93 539 113
3 0.876669 477 133 540 153
3 0.8717 476 74 539 93
3 0.869773 477 153 540 174
3 0.865646 480 213 541 235
3 0.865362 479 173 540 194
3 0.864991 277 91 343 112
3 0.863002 480 193 540 214
3 0.853621 546 340 570 363
3 0.850943 483 296 545 317
3 0.850184 245 411 269 434
3 0.846546 456 298 483 320
2 0.841348 546 300 568 322
3 0.83857 456 257 481 279
3 0.837364 547 362 572 384
3 0.834416 548 406 572 428
3 0.828948 377 53 408 71
3 0.827741 278 71 343 91
3 0.825457 244 434 269 458
3 0.824644 279 32 342 52
3 0.822891 482 382 520 405
3 0.822477 254 236 275 259
3 0.820771 276 111 344 132
3 0.820606 246 388 270 411
3 0.820339 456 237 480 258
3 0.817077 456 215 479 238
3 0.816721 519 382 548 404
3 0.814832 548 452 573 475
2 0.813372 541 196 559 219
2 0.813089 543 237 564 261
3 0.812551 481 255 543 276
1 0.812352 303 341 360 363
3 0.811417 142 275 160 297
3 0.807803 548 428 572 452
3 0.803563 569 305 598 328
3 0.803273 278 52 342 72
3 0.802131 276 132 347 152
1 0.801604 271 340 303 363
3 0.797486 131 432 149 454
2 0.795567 544 258 565 281
3 0.794176 247 366 270 389
3 0.793373 226 242 249 265
3 0.791165 92 263 106 281
3 0.789071 456 384 483 407
3 0.788787 227 222 249 245
3 0.78814 362 284 409 305
3 0.787724 570 325 598 348
3 0.786298 225 262 248 286
1 0.783799 456 362 482 385
1 0.782414 0 348 17 361
3 0.781593 378 72 408 91
1 0.781478 2 271 25 285
3 0.78042 172 286 188 308
3 0.780253 173 267 190 289
3 0.780198 191 220 215 242
3 0.779887 253 257 274 280
1 0.779865 0 374 14 387
2 0.779783 541 100 554 123
3 0.779774 571 346 599 368
1 0.778664 483 276 544 296
3 0.778009 456 195 479 218
3 0.776955 132 412 151 434
3 0.776502 363 263 409 284
3 0.774794 228 202 250 225
2 0.772971 541 176 558 198
1 0.772769 1 296 23 310
2 0.770791 618 233 629 254
3 0.769291 407 243 455 264
1 0.768998 456 340 483 362
3 0.767914 363 243 408 264
3 0.767102 136 372 155 394
3 0.767032 251 321 272 344
3 0.765943 366 304 409 325
3 0.764724 255 215 277 239
3 0.76414 275 152 361 175
3 0.763659 455 175 479 198
1 0.762914 220 391 246 414
3 0.762155 143 257 162 278
3 0.76211 567 283 596 310
3 0.760285 141 295 159 316
3 0.759386 302 385 358 408
1 0.758506 181 383 205 406
3 0.75833 252 279 274 301
3 0.75739 229 182 250 206
3 0.756375 176 229 191 249
3 0.756371 134 392 153 414
1 0.756201 0 361 15 375
3 0.756075 225 283 249 307
2 0.756026 541 137 556 159
3 0.753109 187 281 213 304
3 0.752692 229 161 252 186
3 0.751154 224 304 248 327
3 0.749529 378 90 408 110
1 0.749173 1 284 24 298
3 0.748864 175 250 190 269
1 0.747558 373 347 407 368
3 0.747006 409 303 455 325
3 0.746868 139 333 157 354
3 0.746089 408 222 455 244
3 0.744884 549 476 573 492
3 0.744738 565 223 593 251
3 0.744722 186 300 209 324
3 0.744702 251 300 273 322
3 0.743977 140 314 158 335
2 0.741684 607 283 626 307
3 0.739915 408 263 455 284
1 0.739385 0 310 21 323
3 0.738259 242 459 267 480
3 0.738077 565 204 593 228
1 0.736917 0 335 18 348
1 0.736575 5 245 26 260
3 0.735727 184 320 207 345
3 0.73503 364 223 409 245
3 0.734947 171 306 187 328
3 0.734872 249 344 271 367
1 0.734143 481 359 519 382
3 0.732693 169 325 185 348
3 0.729169 104 277 114 295
2 0.729001 541 118 555 141
3 0.728729 229 140 252 165
1 0.724373 302 363 360 385
1 0.72311 483 317 545 339
3 0.722923 149 221 164 241
3 0.720399 548 384 572 406
3 0.717837 255 194 277 218
2 0.715344 542 216 561 239
3 0.713789 191 201 216 226
3 0.713259 137 353 156 374
3 0.71214 147 239 163 260
3 0.709741 189 262 213 284
1 0.709677 4 259 26 272
1 0.709068 272 319 303 341
2 0.707484 545 279 566 302
3 0.705127 150 202 165 222
1 0.703662 179 404 204 427
2 0.699263 617 216 628 235
1 0.698737 482 339 546 360
3 0.698472 376 109 409 128
3 0.697482 572 367 600 389
1 0.696016 267 458 295 479
3 0.693003 458 407 485 429
2 0.692085 602 174 616 199
3 0.691717 631 421 643 441
1 0.691219 283 319 360 341
1 0.690529 373 368 407 389
1 0.690253 16 350 36 364
3 0.686226 277 172 361 195
3 0.685729 333 408 359 431
1 0.685625 15 364 35 377
1 0.684827 220 414 244 437
3 0.683024 273 275 335 298
3 0.681761 130 452 148 473
3 0.68002 518 427 549 451
3 0.67906 573 387 602 411
3 0.678711 190 239 214 262
3 0.676666 343 57 361 77
1 0.676622 0 322 19 336
1 0.675936 24 276 41 289
3 0.672701 93 245 108 265
3 0.672619 95 385 106 405
3 0.670774 149 430 164 452
2 0.670368 554 103 563 127
3 0.66649 281 297 360 320
3 0.666473 303 363 359 386
2 0.666291 553 85 563 108
3 0.664738 565 184 592 209
3 0.664332 100 330 111 349
3 0.662608 216 188 229 213
3 0.661892 455 153 478 177
1 0.661661 14 377 34 390
2 0.66037 616 182 625 200
3 0.658893 215 209 228 232
3 0.654946 148 451 163 471
3 0.654704 343 75 361 97
2 0.654556 619 251 631 273
2 0.651873 256 135 276 157
1 0.651082 518 359 547 382
1 0.649824 86 351 99 371
1 0.649553 576 433 606 456
2 0.648396 615 163 625 184
2 0.647981 562 89 577 114
3 0.647252 184 318 211 342
3 0.644668 277 233 361 256
3 0.643513 519 404 548 427
1 0.64046 222 369 245 392
3 0.638968 406 457 439 479
3 0.637877 99 348 109 368
1 0.637785 408 368 440 388
3 0.634941 96 211 109 230
3 0.634561 273 275 360 299
2 0.634455 564 125 579 153
3 0.634123 275 254 344 277
3 0.628908 518 452 549 475
3 0.62828 97 367 107 386
3 0.627992 277 212 361 237
3 0.627778 213 268 225 293
1 0.626265 456 319 484 341
3 0.624968 375 457 409 480
2 0.623733 256 116 276 137
3 0.623122 157 329 171 351
3 0.622788 266 482 294 492
3 0.621577 321 409 358 432
1 0.621269 0 387 13 401
2 0.621048 563 107 577 132
3 0.619752 162 428 180 451
2 0.619337 604 227 618 249
3 0.619292 303 297 360 319
1 0.616761 456 277 482 300
1 0.616703 17 338 36 351
3 0.611156 375 127 409 147
1 0.610011 23 289 41 302
3 0.609904 188 183 216 209
3 0.607303 218 148 230 174
3 0.606687 90 443 100 462
3 0.605693 154 367 182 389
3 0.60541 218 170 229 194
3 0.604616 102 312 112 331
2 0.603728 606 264 621 288
3 0.602835 214 249 226 271
1 0.602787 182 363 206 386
3 0.602524 596 297 609 321
3 0.600262 343 94 361 117
1 0.600232 85 369 97 389
3 0.600195 484 405 519 428
3 0.595119 632 441 643 459
2 0.594523 602 193 616 217
3 0.59154 567 266 594 292
3 0.591471 94 228 108 247
2 0.591313 231 120 252 147
3 0.580754 595 278 608 300
2 0.58012 601 158 615 181
3 0.577507 275 192 361 215
3 0.576499 566 245 593 274
2 0.571028 616 199 626 216
1 0.570516 219 437 242 460
1 0.570253 735 435 747 443
3 0.569552 91 423 102 444
3 0.56922 89 280 105 299
1 0.569106 21 313 40 327
3 0.567644 106 259 116 278
3 0.565949 332 432 358 455
3 0.564813 406 432 439 456
3 0.56324 407 389 441 411
1 0.563055 574 409 603 433
3 0.559856 483 452 520 475
3 0.557654 160 347 184 370
3 0.556001 595 260 606 282
3 0.55577 407 411 440 432
3 0.555205 517 475 549 492
1 0.549593 268 432 298 456
3 0.549342 546 321 569 342
3 0.548276 304 319 359 341
3 0.546966 409 283 456 305
2 0.546418 577 115 589 143
3 0.545821 594 239 605 264
1 0.542458 23 301 40 314
3 0.541538 162 450 179 470
3 0.539996 176 208 192 234
1 0.539975 295 457 332 479
3 0.537695 256 174 277 197
1 0.536066 408 347 441 368
3 0.534035 577 455 608 478
2 0.53015 577 96 589 126
2 0.529226 611 139 624 167
3 0.528977 161 270 174 292
1 0.527791 736 443 748 452
1 0.527206 408 346 455 368
3 0.526523 577 477 608 492
1 0.523549 299 408 332 431
1 0.523542 89 298 104 319
2 0.523075 609 303 633 328
2 0.522824 605 245 619 270
1 0.519813 270 362 302 385
3 0.519134 161 408 181 430
1 0.518835 269 408 300 431
3 0.516366 273 297 303 319
1 0.511787 0 401 11 416
3 0.507147 564 145 579 171
1 0.506825 676 384 687 391
3 0.504549 609 302 633 326
3 0.503273 331 457 365 480
