2 0.893827 421 105 518 156
3 0.88661 112 233 166 266
2 0.884985 223 114 279 159
2 0.877188 224 84 278 130
2 0.876948 125 146 173 180
2 0.876471 175 131 223 168
3 0.875636 431 148 531 195
2 0.864144 337 86 418 132
3 0.864096 116 204 169 236
2 0.861657 177 105 225 141
3 0.850647 120 174 171 206
2 0.849075 129 121 174 154
2 0.836492 87 107 134 138
2 0.834305 381 158 432 203
2 0.833569 132 100 175 129
3 0.827884 345 161 381 205
3 0.823243 108 266 135 298
3 0.822988 173 160 221 197
3 0.822699 220 148 279 189
3 0.818134 353 293 391 333
3 0.817905 281 159 302 180
3 0.815988 435 191 533 241
3 0.812923 281 195 302 216
3 0.811627 304 255 351 291
3 0.805034 108 298 133 329
2 0.798118 416 52 507 117
3 0.792465 282 180 302 196
3 0.778902 280 145 302 162
1 0.77593 182 226 216 260
3 0.769251 301 296 352 337
3 0.756794 133 266 163 298
1 0.754516 347 206 388 247
3 0.753277 438 237 533 289
3 0.751749 282 232 303 254
3 0.747441 276 301 301 336
1 0.742468 352 248 391 292
3 0.736297 279 113 301 144
3 0.733669 251 297 276 326
3 0.725402 79 182 122 212
3 0.722882 302 138 339 178
1 0.72222 216 221 250 258
3 0.717896 282 216 303 234
3 0.714354 173 192 217 228
3 0.714248 133 298 160 329
2 0.709559 92 84 137 117
3 0.700058 304 213 346 255
3 0.698077 281 270 304 291
3 0.697696 162 299 183 325
3 0.678901 282 256 304 273
3 0.655505 181 261 215 293
3 0.654675 303 175 342 214
2 0.637327 67 101 84 124
3 0.62651 218 183 279 220
3 0.621564 390 200 437 243
3 0.585435 281 180 302 216
2 0.581087 83 131 131 163
3 0.568229 215 258 250 294
3 0.56794 71 211 88 239
3 0.565701 393 244 444 290
3 0.553721 216 186 252 223
3 0.544641 319 137 340 178
3 0.523925 62 142 86 169
