2 0.89767 47 593 141 638
2 0.892998 55 547 146 592
2 0.88852 38 639 136 702
2 0.887139 136 592 231 638
2 0.874958 236 542 325 590
2 0.868997 244 457 334 499
2 0.866701 142 544 235 591
2 0.866457 66 502 156 546
2 0.865458 242 499 331 542
3 0.841296 664 477 728 534
2 0.794709 74 461 161 503
2 0.789913 566 443 663 494
2 0.77135 126 638 221 711
2 0.765647 475 501 564 562
2 0.748703 727 448 832 525
3 0.692564 662 529 735 625
2 0.690912 2 638 47 702
2 0.690763 209 133 278 164
2 0.688977 480 459 566 508
3 0.654624 665 439 724 479
2 0.652379 332 463 423 502
3 0.64623 37 399 67 439
3 0.629043 333 461 424 502
2 0.611545 712 256 809 317
2 0.609622 949 415 1023 488
2 0.601318 151 502 241 544
2 0.597352 159 459 243 501
3 0.574814 45 361 74 401
3 0.571724 330 502 422 543
3 0.571141 32 436 59 477
3 0.544039 652 284 711 332
2 0.542734 330 502 422 543
