3 0.902388 261 498 315 530
3 0.892942 205 464 260 494
3 0.89092 204 559 260 589
3 0.889053 204 494 261 526
2 0.887656 206 403 260 434
3 0.886593 204 527 261 558
3 0.886334 261 530 315 561
3 0.886029 261 593 316 623
3 0.885495 262 440 315 468
3 0.881642 261 562 316 592
3 0.877814 175 462 203 491
2 0.876539 262 408 314 439
3 0.874516 205 434 260 463
3 0.874508 176 432 204 460
3 0.873842 203 591 260 621
3 0.873418 261 468 315 498
3 0.872877 146 274 176 305
3 0.872023 145 432 175 460
3 0.870976 177 401 204 430
3 0.86992 144 493 175 524
3 0.869662 176 493 203 524
3 0.868335 146 369 175 400
3 0.866947 144 462 175 492
3 0.865462 146 401 175 430
3 0.86491 177 369 204 399
3 0.86463 146 338 176 368
3 0.864247 146 306 176 336
3 0.863445 146 242 176 273
3 0.861436 176 558 202 587
3 0.860733 315 471 336 501
3 0.853947 177 338 205 367
3 0.852853 176 526 202 555
3 0.851263 177 306 204 336
3 0.849969 315 414 335 444
3 0.84973 178 275 204 305
3 0.848706 178 243 204 274
3 0.848267 315 502 335 532
3 0.845469 315 293 335 323
3 0.84474 315 533 336 563
2 0.844206 206 307 261 341
3 0.843914 315 262 335 293
2 0.840885 261 252 315 286
2 0.840521 206 370 261 403
3 0.839594 315 564 335 594
3 0.838049 176 589 202 620
2 0.837572 207 246 261 279
3 0.837357 315 444 335 471
3 0.835899 126 557 175 588
3 0.835747 315 323 335 355
3 0.835239 315 384 335 414
3 0.83306 315 354 335 385
3 0.80743 316 595 335 623
3 0.806906 102 468 123 498
3 0.801829 123 495 144 525
3 0.793511 123 464 144 494
2 0.790894 206 276 261 310
2 0.786547 206 339 261 371
3 0.784627 58 540 97 567
3 0.77924 65 394 96 419
3 0.777604 59 508 97 538
3 0.774811 99 562 124 593
3 0.774402 98 594 124 622
3 0.774139 124 435 144 462
3 0.769961 101 438 124 469
3 0.763575 125 590 175 620
3 0.762834 101 500 123 531
3 0.757607 100 531 123 562
3 0.742198 63 481 98 506
3 0.737246 262 344 315 378
3 0.715181 62 601 93 625
2 0.708444 261 283 314 317
3 0.692305 145 526 175 555
3 0.63794 262 375 315 409
3 0.619827 262 313 315 348
3 0.601001 47 385 64 413
3 0.578631 100 374 129 406
3 0.578414 124 526 148 556
3 0.562221 67 452 97 480
3 0.556045 61 569 95 599
3 0.540944 102 407 126 437
3 0.530796 126 405 144 434
3 0.528173 335 598 345 623
