2 0.919252 377 404 422 449
2 0.913576 333 405 379 449
2 0.910406 378 360 423 405
2 0.910348 286 493 334 538
2 0.908684 377 449 422 493
2 0.908415 334 361 379 405
2 0.90807 379 318 424 360
2 0.906686 333 449 378 493
2 0.906292 287 449 334 494
2 0.904708 287 405 335 449
2 0.903999 376 537 421 583
2 0.902841 332 537 377 583
2 0.902492 333 493 377 537
2 0.901822 285 538 334 583
2 0.89999 286 583 333 627
2 0.897656 332 583 378 627
2 0.896196 376 493 422 537
2 0.89603 244 583 288 628
2 0.895674 776 563 820 611
2 0.895505 286 360 335 405
2 0.89128 244 538 287 583
2 0.890782 377 583 421 626
2 0.890267 246 450 288 494
2 0.889982 422 358 461 404
2 0.888851 499 577 542 622
2 0.888716 776 609 820 657
2 0.888588 500 487 543 534
2 0.886858 819 608 861 656
2 0.884882 335 318 380 361
2 0.884381 284 318 336 361
2 0.884352 777 517 820 565
2 0.88419 777 471 820 520
2 0.88406 736 429 779 477
2 0.882166 819 515 860 563
2 0.88118 861 606 906 654
2 0.880462 735 611 778 658
2 0.880188 859 468 902 515
2 0.880133 243 358 287 406
2 0.88 777 426 820 474
2 0.879738 902 466 944 513
2 0.879697 500 533 543 578
2 0.879564 244 494 288 538
2 0.879552 245 627 288 671
2 0.879517 860 513 905 562
2 0.878425 861 561 905 607
2 0.877778 421 536 461 582
2 0.877053 819 469 860 517
2 0.877036 245 405 288 450
2 0.877032 819 424 861 471
2 0.876626 735 565 778 612
2 0.875574 460 579 500 624
3 0.874963 1079 493 1127 545
2 0.874865 421 581 461 625
2 0.873044 500 442 542 490
2 0.872295 460 534 500 580
2 0.872082 819 562 861 609
2 0.871874 424 317 462 360
2 0.871407 860 422 902 469
2 0.871317 735 473 779 523
2 0.87007 500 621 541 668
2 0.869359 905 511 944 561
3 0.868044 1001 595 1080 650
2 0.867555 501 310 541 354
2 0.865963 460 356 501 402
2 0.857119 901 421 941 467
2 0.854219 288 627 333 669
2 0.853911 421 625 462 671
3 0.851904 1079 545 1125 597
2 0.849106 1008 340 1079 391
2 0.847688 461 623 500 669
2 0.84564 500 397 542 445
2 0.845387 241 318 285 360
2 0.844214 378 626 421 657
2 0.843723 501 353 542 400
2 0.841201 706 475 738 524
2 0.839031 709 567 736 614
2 0.838796 1007 186 1079 239
2 0.838534 735 519 779 567
3 0.83849 1079 441 1127 493
2 0.838004 1126 237 1200 287
2 0.837804 1126 285 1200 339
2 0.836991 333 626 378 656
2 0.83303 708 613 737 658
2 0.829227 645 476 703 527
2 0.82423 421 491 461 537
3 0.821456 943 559 989 604
2 0.814847 708 521 737 569
2 0.814276 198 583 244 628
2 0.814084 1007 263 1079 340
2 0.813939 582 435 647 483
2 0.813237 538 307 580 353
2 0.811504 422 402 461 448
2 0.808294 583 478 646 528
2 0.807691 460 401 501 447
2 0.805675 542 484 583 531
2 0.804884 459 490 501 535
2 0.801835 542 440 582 487
2 0.794336 460 313 502 358
2 0.79041 1125 82 1200 184
3 0.789462 1005 493 1079 546
2 0.788449 541 351 581 397
2 0.788206 705 431 738 478
2 0.785247 1126 182 1200 239
3 0.784456 1000 648 1081 675
2 0.78155 653 433 702 477
2 0.779369 542 395 581 442
2 0.777748 8 284 78 347
2 0.777547 580 347 615 394
2 0.764874 999 81 1080 184
3 0.764028 943 509 987 558
2 0.759328 1006 287 1079 340
1 0.751889 48 58 89 98
3 0.751255 1003 544 1080 599
3 0.749936 1079 390 1127 442
2 0.74869 777 656 820 675
2 0.748539 421 446 461 493
3 0.732603 943 419 982 465
2 0.715944 203 406 245 450
3 0.71401 1127 494 1199 546
2 0.712207 200 494 244 538
2 0.708511 199 538 244 583
2 0.707751 1008 239 1079 289
2 0.707003 2 507 84 560
3 0.699487 940 650 996 675
3 0.69537 942 604 993 651
2 0.688562 820 655 860 675
3 0.684872 944 466 984 510
2 0.680835 195 629 244 672
2 0.671258 459 444 501 491
3 0.669116 906 652 942 675
1 0.667144 47 100 90 139
3 0.661857 907 559 944 605
3 0.661832 904 374 934 418
3 0.66035 1126 546 1199 598
2 0.657741 738 658 778 675
3 0.656141 1079 339 1126 390
2 0.65327 543 530 583 576
2 0.649968 2 558 87 608
3 0.649263 1127 442 1199 494
2 0.645216 647 539 701 615
2 0.64261 908 605 943 653
2 0.640557 6 357 78 406
2 0.623366 581 390 618 439
3 0.622497 1006 441 1080 494
3 0.615154 1079 597 1125 649
2 0.613475 544 616 582 667
2 0.591965 1078 282 1126 340
3 0.591407 1081 648 1124 675
1 0.578309 171 0 247 25
3 0.565949 907 605 944 651
2 0.559016 1126 339 1200 390
2 0.549931 581 390 646 438
2 0.542797 543 576 582 619
3 0.537781 1080 598 1199 649
3 0.519607 1127 649 1198 675
3 0.517436 1079 184 1126 238
2 0.517216 907 560 944 605
2 0.513973 581 305 614 349
2 0.511522 659 614 701 652
2 0.504804 1079 82 1126 184
