2 0.90705 1335 793 1413 869
2 0.901182 1335 869 1413 951
2 0.893571 1333 1026 1411 1106
2 0.889234 1414 787 1491 865
2 0.886929 1413 1024 1495 1104
2 0.876048 1412 1106 1496 1186
2 0.876045 1334 948 1412 1029
2 0.87564 1414 944 1495 1023
2 0.875441 1414 865 1493 945
2 0.872506 1812 740 1897 824
2 0.871352 1813 826 1900 914
1 0.869294 1816 1260 1903 1343
2 0.868345 1901 911 1982 1000
2 0.864913 1900 823 1979 910
2 0.857868 1333 1106 1411 1186
2 0.857074 887 1106 943 1189
2 0.843743 1412 1186 1497 1263
2 0.838006 1412 1264 1497 1341
2 0.836748 1814 914 1902 1004
3 0.833825 1624 1018 1749 1098
2 0.832726 887 1183 944 1262
2 0.83006 1899 738 1977 821
2 0.829574 692 1099 752 1179
2 0.829447 888 1027 945 1114
2 0.828482 1494 859 1566 939
2 0.827797 1412 1344 1497 1421
2 0.8202 893 800 953 893
3 0.817906 1816 1348 1905 1433
1 0.816877 1905 1177 1986 1260
2 0.808514 689 1179 751 1257
2 0.807704 1494 939 1566 1019
2 0.805909 892 874 952 972
2 0.803787 752 1100 825 1181
2 0.802875 890 953 949 1040
2 0.799373 1493 778 1565 858
2 0.795158 1562 1017 1621 1099
1 0.793986 1906 1261 1986 1340
2 0.788783 1564 933 1620 1015
2 0.788245 688 1256 750 1336
2 0.788076 694 1020 754 1099
2 0.785602 1496 1103 1560 1185
2 0.781811 825 1102 889 1184
3 0.778958 1625 928 1747 1014
2 0.778736 827 1181 889 1262
2 0.776941 1815 1002 1903 1090
2 0.77145 887 1260 945 1338
2 0.768971 827 1260 888 1338
2 0.766711 1495 1020 1563 1101
1 0.766275 1816 1176 1903 1262
2 0.762074 1981 821 2042 909
2 0.758563 1559 1183 1621 1263
2 0.753024 751 1180 827 1259
2 0.75081 1496 1186 1562 1263
1 0.750484 1904 1088 1987 1176
2 0.748609 755 1020 825 1100
2 0.747973 1566 849 1621 933
2 0.746812 1334 1187 1411 1264
3 0.744626 562 945 692 1026
2 0.743354 696 934 757 1019
3 0.740955 1769 879 1814 962
2 0.739819 1561 1101 1622 1184
2 0.73695 1981 737 2043 819
2 0.72902 1133 1035 1166 1114
2 0.727519 1165 873 1248 958
2 0.72232 1165 956 1257 1035
2 0.72072 1980 909 2039 1000
2 0.720586 828 1339 889 1411
2 0.717521 826 1022 890 1105
2 0.714668 1565 765 1622 850
3 0.712857 1766 795 1812 879
2 0.707576 1902 1000 1984 1088
2 0.705834 758 938 827 1020
2 0.685458 696 855 759 938
3 0.68183 1906 1344 1999 1434
2 0.68027 764 783 830 862
2 0.680261 1134 959 1166 1037
3 0.679586 1760 1217 1815 1286
2 0.672286 571 1182 688 1254
2 0.668064 1164 814 1251 894
2 0.664375 828 942 892 1027
3 0.659652 1762 1142 1815 1218
3 0.655983 1161 1114 1246 1190
2 0.651542 1496 1265 1586 1341
2 0.651443 829 861 893 949
3 0.648202 565 867 694 949
3 0.648089 569 786 693 873
3 0.641998 1159 1190 1247 1265
2 0.637893 833 787 894 870
1 0.636715 1984 1090 2036 1177
3 0.636113 1764 961 1814 1032
2 0.632028 1545 1265 1622 1343
3 0.630863 1623 1101 1747 1184
3 0.630537 1497 1345 1616 1425
2 0.626017 1165 813 1251 928
2 0.618867 762 859 827 941
2 0.615409 1624 1101 1747 1184
2 0.615082 695 783 762 859
2 0.609942 887 1340 944 1409
2 0.609903 1165 1035 1250 1113
3 0.598225 1159 1265 1243 1338
3 0.586938 561 1103 689 1183
2 0.572638 1625 843 1743 927
2 0.567788 1623 1266 1743 1345
3 0.552475 1626 1346 1741 1429
2 0.534877 1134 817 1166 887
3 0.525223 559 1026 693 1104
2 0.519916 1131 1113 1165 1189
2 0.509556 1982 999 2037 1087
1 0.503203 1816 1088 1901 1176
