1 0.865005 177 180 235 219
1 0.844641 237 218 297 258
1 0.836746 227 106 287 145
1 0.831425 239 295 304 333
1 0.827645 231 143 291 182
1 0.82674 171 98 228 144
1 0.823974 235 181 293 220
1 0.822426 175 140 232 183
1 0.821788 77 179 178 224
1 0.821521 225 65 286 108
1 0.81838 753 126 785 147
1 0.810848 752 250 782 270
1 0.81079 223 29 284 68
1 0.809653 525 218 558 235
1 0.807083 458 207 493 221
1 0.806145 459 191 495 206
1 0.805964 167 56 226 102
1 0.804012 753 169 784 188
1 0.801528 86 50 168 96
1 0.799521 753 189 784 209
1 0.79933 183 257 237 297
1 0.7981 75 137 175 183
1 0.79686 526 252 559 268
1 0.792367 59 5 165 54
1 0.79218 164 18 224 62
1 0.789727 221 0 283 32
1 0.788838 458 221 492 236
1 0.788496 525 235 559 252
1 0.787115 523 201 557 218
1 0.785718 88 92 172 139
1 0.78374 752 231 782 250
1 0.781043 751 291 783 314
1 0.781003 459 176 497 191
1 0.778715 522 185 557 201
1 0.776102 586 216 611 234
1 0.775999 958 52 973 77
1 0.772731 449 21 471 37
1 0.770318 806 293 841 314
1 0.768326 729 169 750 190
1 0.766538 584 32 611 52
1 0.764492 449 7 470 22
1 0.760548 754 148 784 167
1 0.759477 729 127 751 149
1 0.757783 429 21 449 37
1 0.757379 729 149 751 169
1 0.752444 526 269 559 285
1 0.7508 654 17 679 41
1 0.750275 584 50 610 70
1 0.747995 1101 139 1124 164
1 0.747183 710 151 728 171
1 0.745993 710 191 728 210
1 0.745051 959 30 973 55
1 0.744779 754 83 786 104
1 0.743641 470 9 499 24
1 0.743129 587 251 611 268
1 0.742648 729 190 749 210
1 0.741789 754 63 786 84
1 0.741714 805 250 842 270
1 0.740982 680 129 710 151
1 0.740356 971 58 986 81
1 0.738326 586 69 611 90
1 0.738104 751 270 782 290
1 0.738005 586 234 611 251
1 0.731541 784 292 806 314
1 0.729576 1008 190 1024 210
1 0.727526 710 171 728 191
1 0.725355 650 289 678 309
1 0.724742 500 13 543 31
1 0.724293 433 207 457 221
1 0.723985 584 14 611 34
1 0.723633 679 270 711 288
1 0.72248 586 145 610 162
1 0.722047 471 24 499 40
1 0.721226 429 7 449 22
1 0.720565 750 314 783 342
1 0.720351 753 42 787 64
1 0.720192 433 193 456 206
1 0.718977 179 218 236 259
1 0.718786 586 128 610 145
1 0.717164 752 18 787 43
1 0.716982 568 92 586 112
1 0.715563 806 229 840 248
1 0.714249 680 152 710 172
1 0.712343 806 271 841 292
1 0.711921 1142 300 1200 331
1 0.710964 971 78 985 101
1 0.707974 583 0 611 15
1 0.707126 973 35 988 60
1 0.703766 1180 216 1200 243
1 0.702607 522 168 561 185
1 0.701192 521 131 558 150
1 0.700539 679 192 709 211
1 0.699809 587 198 611 215
1 0.699165 1023 192 1038 210
1 0.69836 586 162 610 181
3 0.698109 142 383 198 442
1 0.696397 587 269 612 286
1 0.695391 1164 0 1200 23
1 0.693605 866 137 887 159
1 0.692304 806 186 843 207
1 0.691567 459 162 498 176
1 0.689781 679 250 710 269
1 0.684237 679 289 712 310
1 0.684226 940 47 958 72
1 0.679635 866 114 887 137
1 0.679562 753 209 783 230
1 0.679403 941 70 957 94
1 0.67924 433 177 456 192
1 0.678452 957 74 971 98
1 0.67837 809 51 843 75
1 0.678156 471 39 500 56
1 0.676907 568 217 586 235
1 0.676736 784 250 806 270
1 0.674511 1095 218 1121 243
1 0.673687 458 236 491 250
1 0.672856 568 286 587 306
1 0.669815 453 85 503 102
1 0.669414 784 270 805 291
1 0.668952 567 146 586 164
1 0.66856 587 88 611 108
1 0.667886 469 0 499 10
1 0.667142 753 0 787 21
1 0.667006 654 0 679 18
1 0.666412 1104 56 1132 84
1 0.665502 990 148 1011 168
1 0.665142 238 256 299 296
3 0.664781 1097 192 1122 217
1 0.664383 806 316 841 342
1 0.663923 1143 272 1200 300
1 0.663314 1161 21 1198 53
1 0.662135 568 74 585 94
1 0.661745 941 24 959 49
1 0.661427 526 285 562 303
1 0.660953 729 211 748 230
1 0.660804 568 129 586 146
1 0.660378 460 280 495 296
1 0.659512 847 250 883 270
1 0.656895 711 129 729 150
1 0.655554 500 0 541 15
1 0.655387 785 229 805 249
3 0.653594 949 228 964 249
1 0.653138 416 84 434 102
1 0.652605 570 235 586 251
1 0.652176 433 83 452 101
1 0.651414 401 193 430 208
1 0.65033 754 104 786 122
1 0.648647 806 164 844 186
1 0.645841 973 13 989 37
1 0.645657 453 70 502 87
1 0.645649 399 163 422 179
1 0.645462 785 187 804 208
1 0.645108 1102 113 1126 138
1 0.644822 470 54 501 71
1 0.642698 568 55 584 76
1 0.642096 399 132 420 149
1 0.640983 1025 134 1039 158
1 0.640126 432 66 450 84
1 0.639599 866 160 887 183
1 0.639354 503 170 521 188
1 0.636052 400 178 427 194
1 0.634807 1123 138 1152 163
1 0.634283 544 77 569 96
1 0.633934 1010 150 1025 170
1 0.633266 430 36 449 52
1 0.629465 846 271 883 294
3 0.629364 1122 191 1149 217
1 0.628732 1104 84 1129 111
1 0.628005 517 46 544 66
1 0.627468 521 150 566 168
1 0.627083 1028 76 1043 98
1 0.626578 415 68 433 85
1 0.626109 1025 152 1039 172
3 0.625853 932 228 950 249
1 0.62158 786 167 805 186
1 0.620381 567 38 584 58
1 0.619551 786 144 805 165
1 0.617048 397 87 416 105
1 0.616844 679 173 710 192
1 0.616617 987 167 1009 189
1 0.615886 434 222 457 236
1 0.614358 808 122 842 142
1 0.612521 867 92 888 114
1 0.612496 431 51 449 68
1 0.612359 729 231 748 250
1 0.611264 654 38 678 60
1 0.61098 889 113 912 136
1 0.610372 1132 54 1158 81
1 0.610222 654 270 678 289
1 0.60968 914 40 927 63
1 0.609411 1011 130 1026 152
1 0.607904 0 36 17 82
1 0.607648 399 148 421 164
1 0.607645 866 183 887 205
1 0.607532 655 58 679 80
1 0.606679 509 29 543 49
3 0.606419 986 208 1007 228
1 0.605318 571 252 587 268
1 0.604385 960 7 973 30
1 0.604251 678 311 714 339
1 0.603976 342 14 357 29
1 0.603023 458 146 499 162
1 0.601604 570 269 587 286
1 0.599213 517 64 544 84
1 0.598896 342 29 358 45
1 0.598475 990 128 1013 150
1 0.598455 567 19 584 40
1 0.597742 459 266 491 280
1 0.596478 888 136 911 159
1 0.595098 588 286 612 306
1 0.595023 1179 243 1200 272
1 0.593399 886 229 906 250
1 0.591631 788 56 808 79
1 0.591461 586 180 610 198
1 0.591118 413 53 432 70
1 0.590933 808 73 842 98
1 0.590585 1009 170 1025 191
1 0.586764 816 229 841 248
1 0.586181 410 22 429 39
1 0.585735 390 14 405 30
1 0.584293 411 37 431 54
1 0.581565 433 162 455 176
1 0.579042 567 199 586 216
1 0.57872 613 251 632 269
1 0.578236 809 98 842 122
1 0.578163 0 78 17 123
1 0.577769 655 77 678 100
1 0.577428 866 205 886 227
1 0.576115 433 146 455 162
3 0.575886 1151 190 1183 218
1 0.57328 887 205 909 227
1 0.572461 1157 78 1192 106
1 0.572375 807 142 843 163
1 0.571953 141 337 194 385
1 0.571168 887 183 909 205
1 0.570065 518 83 543 101
1 0.568635 567 164 586 182
1 0.567718 567 1 584 24
1 0.56764 343 44 359 59
1 0.566458 542 4 572 26
3 0.565476 963 228 980 249
1 0.564815 1126 82 1157 110
1 0.564788 398 103 417 119
1 0.564272 988 187 1008 208
1 0.564102 1121 218 1147 243
3 0.563505 938 137 952 161
3 0.563138 949 248 963 269
1 0.562042 559 252 570 268
1 0.560123 613 288 632 308
1 0.558199 913 63 927 87
1 0.556934 865 228 884 249
3 0.556739 846 294 882 318
1 0.555991 1039 139 1051 157
1 0.555786 403 208 432 223
1 0.55388 729 250 748 269
1 0.55045 888 160 911 182
1 0.549948 987 42 1002 66
1 0.549141 409 8 429 23
1 0.549134 53 103 73 148
1 0.548599 434 100 452 117
3 0.54853 956 96 970 120
1 0.546994 332 24 343 37
1 0.546136 786 208 805 228
1 0.545768 805 208 840 227
1 0.545388 50 59 69 108
1 0.544291 927 19 941 44
1 0.544006 340 0 357 15
1 0.543094 786 124 807 144
1 0.543051 1099 165 1122 189
1 0.541505 914 17 927 40
1 0.540824 612 42 653 65
1 0.540686 1092 244 1119 270
1 0.539905 1015 54 1030 77
3 0.538708 941 92 956 117
1 0.538199 458 251 491 266
1 0.5379 544 95 568 113
1 0.53563 0 159 14 198
1 0.535105 395 71 415 90
1 0.533228 342 17 358 32
1 0.532484 679 115 709 128
1 0.531716 788 35 809 58
1 0.53122 680 50 731 73
1 0.531152 129 259 181 300
1 0.530487 995 108 1013 131
1 0.530406 12 156 29 193
3 0.52925 1118 244 1147 271
1 0.527987 83 218 179 265
1 0.525995 331 11 343 23
1 0.525783 520 99 547 115
1 0.525655 809 30 843 54
1 0.52557 1104 28 1133 57
1 0.523966 655 251 678 269
1 0.523526 1026 115 1040 136
1 0.522103 344 58 360 74
3 0.520674 438 252 458 266
1 0.519861 679 212 711 231
1 0.519627 868 66 888 90
1 0.519454 787 77 808 100
1 0.519284 657 128 679 154
1 0.518115 387 0 402 14
1 0.517369 187 295 238 336
