3 0.882396 340 319 361 333
2 0.877367 182 124 220 147
2 0.875093 182 104 220 126
2 0.868292 358 251 371 265
2 0.867952 180 165 219 190
2 0.867871 182 144 220 168
2 0.865978 339 264 358 277
2 0.858489 338 210 357 224
2 0.85696 218 164 241 187
2 0.856703 338 183 357 197
2 0.856073 359 264 371 278
2 0.854996 338 196 357 211
2 0.853381 358 237 371 251
2 0.851579 370 212 385 228
2 0.851115 241 75 298 100
2 0.850945 357 210 370 225
2 0.849467 339 250 358 264
2 0.849199 357 224 370 238
2 0.848589 338 236 357 250
2 0.846286 338 223 357 237
2 0.844464 361 320 373 333
2 0.843966 357 197 370 212
2 0.842153 182 83 220 106
2 0.840052 242 159 283 186
2 0.83959 370 226 385 241
3 0.839358 339 305 360 319
2 0.837642 370 199 384 215
3 0.836133 338 278 359 291
2 0.835901 219 143 241 165
2 0.833152 219 121 241 144
2 0.832964 242 55 298 79
3 0.828874 372 307 386 320
3 0.82882 338 291 360 305
2 0.817115 369 187 384 202
3 0.816199 372 294 386 307
2 0.810371 361 334 374 348
2 0.809877 241 137 283 163
2 0.808528 357 184 369 198
2 0.808213 166 148 183 169
2 0.80716 220 100 241 123
2 0.804661 241 117 283 141
3 0.795208 372 279 385 294
2 0.784985 167 127 183 148
2 0.78484 168 68 183 87
3 0.772282 256 337 292 360
2 0.764806 241 97 298 120
2 0.760648 168 87 183 107
2 0.758864 371 239 385 253
2 0.756575 357 175 369 186
2 0.738917 166 169 183 190
3 0.730944 259 360 290 381
2 0.72754 338 174 356 185
2 0.725341 369 177 384 189
3 0.723545 240 202 287 225
3 0.716659 254 291 292 314
3 0.716647 241 224 289 247
3 0.703127 372 265 385 279
2 0.682757 183 62 220 86
2 0.673813 219 80 241 103
3 0.664783 254 314 292 337
2 0.662985 359 278 372 292
2 0.653649 371 253 385 266
3 0.644154 341 333 361 348
2 0.635631 282 158 298 181
2 0.634587 362 348 375 362
3 0.633852 385 281 393 294
3 0.627245 243 181 284 203
3 0.626306 373 320 387 333
3 0.609887 228 246 290 269
3 0.59747 252 269 291 290
3 0.596389 342 348 362 362
2 0.596122 167 107 183 128
3 0.548695 360 292 372 306
2 0.548417 283 180 298 201
3 0.54582 386 294 394 308
2 0.541588 384 203 393 217
2 0.528316 182 51 221 67
2 0.51733 372 266 386 280
3 0.501565 228 269 291 291
