2 0.901577 1028 402 1088 450
2 0.900354 1027 450 1085 496
2 0.898186 1031 352 1089 402
2 0.892692 1089 352 1155 402
2 0.890702 724 392 775 434
2 0.889526 676 229 718 261
2 0.888364 775 349 818 393
2 0.887805 870 352 917 398
2 0.887065 775 305 817 348
2 0.885815 775 269 816 305
2 0.88433 776 438 817 480
2 0.883725 1085 402 1153 451
2 0.882064 816 271 869 305
2 0.882043 675 262 719 302
2 0.878361 816 305 870 348
2 0.876788 776 394 818 437
2 0.875681 675 305 720 347
2 0.875578 1082 451 1151 498
3 0.874586 918 272 956 306
2 0.8745 817 350 870 395
2 0.873478 871 273 917 306
2 0.872528 1154 353 1214 403
2 0.871929 1159 305 1218 353
2 0.871293 721 304 774 348
2 0.870788 1092 304 1158 352
2 0.86926 372 235 406 264
2 0.866977 1151 403 1213 452
3 0.866309 454 423 499 463
2 0.865179 722 348 775 392
2 0.864686 871 307 917 350
2 0.863491 375 304 409 342
2 0.863153 817 441 868 484
2 0.861653 373 265 407 302
2 0.86095 817 396 869 441
2 0.859232 382 381 415 417
3 0.856466 727 477 775 517
3 0.854001 416 421 453 460
2 0.853075 379 342 412 379
2 0.852243 407 264 445 302
2 0.851804 867 444 915 489
3 0.851505 676 435 723 477
2 0.850991 1033 305 1091 351
3 0.849869 499 425 538 464
3 0.848293 728 559 776 597
3 0.847965 501 464 538 504
2 0.846443 721 263 774 303
2 0.846067 720 229 775 261
2 0.844496 624 230 672 260
3 0.844099 677 479 724 517
2 0.843168 869 398 916 443
3 0.841244 679 517 725 556
3 0.841053 456 463 500 502
3 0.840144 956 270 1003 306
3 0.839225 733 714 777 751
2 0.839207 626 304 673 346
3 0.83751 730 598 776 636
2 0.836299 955 354 999 402
2 0.835661 408 303 448 342
3 0.835434 776 560 811 599
1 0.834761 475 787 514 823
2 0.834686 1093 269 1158 304
3 0.832767 734 637 777 676
2 0.832438 1148 452 1212 501
3 0.830353 918 308 957 354
3 0.830067 626 432 674 475
3 0.82893 1003 271 1036 305
2 0.828218 358 341 380 378
3 0.827594 504 540 540 578
2 0.827175 952 449 1024 495
3 0.826837 1229 712 1256 744
3 0.826608 733 789 776 825
3 0.826362 675 391 722 433
3 0.825932 734 676 777 714
2 0.825414 625 262 673 301
3 0.82509 727 519 775 558
3 0.823068 917 494 952 539
2 0.822336 953 402 997 449
2 0.820868 816 485 866 529
3 0.818748 1255 715 1280 749
3 0.817555 538 389 603 428
3 0.817088 540 430 620 470
2 0.815478 1025 498 1081 543
2 0.812888 1034 270 1092 304
2 0.812485 1159 270 1221 304
3 0.81202 732 751 777 789
2 0.811629 356 304 377 340
3 0.809778 453 383 498 422
3 0.807202 540 470 623 513
3 0.807083 776 600 810 639
3 0.805674 675 348 722 389
3 0.805327 389 531 422 568
3 0.802614 778 679 809 717
3 0.801364 778 641 809 679
3 0.799815 680 716 725 752
1 0.798953 684 897 728 937
3 0.797557 540 513 621 553
3 0.793512 626 390 674 431
2 0.792686 352 265 375 302
3 0.790802 625 477 676 515
2 0.790783 360 379 383 415
3 0.787574 541 553 621 590
2 0.78709 1277 751 1322 785
3 0.787029 457 501 502 538
2 0.786764 445 263 490 302
3 0.785176 362 417 383 455
1 0.784247 1562 839 1599 871
3 0.7836 514 723 546 758
3 0.782435 917 540 950 584
3 0.779377 1490 758 1521 791
3 0.77855 421 498 457 536
2 0.777767 775 481 816 522
2 0.775654 917 401 954 449
3 0.77532 546 666 624 704
3 0.775083 733 825 776 862
3 0.77172 733 861 777 899
3 0.771254 681 752 726 789
1 0.770928 1558 869 1596 904
3 0.770076 504 578 542 617
3 0.768967 815 529 864 571
3 0.768099 679 559 725 594
3 0.765828 536 347 599 387
2 0.765565 448 303 493 343
3 0.764619 542 591 619 629
3 0.763214 383 420 415 457
3 0.762377 1017 679 1070 720
3 0.762201 472 721 512 757
1 0.761576 683 863 729 900
3 0.758818 1254 747 1278 777
3 0.75695 682 790 727 827
3 0.755208 363 456 383 494
3 0.753461 418 460 455 498
3 0.753151 382 458 418 495
3 0.749492 532 263 601 303
3 0.74718 597 263 625 302
3 0.745323 515 757 546 793
3 0.743436 1016 722 1068 763
3 0.740962 544 631 620 666
3 0.737944 1228 742 1255 773
3 0.736629 1018 635 1075 677
3 0.734314 812 738 854 776
2 0.73431 534 304 596 345
3 0.734246 596 304 626 346
2 0.73292 451 343 496 383
3 0.731844 679 675 726 714
1 0.730883 1522 764 1577 800
3 0.730466 549 777 624 813
2 0.728921 495 344 535 385
3 0.728812 497 386 536 424
3 0.72798 531 232 607 262
2 0.727877 488 232 530 262
3 0.725437 778 716 809 753
3 0.725067 626 745 677 784
2 0.724921 491 303 533 343
3 0.7237 1014 766 1066 805
3 0.722198 1011 848 1060 886
3 0.721078 1021 592 1075 635
2 0.720913 405 234 442 263
3 0.720227 1000 307 1034 353
3 0.720201 547 702 625 740
1 0.719367 1072 684 1129 728
3 0.71889 917 354 956 401
1 0.717927 1567 804 1600 840
3 0.706405 863 581 913 619
3 0.704033 812 776 853 816
3 0.703746 492 303 533 343
2 0.702552 627 348 674 389
3 0.701997 403 773 436 807
3 0.701756 814 616 858 655
3 0.700575 584 389 626 428
1 0.699309 465 614 507 651
3 0.698381 1013 807 1064 845
2 0.69725 956 307 1001 354
3 0.693832 914 585 948 626
3 0.69038 397 672 431 708
3 0.688649 814 694 854 735
3 0.687417 1025 545 1077 589
3 0.683128 431 679 469 712
1 0.683117 813 926 850 956
3 0.681916 678 638 725 674
3 0.681219 624 711 677 746
3 0.681076 814 576 862 614
2 0.680387 775 522 813 560
3 0.679097 778 752 809 790
3 0.678833 1008 888 1058 927
1 0.677743 629 857 682 893
3 0.676105 814 657 855 695
3 0.675089 778 791 809 828
3 0.673588 1279 724 1326 756
3 0.673225 400 740 435 774
1 0.672112 1574 770 1600 808
1 0.671161 852 898 898 936
2 0.670123 566 947 597 988
3 0.668233 679 595 725 635
3 0.668135 624 557 676 591
2 0.66727 489 263 532 302
3 0.665746 866 533 915 579
3 0.66397 1249 802 1274 832
2 0.66083 512 687 546 725
1 0.658579 1247 829 1274 864
3 0.657676 600 389 626 429
1 0.656889 626 810 681 859
3 0.656045 917 448 953 493
3 0.655794 951 496 1026 540
2 0.652123 349 236 372 264
3 0.65146 866 488 915 533
3 0.650483 597 348 626 388
1 0.650268 1446 844 1480 877
1 0.649131 1444 873 1476 907
3 0.648329 733 898 777 939
3 0.647552 406 807 439 839
2 0.646376 414 382 452 420
3 0.643191 399 705 433 741
1 0.637306 479 853 516 889
3 0.631569 396 639 428 673
2 0.627315 599 948 625 992
2 0.627169 510 654 544 690
3 0.626601 423 537 459 574
1 0.625564 812 891 851 927
1 0.622011 1478 850 1510 884
1 0.620755 517 792 547 828
3 0.620264 548 739 625 778
1 0.61977 477 824 515 855
1 0.616435 1076 638 1130 682
1 0.61621 1519 795 1570 833
3 0.61581 623 671 675 710
1 0.615422 1451 814 1483 847
2 0.613927 725 435 775 476
2 0.610371 386 494 420 531
1 0.607907 853 858 899 896
1 0.605745 812 853 852 890
1 0.603419 683 824 729 864
1 0.59992 427 611 464 647
2 0.598141 643 932 679 982
3 0.597528 460 539 503 576
3 0.592578 778 827 810 864
3 0.588182 411 343 451 381
3 0.586058 685 937 726 991
2 0.585384 866 489 915 534
3 0.584367 854 780 900 820
3 0.58422 860 620 912 659
1 0.583955 854 823 899 860
1 0.583015 1437 387 1459 400
3 0.581821 496 344 534 385
1 0.581501 1458 386 1474 399
3 0.580131 507 617 542 656
3 0.579796 775 522 814 560
1 0.579792 1418 386 1437 400
2 0.578785 1402 807 1452 842
3 0.577635 597 231 623 261
1 0.576606 1562 655 1587 680
3 0.572915 428 645 466 680
3 0.568743 434 710 471 750
1 0.567209 1585 402 1600 418
1 0.566209 1251 774 1276 805
3 0.560179 533 304 599 345
3 0.557915 1324 729 1391 764
3 0.556227 913 627 947 667
3 0.554395 627 784 679 819
1 0.554361 1532 375 1553 390
3 0.553553 1323 728 1371 763
3 0.552591 903 835 939 874
1 0.550177 1454 784 1486 817
1 0.550137 1529 411 1546 425
1 0.549002 1489 409 1506 424
2 0.545265 443 233 488 263
1 0.542513 1495 360 1513 375
3 0.541637 391 568 423 604
1 0.538517 1460 361 1476 374
1 0.537636 550 882 621 919
1 0.537084 1510 376 1533 392
1 0.53698 1493 374 1512 390
2 0.536569 917 354 956 402
1 0.533747 1132 684 1194 729
3 0.531514 902 872 938 911
1 0.522691 1560 680 1586 702
1 0.522383 1547 403 1568 419
1 0.521922 1457 400 1472 415
1 0.519752 1404 360 1422 374
3 0.518863 1225 770 1252 800
3 0.517201 410 839 440 873
1 0.517004 1436 400 1457 414
3 0.515078 1485 789 1517 823
1 0.513324 1557 900 1588 937
1 0.511485 1535 359 1553 373
1 0.510666 469 685 512 722
3 0.510094 733 943 775 994
2 0.508868 393 604 425 639
3 0.506713 946 588 990 629
1 0.503691 1317 817 1344 851
1 0.500667 474 755 513 788
1 0.500331 1223 826 1247 857
