2 0.931186 640 855 740 955
2 0.926748 739 853 843 954
2 0.920871 739 754 843 854
2 0.920041 1150 751 1251 855
2 0.918415 641 755 741 856
2 0.917346 639 955 740 1056
2 0.917185 1151 852 1251 956
2 0.916092 1051 753 1151 855
2 0.915965 641 656 743 755
2 0.915342 1582 846 1695 949
2 0.914239 637 1054 741 1155
2 0.914149 739 655 844 754
2 0.913394 1053 854 1152 955
2 0.913374 1692 741 1904 845
2 0.913068 947 954 1054 1055
2 0.912911 739 954 844 1055
2 0.91194 1053 955 1153 1056
2 0.91178 1574 646 1691 749
2 0.911472 642 561 742 656
2 0.91011 948 1055 1054 1152
2 0.909578 1149 652 1250 754
2 0.909006 1575 746 1694 849
2 0.908389 1463 648 1575 750
2 0.907843 351 568 448 668
2 0.907776 1144 559 1248 654
2 0.906931 1349 646 1466 749
2 0.905147 1051 654 1150 755
2 0.904492 1464 849 1583 950
2 0.9041 738 1055 843 1152
2 0.90405 1463 748 1578 850
2 0.903417 350 665 450 765
2 0.902458 842 954 949 1055
2 0.902362 349 764 449 864
2 0.900894 739 560 845 654
2 0.899512 445 1058 548 1157
2 0.899046 1585 948 1697 1052
2 0.897891 1053 1056 1152 1153
2 0.897837 1049 560 1149 655
2 0.897483 1465 1052 1580 1153
2 0.896199 843 853 950 953
2 0.895627 547 1057 640 1155
2 0.894927 1688 641 1906 745
2 0.894445 1464 950 1583 1051
2 0.89242 842 1056 948 1151
2 0.892099 349 862 447 961
2 0.887876 1583 1051 1698 1149
2 0.886835 348 963 448 1063
2 0.886616 348 1064 446 1162
2 0.882427 1152 955 1253 1054
2 0.880062 1694 841 1906 945
2 0.879843 1152 1053 1252 1154
2 0.875584 1252 1053 1354 1149
2 0.869579 641 1156 740 1200
2 0.868883 844 1154 949 1200
2 0.868711 1248 647 1352 749
2 0.865647 1154 1154 1252 1200
2 0.864849 1354 1052 1466 1149
2 0.864305 739 1154 843 1200
2 0.86239 948 1154 1054 1200
2 0.860313 447 758 549 858
2 0.859949 1467 1152 1576 1200
2 0.854789 1250 848 1465 950
2 0.854048 1054 1155 1152 1200
2 0.852625 1695 945 1906 1049
2 0.850252 548 1157 640 1199
2 0.844474 447 1158 549 1200
2 0.842509 1253 1152 1354 1200
2 0.841901 546 756 641 856
2 0.838835 545 957 641 1058
2 0.838307 445 957 548 1060
2 0.833765 1583 1150 1699 1200
2 0.829291 548 658 642 756
2 0.815346 1700 1148 1801 1200
2 0.809439 1355 1152 1467 1200
2 0.808869 1801 1147 1905 1200
2 0.80199 1352 747 1465 849
2 0.791383 950 854 1054 953
2 0.776921 949 653 1053 753
2 0.776649 1248 746 1466 849
2 0.760593 449 659 549 761
2 0.755074 842 558 950 654
2 0.754051 1800 1048 1904 1145
2 0.744923 843 753 949 853
2 0.739921 842 654 948 752
2 0.730359 1896 643 1920 746
2 0.703597 949 558 1053 652
2 0.701691 948 753 1054 854
2 0.691944 1898 744 1920 846
2 0.683744 1901 843 1920 947
2 0.677095 1253 951 1467 1052
2 0.667397 449 565 545 660
2 0.660776 453 658 642 758
2 0.658489 349 1162 448 1200
2 0.648271 843 753 1055 854
2 0.645781 447 856 642 958
2 0.611849 1901 946 1920 1048
2 0.611803 544 563 643 658
2 0.601046 1903 1048 1920 1149
2 0.597635 1244 558 1356 649
2 0.592596 1353 952 1466 1051
2 0.588067 1904 1146 1920 1200
2 0.585431 841 653 1054 752
2 0.581223 1697 1049 1802 1146
2 0.554633 449 563 645 658
2 0.551098 448 955 640 1058
2 0.534719 1249 746 1353 850
2 0.516623 1244 557 1466 650
