3 0.886658 320 368 373 398
3 0.882938 320 396 373 426
3 0.871775 319 426 374 454
3 0.864806 272 370 320 399
3 0.864599 321 341 373 370
3 0.856372 273 344 321 372
3 0.851306 321 314 373 343
3 0.84533 272 397 320 426
3 0.844705 273 318 321 347
3 0.813154 404 200 428 225
3 0.809475 404 175 427 200
3 0.805694 404 226 429 252
3 0.802117 321 287 373 317
3 0.79589 508 393 528 415
3 0.78304 507 414 530 436
3 0.782961 272 426 320 453
3 0.776856 273 293 321 321
3 0.772323 322 170 347 193
3 0.765512 506 372 527 394
3 0.745803 507 434 530 454
3 0.741372 405 252 430 279
3 0.733554 229 373 273 401
3 0.731555 429 226 445 254
3 0.72553 322 212 372 241
3 0.72175 322 261 373 291
3 0.712029 429 200 448 228
3 0.702955 505 352 525 374
3 0.697028 322 236 372 265
3 0.693302 500 274 520 295
3 0.690669 447 366 459 394
3 0.687721 229 348 274 376
3 0.686486 376 424 437 453
3 0.673536 431 280 445 306
3 0.672221 431 253 444 280
3 0.667486 447 338 459 366
3 0.659241 228 399 275 427
3 0.657687 501 293 521 314
3 0.657683 435 365 447 393
3 0.649184 348 166 371 190
3 0.631825 273 269 321 296
3 0.631613 377 335 434 365
3 0.623823 428 176 449 202
3 0.621426 448 395 460 422
3 0.617095 432 307 446 335
3 0.613056 459 423 508 450
3 0.608742 229 322 273 352
3 0.600462 377 306 434 336
3 0.594083 458 395 508 423
3 0.59384 404 151 426 175
3 0.590746 436 394 448 422
3 0.577475 502 313 522 334
3 0.57132 459 370 507 400
3 0.570442 437 423 450 449
3 0.570292 446 311 458 338
3 0.570284 394 394 436 423
3 0.565896 349 189 372 213
3 0.545571 459 343 505 376
3 0.543291 434 335 447 365
3 0.527927 499 255 518 275
3 0.511276 224 298 273 327
3 0.504921 376 364 436 394
3 0.504479 503 332 524 354
