3 0.853039 0 214 36 248
3 0.82054 77 192 115 224
3 0.819946 143 260 181 294
3 0.819785 1 184 44 215
3 0.819172 225 254 237 267
3 0.817667 103 257 143 290
3 0.814165 325 263 346 275
3 0.812391 263 296 289 309
3 0.812332 263 283 289 296
3 0.807172 41 186 80 220
2 0.806876 239 194 253 206
3 0.806789 325 253 345 264
3 0.805846 250 256 263 269
3 0.805661 0 248 29 283
3 0.80457 236 268 250 281
3 0.804387 325 275 346 287
3 0.802589 263 270 288 283
3 0.800467 263 258 287 270
3 0.798371 236 282 250 295
3 0.797953 70 222 108 254
3 0.797609 263 245 287 258
3 0.79677 324 241 344 253
3 0.796619 66 82 101 109
3 0.79587 250 269 263 282
3 0.794506 263 309 289 323
3 0.792733 100 289 140 334
3 0.79226 212 279 225 293
3 0.791743 236 295 249 308
3 0.790738 223 308 235 322
3 0.790291 225 267 236 280
3 0.78875 73 60 106 87
3 0.788242 214 240 226 254
3 0.7871 226 242 237 254
3 0.786229 224 294 236 308
3 0.785888 214 253 225 266
3 0.784309 60 106 96 135
3 0.783891 81 19 111 43
3 0.781135 108 47 139 73
3 0.780665 237 255 250 268
3 0.78008 77 40 110 65
3 0.777187 225 280 236 294
3 0.776298 227 229 238 242
3 0.776041 83 164 119 194
3 0.774689 103 67 135 94
3 0.774041 97 89 131 116
3 0.774028 46 157 85 190
3 0.773638 227 217 238 229
3 0.771283 213 266 225 279
3 0.768799 228 193 239 205
3 0.766344 113 8 146 31
3 0.764912 145 232 183 263
3 0.763126 237 243 251 255
3 0.761835 250 282 263 295
3 0.761291 227 205 238 217
3 0.760423 216 203 227 215
3 0.757211 112 27 143 52
3 0.752155 215 228 226 241
3 0.750776 211 293 224 307
3 0.749202 58 288 102 328
3 0.7491 250 296 263 309
3 0.748525 250 244 263 256
3 0.746086 368 278 389 289
2 0.745027 238 206 252 219
3 0.744716 215 215 227 228
3 0.743468 87 137 123 167
3 0.736616 263 233 286 246
3 0.733617 216 192 228 204
3 0.733382 228 181 239 193
3 0.732332 11 156 51 184
3 0.732151 93 113 127 140
3 0.727723 325 287 347 299
3 0.721936 0 283 22 320
3 0.72135 408 178 420 189
3 0.721149 86 0 116 22
3 0.719538 369 289 389 300
3 0.715569 409 188 421 199
3 0.715456 236 309 249 322
3 0.711058 217 180 228 191
3 0.695935 54 131 90 162
3 0.688815 367 256 388 267
3 0.686003 160 103 194 132
2 0.682404 262 325 286 343
3 0.680271 369 246 387 256
3 0.677396 238 219 251 231
3 0.677281 290 272 309 284
3 0.67386 369 236 385 246
3 0.671803 290 284 308 297
3 0.670232 123 145 156 173
3 0.668187 209 307 223 321
3 0.666065 138 293 180 331
3 0.660171 251 231 263 243
3 0.660083 249 309 263 322
3 0.658857 125 119 159 147
3 0.657175 456 266 476 280
3 0.643747 367 267 389 278
3 0.643176 511 151 537 166
3 0.642669 251 219 263 231
3 0.640484 38 77 71 103
3 0.640206 368 206 382 216
3 0.638995 516 162 540 178
3 0.635234 323 230 344 241
3 0.635203 33 217 73 251
3 0.629111 360 205 368 215
3 0.627475 455 253 476 267
3 0.624956 223 322 235 332
2 0.619096 252 207 263 220
3 0.616033 407 169 419 179
3 0.611536 263 221 286 234
3 0.61128 365 187 379 196
3 0.607811 169 43 199 68
3 0.606651 367 196 381 206
3 0.602175 543 266 570 284
2 0.601698 403 149 415 160
3 0.600884 217 169 229 181
3 0.600702 369 225 385 236
3 0.599798 55 14 84 35
3 0.597292 167 63 197 88
3 0.595232 469 200 498 213
3 0.593361 290 248 308 259
3 0.592824 18 285 59 320
3 0.592616 390 287 411 300
3 0.592419 364 178 376 188
3 0.589724 390 276 411 288
3 0.58947 347 289 368 300
3 0.585187 424 205 435 218
3 0.585121 229 170 239 182
2 0.580189 239 183 252 195
3 0.578716 24 250 66 287
3 0.575914 369 216 384 226
3 0.575305 290 260 309 272
2 0.57015 239 171 251 183
3 0.569722 290 226 307 237
3 0.567004 387 231 415 244
3 0.565578 347 277 367 289
3 0.563495 450 219 468 233
3 0.560389 153 149 190 181
3 0.557482 63 253 104 288
3 0.555209 466 177 493 190
3 0.554195 323 220 344 230
3 0.553486 423 195 434 207
3 0.551585 411 198 423 208
3 0.549371 451 230 471 244
3 0.545631 388 241 417 256
3 0.544988 443 185 463 199
3 0.541236 290 215 306 226
3 0.541209 29 102 64 129
3 0.531239 405 159 417 170
3 0.530887 385 221 414 234
3 0.530595 344 233 361 243
3 0.530457 453 242 473 255
3 0.528178 158 125 191 156
3 0.527181 360 196 367 205
3 0.525868 441 176 460 188
3 0.515196 290 237 307 248
2 0.50817 207 0 222 32
2 0.507664 129 95 161 122
3 0.504148 291 297 308 309
3 0.502065 322 210 343 220
3 0.500755 390 264 409 277
