1 0.877079 333 583 378 599
2 0.872598 237 285 271 301
2 0.868503 237 268 271 285
2 0.867501 237 252 271 270
2 0.858067 237 318 272 335
1 0.857642 333 547 376 564
2 0.857359 237 235 271 253
1 0.855243 165 592 210 610
2 0.854601 237 301 271 318
1 0.849404 78 554 126 573
2 0.847336 237 334 272 351
1 0.845583 127 572 162 589
2 0.844305 272 320 304 337
2 0.841032 238 367 272 384
1 0.838639 43 578 77 597
2 0.838455 237 351 272 368
1 0.836429 333 565 377 582
2 0.83263 272 336 305 354
2 0.832437 304 241 336 258
1 0.832368 128 536 163 553
2 0.832293 306 372 331 389
1 0.830679 127 554 162 571
2 0.829264 238 384 273 402
1 0.825637 77 609 126 626
1 0.825461 126 609 162 626
1 0.823515 308 580 332 597
2 0.822265 303 257 336 275
1 0.821882 45 507 79 526
1 0.821515 80 500 128 519
1 0.821198 164 574 210 591
1 0.82065 79 537 126 555
1 0.820404 126 590 162 608
1 0.817883 43 560 78 579
2 0.816883 306 389 331 406
1 0.814337 333 618 378 626
1 0.812725 44 543 77 561
1 0.812242 45 525 78 543
2 0.809347 276 386 306 404
1 0.808322 308 597 332 615
1 0.806041 46 490 80 509
2 0.804672 272 304 304 321
2 0.804332 273 369 306 387
2 0.803354 280 420 306 438
1 0.799175 78 591 125 609
1 0.798035 79 518 127 537
1 0.797784 78 573 125 591
2 0.797465 238 418 273 436
2 0.794424 272 353 306 370
2 0.793293 306 405 331 422
2 0.789638 132 395 166 411
2 0.788394 238 401 273 419
1 0.781293 308 616 333 626
1 0.77842 42 595 77 614
1 0.778365 128 518 163 536
1 0.775718 333 600 378 618
2 0.775019 306 355 332 372
2 0.775002 304 273 336 291
2 0.773073 278 403 306 421
1 0.767892 48 421 80 441
1 0.766303 47 472 80 492
2 0.763702 304 226 335 242
2 0.762963 237 218 271 236
1 0.761334 47 456 80 475
1 0.75854 307 562 332 580
1 0.756544 165 556 210 573
1 0.755842 48 439 80 457
2 0.754219 331 357 375 375
2 0.753833 307 457 331 474
2 0.750936 166 414 212 432
2 0.749688 306 422 331 439
2 0.748345 272 288 303 304
1 0.747841 129 500 163 517
2 0.742918 306 439 331 457
1 0.741344 49 403 81 424
1 0.739824 211 611 235 626
1 0.739694 164 611 210 626
2 0.737596 331 392 375 409
2 0.734384 238 435 273 453
2 0.733035 131 411 165 429
2 0.731807 272 271 303 288
2 0.731047 134 277 166 293
2 0.73095 132 360 166 377
2 0.726472 166 298 236 315
2 0.719618 271 255 303 272
2 0.718458 213 366 237 383
2 0.71306 305 339 334 356
2 0.712285 133 294 166 309
2 0.709023 331 375 375 392
2 0.699114 131 429 165 446
1 0.698927 42 613 77 626
1 0.694543 81 483 128 501
2 0.691865 280 438 306 455
1 0.690712 82 465 128 484
1 0.686575 31 546 44 562
2 0.679949 272 238 303 256
2 0.678687 132 377 166 394
2 0.677401 303 291 336 308
2 0.675297 166 279 236 299
2 0.673693 133 310 166 326
2 0.673512 134 261 166 276
2 0.670452 213 434 238 451
2 0.665468 132 342 166 360
2 0.665358 280 455 306 472
1 0.665225 380 620 410 626
2 0.663996 212 399 238 417
1 0.662015 83 448 129 466
2 0.65825 331 409 375 425
1 0.658183 37 409 49 425
2 0.65582 212 416 238 434
1 0.651591 31 562 43 579
2 0.650839 166 397 212 415
1 0.650766 333 529 376 546
2 0.638085 280 472 306 490
2 0.635128 213 348 237 366
1 0.626617 379 584 412 600
1 0.621995 237 612 273 626
1 0.621895 36 392 49 409
1 0.617345 37 425 48 442
2 0.610731 238 452 272 470
1 0.608748 35 460 47 477
1 0.606287 49 386 80 407
2 0.606232 304 307 336 324
2 0.600764 134 211 167 227
1 0.598048 165 538 209 555
2 0.596788 134 244 166 260
3 0.593983 98 262 133 277
2 0.592813 213 383 238 399
1 0.588477 379 602 411 619
2 0.585516 307 474 331 491
2 0.585032 376 377 408 394
2 0.584964 238 470 272 487
3 0.584036 98 245 133 262
1 0.583697 211 593 235 611
1 0.578572 52 322 79 341
2 0.562955 132 325 166 344
1 0.561831 165 521 210 538
2 0.560184 237 505 271 523
3 0.558927 166 330 213 348
3 0.558682 213 348 237 366
2 0.557635 99 211 131 230
1 0.541139 84 430 129 449
1 0.527841 36 442 47 460
2 0.519703 273 223 303 240
1 0.515991 307 544 332 562
2 0.51274 134 227 167 244
2 0.505924 238 488 272 505
