2 0.901666 35 386 114 468
2 0.90119 113 393 191 468
2 0.896696 115 304 193 402
2 0.895659 37 299 116 392
2 0.891804 191 411 260 468
2 0.876468 192 316 262 415
2 0.857911 0 307 41 408
2 0.857682 261 426 348 468
2 0.851439 114 220 193 314
2 0.842206 43 215 116 305
2 0.837592 347 430 414 468
2 0.835073 261 255 353 349
2 0.811337 0 398 39 468
2 0.803053 0 226 43 318
2 0.761372 261 338 343 436
2 0.751403 671 426 700 468
2 0.75117 190 241 266 337
2 0.730449 349 348 419 441
2 0.594426 417 445 472 468
2 0.524092 414 362 468 457
