3 0.840051 228 377 279 409
3 0.830114 229 349 281 382
3 0.829926 228 323 281 355
3 0.821666 227 402 279 439
3 0.809801 198 369 228 400
3 0.8007 481 349 504 393
3 0.799103 197 397 227 430
3 0.796557 199 341 228 372
3 0.786956 501 334 526 382
3 0.777554 504 375 529 421
3 0.775468 195 427 225 450
2 0.774204 300 328 330 380
3 0.767649 200 314 228 345
3 0.751959 476 309 500 354
2 0.743393 301 299 330 344
3 0.740548 331 368 357 410
2 0.738671 457 361 484 412
3 0.733051 483 390 507 434
3 0.731707 496 292 521 348
2 0.710493 549 400 562 426
3 0.708408 436 187 462 210
3 0.707526 400 368 418 408
3 0.701801 434 208 460 233
3 0.696803 508 416 533 450
2 0.671989 210 155 273 213
2 0.667596 540 406 552 431
2 0.66429 301 270 330 319
3 0.660793 416 354 436 398
2 0.655314 568 392 579 418
3 0.649601 225 429 277 450
2 0.645865 560 394 571 421
3 0.639185 331 405 357 439
3 0.639085 401 401 420 446
2 0.633723 359 376 400 436
3 0.620565 438 143 459 169
2 0.610322 571 412 582 436
3 0.599899 288 275 301 307
3 0.58354 286 301 301 334
3 0.578347 163 263 175 288
2 0.56906 301 248 328 296
3 0.566379 287 381 301 417
3 0.562946 287 353 302 387
2 0.557028 434 321 479 380
2 0.555741 552 421 564 443
3 0.55362 289 412 301 442
3 0.55141 489 428 509 450
3 0.533554 419 390 437 434
3 0.532578 329 302 357 352
3 0.532504 441 165 459 190
3 0.53063 421 430 438 450
3 0.528009 279 388 290 420
2 0.526552 576 384 588 412
3 0.525967 431 122 458 149
2 0.50619 563 416 574 439
