3 0.891293 138 311 247 370
3 0.869043 31 334 85 365
3 0.849165 81 317 141 367
2 0.840298 153 216 201 266
3 0.821636 22 305 46 335
3 0.820866 12 335 36 363
2 0.798914 119 231 154 277
2 0.790613 125 197 159 238
3 0.764146 39 299 90 335
3 0.751922 246 304 321 367
2 0.742 29 280 51 308
2 0.735025 201 202 258 265
2 0.714077 258 147 311 201
3 0.713986 109 273 149 320
2 0.609261 379 214 397 253
2 0.581984 317 197 347 257
2 0.572956 201 154 256 207
2 0.565496 364 200 380 242
2 0.564497 258 188 316 252
2 0.552109 72 245 98 269
3 0.514138 251 250 313 306
2 0.513729 153 174 205 222
