2 0.900707 230 330 298 377
2 0.879983 232 377 297 423
2 0.879158 296 331 339 377
2 0.875566 298 378 340 423
2 0.87266 418 339 473 381
2 0.867348 226 425 298 523
2 0.852123 475 382 518 430
2 0.837992 471 343 517 383
1 0.780478 168 139 208 158
2 0.773925 230 285 296 326
1 0.770187 173 77 211 93
1 0.768964 168 155 208 176
1 0.762575 169 123 209 141
1 0.758486 174 60 211 78
1 0.742698 170 107 210 125
2 0.740173 296 427 429 521
1 0.736009 172 92 210 109
2 0.735778 296 286 339 332
1 0.719897 175 46 211 63
2 0.68852 421 382 477 428
1 0.646364 211 41 241 58
1 0.636878 211 56 241 74
2 0.635791 592 370 609 409
2 0.629579 425 428 484 516
2 0.629173 157 281 230 324
1 0.628287 168 173 208 193
1 0.621425 332 0 350 11
2 0.60488 573 364 596 404
2 0.592617 230 240 296 282
2 0.537677 160 243 231 281
2 0.510907 597 406 614 438
1 0.510407 334 11 350 25
1 0.501131 208 155 233 174
