2 0.906101 1533 480 1613 519
2 0.906093 1533 520 1613 559
2 0.905643 599 587 707 623
2 0.904615 1533 598 1613 636
2 0.904418 1791 632 1872 671
3 0.893836 943 687 1011 726
3 0.890338 1710 711 1791 751
2 0.88831 707 621 781 657
2 0.886884 1533 560 1613 598
2 0.885704 1128 575 1206 612
2 0.885579 1707 476 1790 516
3 0.883672 1710 789 1791 830
3 0.882828 706 695 780 732
2 0.882679 598 622 707 659
3 0.882312 337 740 409 776
3 0.881989 868 765 942 803
3 0.881467 1709 751 1791 790
2 0.880567 709 546 782 586
2 0.880367 170 528 239 565
3 0.879312 1709 672 1791 711
3 0.879311 942 725 1009 765
2 0.876814 171 600 239 636
2 0.876709 944 613 1017 651
2 0.876509 26 571 95 606
2 0.876093 100 501 170 533
2 0.875498 708 586 781 622
2 0.874631 1790 592 1872 632
3 0.873019 1012 646 1107 685
3 0.87224 870 653 944 690
2 0.871988 710 506 782 546
3 0.871432 942 802 1009 841
2 0.87102 1791 552 1872 592
2 0.87044 171 671 235 707
2 0.870433 871 471 944 505
3 0.870221 942 764 1008 803
2 0.870044 943 498 1020 538
2 0.869745 170 498 239 531
3 0.868764 869 689 944 727
2 0.868759 1708 595 1791 633
2 0.868752 1343 603 1417 642
2 0.868434 944 576 1018 614
3 0.868028 868 727 943 766
3 0.867571 1338 718 1419 758
3 0.867535 706 732 780 770
2 0.867531 1708 516 1790 556
3 0.867358 1009 684 1107 722
3 0.867224 868 803 943 842
2 0.867187 1791 710 1870 750
2 0.864896 1872 589 1908 630
2 0.863934 171 634 239 672
2 0.862603 870 618 945 654
2 0.862562 870 542 944 581
2 0.862374 1708 556 1790 595
2 0.861547 870 504 944 543
3 0.860492 706 769 780 806
3 0.860224 1535 754 1614 792
3 0.858983 867 878 943 916
3 0.858813 867 841 943 880
2 0.858812 94 603 170 639
2 0.857934 870 580 945 618
2 0.857027 1871 472 1906 510
3 0.856061 941 877 1010 917
2 0.85537 1613 597 1708 635
3 0.855304 941 840 1009 879
2 0.854441 1613 477 1708 519
2 0.854076 1871 512 1906 550
2 0.85199 95 568 170 604
2 0.851859 1128 537 1207 575
3 0.851606 337 777 408 812
2 0.851553 1613 559 1708 598
3 0.85116 942 916 1011 955
2 0.851041 170 563 239 602
2 0.850849 97 532 170 568
3 0.849144 944 650 1014 688
2 0.848947 944 537 1019 578
2 0.848588 1791 671 1872 710
2 0.848514 1613 518 1708 559
2 0.846981 1872 551 1907 589
3 0.846698 1792 789 1867 830
3 0.846504 1009 722 1108 760
3 0.845302 707 657 780 694
2 0.844859 1790 513 1871 553
3 0.844683 707 805 779 844
2 0.843942 340 597 411 633
3 0.842911 1009 796 1107 835
2 0.841847 26 606 93 641
2 0.841352 340 561 410 598
3 0.839737 1009 759 1107 797
3 0.837708 168 743 227 781
3 0.836766 1535 716 1614 754
2 0.83664 548 550 600 588
3 0.836006 95 744 167 780
3 0.835805 1338 757 1419 797
2 0.835804 339 633 411 668
2 0.834031 1790 473 1870 513
2 0.833863 94 638 171 674
2 0.833493 547 588 600 625
2 0.831288 599 548 708 587
2 0.830932 95 673 170 709
2 0.830841 600 510 708 549
3 0.830413 1613 674 1710 714
2 0.828122 1343 564 1417 603
3 0.827781 779 806 814 844
3 0.824491 776 843 814 880
3 0.823501 1794 829 1867 870
3 0.822674 1613 714 1710 753
3 0.821697 95 709 168 744
3 0.821444 640 731 706 768
3 0.819459 1613 753 1710 793
3 0.819271 708 843 778 880
3 0.817563 1613 635 1709 674
3 0.813523 1009 833 1108 875
2 0.812086 1417 523 1492 562
2 0.810609 1792 750 1868 790
3 0.810475 866 916 943 952
3 0.808256 781 731 814 769
2 0.80584 549 513 602 550
3 0.804773 1110 684 1206 723
2 0.804564 1343 526 1417 564
2 0.803874 943 471 1021 501
3 0.803001 640 767 707 805
3 0.800938 780 769 813 806
2 0.800149 26 641 93 677
2 0.799157 0 643 26 678
3 0.799155 1533 637 1612 675
2 0.798133 1340 488 1417 527
2 0.79652 542 625 599 662
2 0.796059 1341 641 1418 680
3 0.795679 1869 709 1910 748
2 0.793224 285 596 339 632
3 0.792765 1709 634 1790 672
3 0.792725 1339 797 1414 836
2 0.789731 1495 522 1532 560
3 0.789554 1867 748 1910 787
3 0.789329 642 694 706 732
3 0.788587 531 737 573 774
2 0.787781 0 607 26 642
2 0.786133 781 622 816 657
2 0.784488 781 584 817 622
3 0.784377 775 881 814 917
3 0.782637 1866 787 1910 826
3 0.781675 781 693 815 731
2 0.780071 338 669 411 703
3 0.77869 169 707 229 744
3 0.776874 599 657 707 695
3 0.776048 1419 755 1499 793
2 0.768131 1128 500 1207 538
2 0.765767 1871 670 1911 709
2 0.761508 1128 611 1205 647
3 0.758597 97 780 168 813
3 0.75804 1124 647 1206 684
2 0.757322 1417 562 1490 601
3 0.755503 529 774 574 810
3 0.755484 1797 909 1866 949
3 0.752769 1613 793 1709 832
3 0.746804 1711 830 1792 869
3 0.746621 640 803 707 841
2 0.745666 1417 600 1491 640
2 0.744654 287 525 340 561
3 0.743372 639 840 707 877
2 0.739811 1016 574 1110 611
3 0.739188 252 738 326 776
3 0.738901 598 769 642 806
3 0.737557 1339 680 1418 719
3 0.736476 781 657 816 692
2 0.736237 28 534 98 570
2 0.735406 782 505 815 545
3 0.733831 1341 835 1401 875
2 0.730402 782 545 816 584
2 0.727635 34 502 100 535
2 0.726779 244 632 338 668
3 0.724606 1536 792 1613 828
3 0.7219 1010 873 1078 914
3 0.720185 1867 827 1911 867
2 0.718443 287 560 340 597
3 0.713165 1109 877 1205 915
3 0.712891 1106 723 1207 762
3 0.712573 170 780 227 814
2 0.712352 1534 637 1612 676
3 0.711513 1867 868 1910 908
2 0.710802 532 662 580 700
2 0.703374 339 526 409 562
2 0.703141 428 637 458 673
2 0.699697 338 704 410 739
3 0.695419 571 735 601 774
2 0.692347 243 668 338 703
3 0.692195 252 775 316 811
3 0.683463 1112 915 1204 953
2 0.683366 0 573 27 607
3 0.681529 1107 762 1207 800
3 0.677239 0 712 22 747
3 0.677192 42 711 91 745
3 0.676087 0 748 20 784
2 0.674508 1015 611 1109 647
3 0.673248 1107 837 1208 878
3 0.663671 1871 631 1909 669
2 0.662471 430 568 460 604
3 0.661538 598 733 643 772
3 0.659993 637 877 703 916
2 0.651759 409 566 430 602
2 0.648148 429 603 460 637
2 0.647024 1418 640 1479 678
2 0.64661 1495 560 1532 599
2 0.643098 238 597 286 632
3 0.642058 253 704 332 738
3 0.636847 55 745 90 780
3 0.632977 1136 952 1203 986
2 0.631206 1128 464 1207 498
3 0.62943 598 694 651 734
3 0.628937 573 697 601 736
2 0.626967 341 492 410 525
3 0.625761 337 813 406 845
3 0.621932 1010 874 1108 914
2 0.621849 239 526 289 562
2 0.618702 0 536 27 572
3 0.611174 1418 715 1496 756
2 0.609589 1207 578 1263 615
3 0.609413 1420 792 1499 830
3 0.607258 1499 755 1536 791
2 0.600207 429 672 459 704
2 0.599612 1535 675 1613 716
2 0.590692 409 601 430 635
3 0.581642 1019 497 1094 536
1 0.581001 227 846 258 878
2 0.577853 0 678 26 712
3 0.577026 0 784 20 819
2 0.575678 1870 441 1905 471
3 0.571457 1107 723 1153 762
3 0.567724 572 773 600 808
3 0.56607 1866 907 1909 948
2 0.56315 1205 614 1263 649
3 0.56175 572 661 601 699
3 0.56019 599 805 642 841
3 0.558273 1156 762 1207 800
2 0.557106 1017 536 1091 575
3 0.546464 1107 761 1155 799
2 0.545287 1417 599 1533 639
3 0.544169 1108 877 1167 916
2 0.541986 239 560 282 597
2 0.5405 551 486 602 513
3 0.540078 1335 453 1414 488
3 0.537805 1795 869 1866 909
3 0.536675 1107 647 1182 684
3 0.53528 600 548 709 586
3 0.527382 312 738 337 776
2 0.524347 239 494 288 527
3 0.521977 1156 799 1207 838
3 0.519035 1866 948 1908 984
3 0.518855 1152 723 1208 762
2 0.512371 1416 485 1492 525
3 0.509525 1495 450 1532 483
2 0.500816 409 635 430 670
2 0.500595 1494 483 1532 521
