3 0.906794 301 200 375 246
3 0.90185 376 191 456 238
3 0.900527 447 24 515 68
3 0.892866 454 143 521 188
3 0.892355 299 160 373 207
3 0.89229 297 50 370 94
3 0.886303 298 124 372 169
3 0.882852 377 233 458 278
3 0.880053 451 103 518 149
3 0.876707 459 227 525 271
3 0.876661 461 272 526 313
3 0.875667 373 152 454 200
3 0.87461 449 62 517 109
3 0.873174 72 79 122 134
2 0.871127 531 224 560 267
3 0.869771 456 186 521 230
3 0.869004 259 171 299 211
3 0.868846 301 241 377 281
3 0.864299 299 87 370 131
3 0.862001 372 112 452 161
2 0.858201 535 267 564 311
2 0.856117 524 141 552 182
3 0.853914 403 35 448 75
3 0.851818 70 116 121 170
3 0.850096 379 276 460 315
3 0.846706 258 135 298 174
2 0.833724 528 180 556 224
3 0.83285 36 106 71 152
3 0.822269 72 42 123 97
3 0.815276 161 115 229 155
3 0.806337 37 64 72 113
3 0.804753 36 147 69 190
3 0.795198 10 100 37 142
3 0.794581 230 194 259 231
3 0.794544 160 80 229 119
3 0.792539 370 45 404 80
3 0.787059 259 210 301 251
2 0.776469 539 311 567 347
3 0.773518 370 73 450 120
3 0.773386 37 27 73 73
3 0.769498 70 156 119 204
2 0.768485 518 59 547 100
3 0.754025 160 148 230 189
3 0.75293 563 270 583 315
3 0.748748 161 222 229 263
3 0.734308 409 316 463 349
3 0.723923 464 315 533 348
3 0.71054 159 186 230 223
2 0.696641 644 339 675 361
3 0.686176 70 198 115 233
3 0.680704 521 100 549 142
3 0.658565 254 21 297 56
3 0.655484 230 157 258 193
3 0.644301 553 153 575 203
3 0.631725 8 139 37 184
3 0.62943 257 60 297 99
3 0.56672 549 111 567 160
3 0.529318 565 314 583 345
3 0.523522 39 190 68 219
3 0.514647 230 231 259 265
